##NAMES=Allactite
##RRUFFID=R070175
##IDEAL CHEMISTRY=Mn^2+^_7_(As^5+^O_4_)_2_(OH)_8_
##LOCALITY=Langban, Filipstad, Varmland, Sweden
##OWNER=Michael Scott
##SOURCE=Michael Scott
##DESCRIPTION=Brownish red vitreous massive
##STATUS=The identification of this mineral has been confirmed by X-ray diffraction and chemical analysis
##URL=rruff.info/R070175
##MEASURED CHEMISTRY=(Mn_6.85_Mg_0.10_Ca_0.05_)_Σ=7_(As_1.00_O_4_)_2_(OH)_8_ ;to (Mn_6.75_Mg_0.19_Ca_0.16_)_Σ=7_(As_1.00_O_4_)_2_(OH)_8_
3.741225e+002, 1.615747e-001
3.760510e+002, 1.635992e-001
3.779795e+002, 1.590764e-001
3.799079e+002, 1.392307e-001
3.818364e+002, 1.288529e-001
3.837649e+002, 1.247207e-001
3.856933e+002, 1.256814e-001
3.876218e+002, 1.265590e-001
3.895503e+002, 1.274417e-001
3.914787e+002, 1.350577e-001
3.934072e+002, 1.429622e-001
3.953357e+002, 1.502703e-001
3.972641e+002, 1.635951e-001
3.991926e+002, 1.739025e-001
4.011211e+002, 1.863581e-001
4.030495e+002, 1.950408e-001
4.049780e+002, 2.020478e-001
4.069065e+002, 2.080403e-001
4.088349e+002, 2.047237e-001
4.107634e+002, 2.023799e-001
4.126919e+002, 2.034294e-001
4.146203e+002, 2.050360e-001
4.165488e+002, 2.051210e-001
4.184773e+002, 2.058155e-001
4.204057e+002, 2.058041e-001
4.223342e+002, 2.051446e-001
4.242627e+002, 2.043260e-001
4.261911e+002, 2.019235e-001
4.281196e+002, 1.977715e-001
4.300481e+002, 1.904134e-001
4.319765e+002, 1.846282e-001
4.339050e+002, 1.783959e-001
4.358335e+002, 1.696705e-001
4.377619e+002, 1.623246e-001
4.396904e+002, 1.558467e-001
4.416189e+002, 1.475039e-001
4.435473e+002, 1.388614e-001
4.454758e+002, 1.303906e-001
4.474043e+002, 1.207593e-001
4.493327e+002, 1.107294e-001
4.512612e+002, 1.010010e-001
4.531897e+002, 9.175307e-002
4.551181e+002, 8.499302e-002
4.570466e+002, 7.971822e-002
4.589751e+002, 7.436266e-002
4.609035e+002, 6.975630e-002
4.628320e+002, 6.627420e-002
4.647605e+002, 6.336269e-002
4.666889e+002, 6.183714e-002
4.686174e+002, 6.069119e-002
4.705459e+002, 5.951033e-002
4.724743e+002, 5.874832e-002
4.744028e+002, 5.755341e-002
4.763313e+002, 5.567883e-002
4.782597e+002, 5.322935e-002
4.801882e+002, 5.030914e-002
4.821167e+002, 4.742928e-002
4.840451e+002, 4.444909e-002
4.859736e+002, 4.087982e-002
4.879021e+002, 3.801945e-002
4.898305e+002, 3.554662e-002
4.917590e+002, 3.335490e-002
4.936875e+002, 3.161422e-002
4.956159e+002, 3.014594e-002
4.975444e+002, 2.843540e-002
4.994729e+002, 2.696053e-002
5.014013e+002, 2.597431e-002
5.033298e+002, 2.521792e-002
5.052583e+002, 2.474904e-002
5.071867e+002, 2.437745e-002
5.091152e+002, 2.358031e-002
5.110437e+002, 2.273096e-002
5.129721e+002, 2.233532e-002
5.149006e+002, 2.205937e-002
5.168290e+002, 2.222067e-002
5.187575e+002, 2.236984e-002
5.206860e+002, 2.256806e-002
5.226144e+002, 2.279274e-002
5.245429e+002, 2.261496e-002
5.264714e+002, 2.259273e-002
5.283998e+002, 2.301747e-002
5.303283e+002, 2.330750e-002
5.322568e+002, 2.344380e-002
5.341852e+002, 2.373820e-002
5.361137e+002, 2.383307e-002
5.380422e+002, 2.402701e-002
5.399706e+002, 2.462486e-002
5.418991e+002, 2.494162e-002
5.438276e+002, 2.544504e-002
5.457560e+002, 2.615608e-002
5.476845e+002, 2.663274e-002
5.496130e+002, 2.703630e-002
5.515414e+002, 2.803063e-002
5.534699e+002, 2.923619e-002
5.553984e+002, 2.964783e-002
5.573268e+002, 3.028355e-002
5.592553e+002, 3.110124e-002
5.611838e+002, 3.190466e-002
5.631122e+002, 3.331970e-002
5.650407e+002, 3.471551e-002
5.669692e+002, 3.569303e-002
5.688976e+002, 3.720624e-002
5.708261e+002, 3.902355e-002
5.727546e+002, 4.098342e-002
5.746830e+002, 4.299901e-002
5.766115e+002, 4.502954e-002
5.785400e+002, 4.711575e-002
5.804684e+002, 4.906598e-002
5.823969e+002, 5.095901e-002
5.843254e+002, 5.268481e-002
5.862538e+002, 5.397822e-002
5.881823e+002, 5.492337e-002
5.901108e+002, 5.604843e-002
5.920392e+002, 5.783027e-002
5.939677e+002, 5.973500e-002
5.958962e+002, 6.170047e-002
5.978246e+002, 6.397467e-002
5.997531e+002, 6.688092e-002
6.016816e+002, 7.040744e-002
6.036100e+002, 7.457445e-002
6.055385e+002, 7.903793e-002
6.074670e+002, 8.342732e-002
6.093954e+002, 8.837956e-002
6.113239e+002, 9.414206e-002
6.132524e+002, 1.001359e-001
6.151808e+002, 1.060840e-001
6.171093e+002, 1.121637e-001
6.190378e+002, 1.180033e-001
6.209662e+002, 1.232866e-001
6.228947e+002, 1.277276e-001
6.248232e+002, 1.308234e-001
6.267516e+002, 1.320637e-001
6.286801e+002, 1.317092e-001
6.306086e+002, 1.302081e-001
6.325370e+002, 1.279890e-001
6.344655e+002, 1.254516e-001
6.363940e+002, 1.228360e-001
6.383224e+002, 1.207004e-001
6.402509e+002, 1.190537e-001
6.421794e+002, 1.178985e-001
6.441078e+002, 1.177478e-001
6.460363e+002, 1.179244e-001
6.479648e+002, 1.179875e-001
6.498932e+002, 1.180554e-001
6.518217e+002, 1.179424e-001
6.537502e+002, 1.174620e-001
6.556786e+002, 1.164795e-001
6.576071e+002, 1.150646e-001
6.595356e+002, 1.129307e-001
6.614641e+002, 1.103335e-001
6.633925e+002, 1.074166e-001
6.653210e+002, 1.040339e-001
6.672495e+002, 1.007613e-001
6.691779e+002, 9.726234e-002
6.711064e+002, 9.381024e-002
6.730349e+002, 9.088499e-002
6.749633e+002, 8.803852e-002
6.768918e+002, 8.574580e-002
6.788203e+002, 8.419967e-002
6.807487e+002, 8.305815e-002
6.826772e+002, 8.228957e-002
6.846057e+002, 8.190461e-002
6.865341e+002, 8.204091e-002
6.884626e+002, 8.281850e-002
6.903911e+002, 8.409083e-002
6.923195e+002, 8.592103e-002
6.942480e+002, 8.791684e-002
6.961765e+002, 9.021276e-002
6.981049e+002, 9.294431e-002
7.000334e+002, 9.613004e-002
7.019619e+002, 9.998035e-002
7.038903e+002, 1.040632e-001
7.058188e+002, 1.083127e-001
7.077473e+002, 1.129969e-001
7.096757e+002, 1.181697e-001
7.116042e+002, 1.236627e-001
7.135327e+002, 1.296197e-001
7.154611e+002, 1.360012e-001
7.173896e+002, 1.426379e-001
7.193181e+002, 1.496416e-001
7.212465e+002, 1.568473e-001
7.231750e+002, 1.642250e-001
7.251035e+002, 1.715960e-001
7.270319e+002, 1.788864e-001
7.289604e+002, 1.860388e-001
7.308889e+002, 1.931147e-001
7.328173e+002, 2.000732e-001
7.347458e+002, 2.064001e-001
7.366743e+002, 2.125233e-001
7.386027e+002, 2.184995e-001
7.405312e+002, 2.235388e-001
7.424597e+002, 2.279101e-001
7.443881e+002, 2.315749e-001
7.463166e+002, 2.340878e-001
7.482451e+002, 2.348341e-001
7.501735e+002, 2.339620e-001
7.521020e+002, 2.310458e-001
7.540305e+002, 2.254769e-001
7.559589e+002, 2.175535e-001
7.578874e+002, 2.081593e-001
7.598159e+002, 1.977989e-001
7.617443e+002, 1.868800e-001
7.636728e+002, 1.756611e-001
7.656013e+002, 1.642337e-001
7.675297e+002, 1.525631e-001
7.694582e+002, 1.408274e-001
7.713867e+002, 1.295026e-001
7.733151e+002, 1.190087e-001
7.752436e+002, 1.098019e-001
7.771721e+002, 1.022998e-001
7.791005e+002, 9.661358e-002
7.810290e+002, 9.286328e-002
7.829575e+002, 9.099901e-002
7.848859e+002, 9.105258e-002
7.868144e+002, 9.289870e-002
7.887429e+002, 9.641565e-002
7.906713e+002, 1.013408e-001
7.925998e+002, 1.079115e-001
7.945283e+002, 1.165723e-001
7.964567e+002, 1.275683e-001
7.983852e+002, 1.408483e-001
8.003137e+002, 1.560569e-001
8.022421e+002, 1.727092e-001
8.041706e+002, 1.899376e-001
8.060991e+002, 2.064664e-001
8.080275e+002, 2.201717e-001
8.099560e+002, 2.299243e-001
8.118845e+002, 2.353744e-001
8.138129e+002, 2.368694e-001
8.157414e+002, 2.357698e-001
8.176699e+002, 2.341511e-001
8.195983e+002, 2.329914e-001
8.215268e+002, 2.315180e-001
8.234553e+002, 2.287074e-001
8.253837e+002, 2.237551e-001
8.273122e+002, 2.168175e-001
8.292407e+002, 2.092523e-001
8.311691e+002, 2.031403e-001
8.330976e+002, 2.002001e-001
8.350261e+002, 2.004107e-001
8.369545e+002, 2.014509e-001
8.388830e+002, 2.004523e-001
8.408115e+002, 1.973833e-001
8.427399e+002, 1.941543e-001
8.446684e+002, 1.938159e-001
8.465969e+002, 1.978795e-001
8.485253e+002, 2.054855e-001
8.504538e+002, 2.144930e-001
8.523823e+002, 2.225430e-001
8.543107e+002, 2.273445e-001
8.562392e+002, 2.271717e-001
8.581677e+002, 2.217364e-001
8.600961e+002, 2.123305e-001
8.620246e+002, 2.010409e-001
8.639531e+002, 1.897387e-001
8.658815e+002, 1.791113e-001
8.678100e+002, 1.697957e-001
8.697385e+002, 1.619929e-001
8.716669e+002, 1.552862e-001
8.735954e+002, 1.489373e-001
8.755239e+002, 1.426056e-001
8.774523e+002, 1.358432e-001
8.793808e+002, 1.282415e-001
8.813093e+002, 1.197026e-001
8.832377e+002, 1.107176e-001
8.851662e+002, 1.014691e-001
8.870947e+002, 9.213030e-002
8.890231e+002, 8.319797e-002
8.909516e+002, 7.479385e-002
8.928801e+002, 6.710363e-002
8.948085e+002, 6.025328e-002
8.967370e+002, 5.425107e-002
8.986655e+002, 4.933677e-002
9.005939e+002, 4.568260e-002
9.025224e+002, 4.288470e-002
9.044509e+002, 4.116017e-002
9.063793e+002, 4.025779e-002
9.083078e+002, 3.994418e-002
9.102363e+002, 4.003155e-002
9.121647e+002, 3.993590e-002
9.140932e+002, 3.939524e-002
9.160217e+002, 3.868430e-002
9.179501e+002, 3.775555e-002
9.198786e+002, 3.635733e-002
9.218071e+002, 3.458495e-002
9.237355e+002, 3.271189e-002
9.256640e+002, 3.097846e-002
9.275925e+002, 2.912703e-002
9.295209e+002, 2.722916e-002
9.314494e+002, 2.557254e-002
9.333779e+002, 2.414965e-002
9.353063e+002, 2.291737e-002
9.372348e+002, 2.175613e-002
9.391633e+002, 2.061034e-002
9.410917e+002, 1.963328e-002
9.430202e+002, 1.875827e-002
9.449487e+002, 1.789646e-002
9.468771e+002, 1.723697e-002
9.488056e+002, 1.670550e-002
9.507341e+002, 1.613612e-002
9.526625e+002, 1.557753e-002
9.545910e+002, 1.510956e-002
9.565195e+002, 1.477129e-002
9.584479e+002, 1.445983e-002
9.603764e+002, 1.422801e-002
9.623049e+002, 1.408677e-002
9.642333e+002, 1.401827e-002
9.661618e+002, 1.402869e-002
9.680903e+002, 1.401145e-002
9.700187e+002, 1.400780e-002
9.719472e+002, 1.414886e-002
9.738757e+002, 1.429297e-002
9.758041e+002, 1.464252e-002
9.777326e+002, 1.497073e-002
9.796611e+002, 1.529421e-002
9.815895e+002, 1.573090e-002
9.835180e+002, 1.650539e-002
9.854465e+002, 1.737610e-002
9.873749e+002, 1.818614e-002
9.893034e+002, 1.925090e-002
9.912319e+002, 2.046682e-002
9.931603e+002, 2.172808e-002
9.950888e+002, 2.322009e-002
9.970173e+002, 2.498806e-002
9.989457e+002, 2.686276e-002
1.000874e+003, 2.864374e-002
1.002803e+003, 3.024852e-002
1.004731e+003, 3.154433e-002
1.006660e+003, 3.243707e-002
1.008588e+003, 3.249857e-002
1.010517e+003, 3.180883e-002
1.012445e+003, 3.073219e-002
1.014373e+003, 2.935163e-002
1.016302e+003, 2.763246e-002
1.018230e+003, 2.562439e-002
1.020159e+003, 2.371337e-002
1.022087e+003, 2.193069e-002
1.024016e+003, 2.018278e-002
1.025944e+003, 1.877816e-002
1.027873e+003, 1.776504e-002
1.029801e+003, 1.677117e-002
1.031730e+003, 1.574376e-002
1.033658e+003, 1.478806e-002
1.035587e+003, 1.405339e-002
1.037515e+003, 1.344690e-002
1.039443e+003, 1.283848e-002
1.041372e+003, 1.236156e-002
1.043300e+003, 1.198794e-002
1.045229e+003, 1.166134e-002
1.047157e+003, 1.136350e-002
1.049086e+003, 1.113277e-002
1.051014e+003, 1.098736e-002
1.052943e+003, 1.070414e-002
1.054871e+003, 1.040680e-002
1.056800e+003, 1.032375e-002
1.058728e+003, 1.020158e-002
1.060657e+003, 9.989530e-003
1.062585e+003, 9.827110e-003
1.064514e+003, 9.724762e-003
1.066442e+003, 9.668589e-003
1.068370e+003, 9.687337e-003
1.070299e+003, 9.534008e-003
1.072227e+003, 9.443714e-003
1.074156e+003, 9.414393e-003
1.076084e+003, 9.430385e-003
1.078013e+003, 9.450930e-003
1.079941e+003, 9.364774e-003
1.081870e+003, 9.180187e-003
1.083798e+003, 9.148363e-003
1.085727e+003, 9.077936e-003
1.087655e+003, 8.982572e-003
1.089584e+003, 8.975392e-003
1.091512e+003, 8.916386e-003
1.093441e+003, 8.744892e-003
1.095369e+003, 8.691078e-003
1.097297e+003, 8.678682e-003
1.099226e+003, 8.764413e-003
1.101154e+003, 8.856980e-003
1.103083e+003, 8.808827e-003
1.105011e+003, 8.780112e-003
1.106940e+003, 8.753338e-003
1.108868e+003, 8.695669e-003
1.110797e+003, 8.641991e-003
1.112725e+003, 8.679366e-003
1.114654e+003, 8.782067e-003
1.116582e+003, 8.721278e-003
1.118511e+003, 8.672499e-003
1.120439e+003, 8.686016e-003
1.122368e+003, 8.733261e-003
1.124296e+003, 8.775727e-003
1.126224e+003, 8.701883e-003
1.128153e+003, 8.571451e-003
1.130081e+003, 8.496792e-003
1.132010e+003, 8.657020e-003
1.133938e+003, 8.805051e-003
1.135867e+003, 8.752021e-003
1.137795e+003, 8.741399e-003
1.139724e+003, 8.712936e-003
1.141652e+003, 8.707506e-003
1.143581e+003, 8.775163e-003
1.145509e+003, 8.813914e-003
1.147438e+003, 8.937508e-003
1.149366e+003, 8.957957e-003
1.151295e+003, 9.028489e-003
1.153223e+003, 9.066100e-003
1.155151e+003, 9.004995e-003
1.157080e+003, 9.034665e-003
1.159008e+003, 9.200943e-003
1.160937e+003, 9.391520e-003
1.162865e+003, 9.342588e-003
1.164794e+003, 9.211537e-003
1.166722e+003, 9.308918e-003
1.168651e+003, 9.439917e-003
1.170579e+003, 9.627213e-003
1.172508e+003, 9.681876e-003
1.174436e+003, 9.679833e-003
1.176365e+003, 9.738235e-003
1.178293e+003, 9.717113e-003
1.180222e+003, 9.673676e-003
1.182150e+003, 9.654078e-003
1.184078e+003, 9.656155e-003
1.186007e+003, 9.700271e-003
1.187935e+003, 9.750419e-003
1.189864e+003, 9.869794e-003
1.191792e+003, 9.911029e-003
1.193721e+003, 9.839826e-003
1.195649e+003, 9.861455e-003
1.197578e+003, 1.001634e-002
1.199506e+003, 1.011213e-002
1.201435e+003, 1.016886e-002
1.203363e+003, 1.021035e-002
1.205292e+003, 1.021303e-002
1.207220e+003, 1.025918e-002
1.209149e+003, 1.030156e-002
1.211077e+003, 1.041547e-002
1.213005e+003, 1.045539e-002
1.214934e+003, 1.045341e-002
1.216862e+003, 1.056316e-002
1.218791e+003, 1.070491e-002
1.220719e+003, 1.064125e-002
1.222648e+003, 1.058573e-002
1.224576e+003, 1.070393e-002
1.226505e+003, 1.092927e-002
1.228433e+003, 1.104103e-002
1.230362e+003, 1.110793e-002
1.232290e+003, 1.123228e-002
1.234219e+003, 1.123015e-002
1.236147e+003, 1.122239e-002
1.238076e+003, 1.143518e-002
1.240004e+003, 1.160196e-002
1.241932e+003, 1.160638e-002
1.243861e+003, 1.173618e-002
1.245789e+003, 1.197517e-002
1.247718e+003, 1.200111e-002
1.249646e+003, 1.194321e-002
1.251575e+003, 1.205843e-002
1.253503e+003, 1.215205e-002
1.255432e+003, 1.215526e-002
1.257360e+003, 1.219302e-002
1.259289e+003, 1.231895e-002
1.261217e+003, 1.250676e-002
1.263146e+003, 1.261598e-002
1.265074e+003, 1.263692e-002
1.267003e+003, 1.262727e-002
1.268931e+003, 1.266619e-002
1.270859e+003, 1.276425e-002
1.272788e+003, 1.290565e-002
1.274716e+003, 1.295785e-002
1.276645e+003, 1.302976e-002
1.278573e+003, 1.301462e-002
1.280502e+003, 1.295872e-002
1.282430e+003, 1.305740e-002
1.284359e+003, 1.302507e-002
1.286287e+003, 1.299245e-002
1.288216e+003, 1.319964e-002
1.290144e+003, 1.337511e-002
1.292073e+003, 1.354354e-002
1.294001e+003, 1.369589e-002
1.295930e+003, 1.360988e-002
1.297858e+003, 1.354854e-002
1.299786e+003, 1.365431e-002
1.301715e+003, 1.377408e-002
1.303643e+003, 1.385411e-002
1.305572e+003, 1.394926e-002
1.307500e+003, 1.407662e-002
1.309429e+003, 1.413901e-002
1.311357e+003, 1.409227e-002
1.313286e+003, 1.415010e-002
1.315214e+003, 1.422199e-002
1.317143e+003, 1.412594e-002
1.319071e+003, 1.414837e-002
1.321000e+003, 1.414541e-002
1.322928e+003, 1.429776e-002
1.324857e+003, 1.448402e-002
1.326785e+003, 1.458784e-002
1.328714e+003, 1.461590e-002
1.330642e+003, 1.460745e-002
1.332570e+003, 1.468206e-002
1.334499e+003, 1.472167e-002
1.336427e+003, 1.477606e-002
1.338356e+003, 1.484369e-002
1.340284e+003, 1.487050e-002
1.342213e+003, 1.477525e-002
1.344141e+003, 1.485312e-002
1.346070e+003, 1.511696e-002
1.347998e+003, 1.524790e-002
1.349927e+003, 1.520407e-002
1.351855e+003, 1.515826e-002
1.353784e+003, 1.518831e-002
1.355712e+003, 1.511315e-002
1.357641e+003, 1.523938e-002
1.359569e+003, 1.558013e-002
1.361497e+003, 1.568302e-002
1.363426e+003, 1.566663e-002
1.365354e+003, 1.570923e-002
1.367283e+003, 1.572993e-002
1.369211e+003, 1.584474e-002
1.371140e+003, 1.589295e-002
1.373068e+003, 1.592259e-002
1.374997e+003, 1.598552e-002
1.376925e+003, 1.614039e-002
1.378854e+003, 1.611390e-002
1.380782e+003, 1.610547e-002
1.382711e+003, 1.624012e-002
1.384639e+003, 1.627102e-002
1.386568e+003, 1.629042e-002
1.388496e+003, 1.638678e-002
1.390424e+003, 1.650484e-002
1.392353e+003, 1.662692e-002
1.394281e+003, 1.679589e-002
1.396210e+003, 1.688234e-002
1.398138e+003, 1.691375e-002
1.400067e+003, 1.708698e-002
1.401995e+003, 1.727632e-002
1.403924e+003, 1.734450e-002
1.405852e+003, 1.722126e-002
1.407781e+003, 1.725160e-002
1.409709e+003, 1.734322e-002
1.411638e+003, 1.729155e-002
1.413566e+003, 1.734080e-002
1.415495e+003, 1.745811e-002
1.417423e+003, 1.746895e-002
1.419351e+003, 1.754845e-002
1.421280e+003, 1.768719e-002
1.423208e+003, 1.778297e-002
1.425137e+003, 1.783812e-002
1.427065e+003, 1.788747e-002
1.428994e+003, 1.782143e-002
1.430922e+003, 1.783875e-002
1.432851e+003, 1.797748e-002
1.434779e+003, 1.819959e-002
1.436708e+003, 1.819185e-002
1.438636e+003, 1.798035e-002
1.440565e+003, 1.797158e-002
1.442493e+003, 1.820183e-002
1.444422e+003, 1.834994e-002
1.446350e+003, 1.835238e-002
1.448278e+003, 1.828387e-002
1.450207e+003, 1.838316e-002
1.452135e+003, 1.851626e-002
1.454064e+003, 1.849779e-002
1.455992e+003, 1.852177e-002
1.457921e+003, 1.863316e-002
1.459849e+003, 1.859953e-002
1.461778e+003, 1.862081e-002
1.463706e+003, 1.865861e-002
1.465635e+003, 1.873805e-002
1.467563e+003, 1.878840e-002
1.469492e+003, 1.878977e-002
1.471420e+003, 1.878596e-002
1.473349e+003, 1.883315e-002
1.475277e+003, 1.888731e-002
1.477205e+003, 1.894985e-002
1.479134e+003, 1.893835e-002
1.481062e+003, 1.893064e-002
1.482991e+003, 1.902913e-002
1.484919e+003, 1.907070e-002
1.486848e+003, 1.921336e-002
1.488776e+003, 1.931009e-002
1.490705e+003, 1.936991e-002
1.492633e+003, 1.937122e-002
1.494562e+003, 1.943840e-002
1.496490e+003, 1.953067e-002
1.498419e+003, 1.960828e-002
1.500347e+003, 1.971150e-002
1.502276e+003, 1.980307e-002
1.504204e+003, 1.977584e-002
1.506132e+003, 1.976925e-002
1.508061e+003, 1.989865e-002
1.509989e+003, 1.998506e-002
1.511918e+003, 2.007473e-002
1.513846e+003, 2.019013e-002
1.515775e+003, 2.032166e-002
1.517703e+003, 2.047755e-002
1.519632e+003, 2.064487e-002
1.521560e+003, 2.068974e-002
1.523489e+003, 2.064477e-002
1.525417e+003, 2.081677e-002
1.527346e+003, 2.093855e-002
1.529274e+003, 2.084854e-002
1.531203e+003, 2.071737e-002
1.533131e+003, 2.070484e-002
1.535059e+003, 2.086989e-002
1.536988e+003, 2.097346e-002
1.538916e+003, 2.105981e-002
1.540845e+003, 2.117151e-002
1.542773e+003, 2.111138e-002
1.544702e+003, 2.102723e-002
1.546630e+003, 2.111630e-002
1.548559e+003, 2.126665e-002
1.550487e+003, 2.129562e-002
1.552416e+003, 2.132259e-002
1.554344e+003, 2.139500e-002
1.556273e+003, 2.156240e-002
1.558201e+003, 2.174387e-002
1.560130e+003, 2.174975e-002
1.562058e+003, 2.171619e-002
1.563986e+003, 2.178030e-002
1.565915e+003, 2.186186e-002
1.567843e+003, 2.186416e-002
1.569772e+003, 2.197200e-002
1.571700e+003, 2.211431e-002
1.573629e+003, 2.219730e-002
1.575557e+003, 2.222472e-002
1.577486e+003, 2.212505e-002
1.579414e+003, 2.209977e-002
1.581343e+003, 2.217438e-002
1.583271e+003, 2.221545e-002
1.585200e+003, 2.230203e-002
1.587128e+003, 2.244449e-002
1.589057e+003, 2.243988e-002
1.590985e+003, 2.245089e-002
1.592913e+003, 2.256605e-002
1.594842e+003, 2.263683e-002
1.596770e+003, 2.265535e-002
1.598699e+003, 2.271226e-002
1.600627e+003, 2.286193e-002
1.602556e+003, 2.286840e-002
1.604484e+003, 2.288570e-002
1.606413e+003, 2.298444e-002
1.608341e+003, 2.307813e-002
1.610270e+003, 2.305810e-002
1.612198e+003, 2.307876e-002
1.614127e+003, 2.302760e-002
1.616055e+003, 2.307542e-002
1.617984e+003, 2.299565e-002
1.619912e+003, 2.288310e-002
1.621840e+003, 2.285649e-002
1.623769e+003, 2.293747e-002
1.625697e+003, 2.293967e-002
1.627626e+003, 2.298270e-002
1.629554e+003, 2.313963e-002
1.631483e+003, 2.316802e-002
1.633411e+003, 2.313250e-002
1.635340e+003, 2.315886e-002
1.637268e+003, 2.321660e-002
1.639197e+003, 2.324849e-002
1.641125e+003, 2.309603e-002
1.643054e+003, 2.300373e-002
1.644982e+003, 2.318797e-002
1.646911e+003, 2.342460e-002
1.648839e+003, 2.337678e-002
1.650767e+003, 2.338683e-002
1.652696e+003, 2.348154e-002
1.654624e+003, 2.345858e-002
1.656553e+003, 2.347571e-002
1.658481e+003, 2.359457e-002
1.660410e+003, 2.364440e-002
1.662338e+003, 2.357551e-002
1.664267e+003, 2.361653e-002
1.666195e+003, 2.373563e-002
1.668124e+003, 2.378549e-002
1.670052e+003, 2.383363e-002
1.671981e+003, 2.382188e-002
1.673909e+003, 2.382385e-002
1.675838e+003, 2.375887e-002
1.677766e+003, 2.380505e-002
1.679694e+003, 2.378152e-002
1.681623e+003, 2.382765e-002
1.683551e+003, 2.401279e-002
1.685480e+003, 2.391791e-002
1.687408e+003, 2.395630e-002
1.689337e+003, 2.418040e-002
1.691265e+003, 2.415461e-002
1.693194e+003, 2.411618e-002
1.695122e+003, 2.440132e-002
1.697051e+003, 2.457400e-002
1.698979e+003, 2.452633e-002
1.700908e+003, 2.458470e-002
1.702836e+003, 2.445433e-002
1.704765e+003, 2.441495e-002
1.706693e+003, 2.445537e-002
1.708621e+003, 2.451951e-002
1.710550e+003, 2.470807e-002
1.712478e+003, 2.478467e-002
1.714407e+003, 2.483561e-002
1.716335e+003, 2.486307e-002
1.718264e+003, 2.481767e-002
1.720192e+003, 2.486055e-002
1.722121e+003, 2.497331e-002
1.724049e+003, 2.508852e-002
1.725978e+003, 2.509737e-002
1.727906e+003, 2.514453e-002
1.729835e+003, 2.512032e-002
1.731763e+003, 2.517443e-002
1.733692e+003, 2.535644e-002
1.735620e+003, 2.530674e-002
1.737548e+003, 2.511555e-002
1.739477e+003, 2.479200e-002
1.741405e+003, 2.457775e-002
1.743334e+003, 2.437825e-002
1.745262e+003, 2.392080e-002
1.747191e+003, 2.368720e-002
1.749119e+003, 2.376519e-002
1.751048e+003, 2.373602e-002
1.752976e+003, 2.370697e-002
1.754905e+003, 2.378416e-002
1.756833e+003, 2.388471e-002
1.758762e+003, 2.389860e-002
1.760690e+003, 2.400096e-002
1.762619e+003, 2.411542e-002
1.764547e+003, 2.415725e-002
1.766475e+003, 2.423354e-002
1.768404e+003, 2.428661e-002
1.770332e+003, 2.441966e-002
1.772261e+003, 2.447748e-002
1.774189e+003, 2.472686e-002
1.776118e+003, 2.478467e-002
1.778046e+003, 2.472331e-002
1.779975e+003, 2.465860e-002
1.781903e+003, 2.475780e-002
1.783832e+003, 2.500255e-002
1.785760e+003, 2.507975e-002
1.787689e+003, 2.499262e-002
1.789617e+003, 2.500384e-002
1.791546e+003, 2.533000e-002
1.793474e+003, 2.544923e-002
1.795402e+003, 2.521345e-002
1.797331e+003, 2.520203e-002
1.799259e+003, 2.535906e-002
1.801188e+003, 2.539937e-002
1.803116e+003, 2.533332e-002
1.805045e+003, 2.543622e-002
1.806973e+003, 2.558777e-002
1.808902e+003, 2.558202e-002
1.810830e+003, 2.553708e-002
1.812759e+003, 2.549001e-002
1.814687e+003, 2.519790e-002
1.816616e+003, 2.523419e-002
1.818544e+003, 2.572230e-002
1.820473e+003, 2.591635e-002
1.822401e+003, 2.585889e-002
1.824329e+003, 2.578989e-002
1.826258e+003, 2.564833e-002
1.828186e+003, 2.562536e-002
1.830115e+003, 2.564212e-002
1.832043e+003, 2.556081e-002
1.833972e+003, 2.542590e-002
1.835900e+003, 2.539185e-002
1.837829e+003, 2.533749e-002
1.839757e+003, 2.530833e-002
1.841686e+003, 2.544503e-002
1.843614e+003, 2.556671e-002
1.845543e+003, 2.529930e-002
1.847471e+003, 2.502823e-002
1.849400e+003, 2.507047e-002
1.851328e+003, 2.544920e-002
1.853256e+003, 2.545416e-002
1.855185e+003, 2.533423e-002
1.857113e+003, 2.551507e-002
1.859042e+003, 2.559141e-002
1.860970e+003, 2.555629e-002
1.862899e+003, 2.548652e-002
1.864827e+003, 2.549249e-002
1.866756e+003, 2.565196e-002
1.868684e+003, 2.536984e-002
1.870613e+003, 2.509711e-002
1.872541e+003, 2.506502e-002
1.874470e+003, 2.538111e-002
1.876398e+003, 2.544096e-002
1.878327e+003, 2.543224e-002
1.880255e+003, 2.545102e-002
1.882183e+003, 2.536261e-002
1.884112e+003, 2.534944e-002
1.886040e+003, 2.559103e-002
1.887969e+003, 2.604825e-002
1.889897e+003, 2.604080e-002
1.891826e+003, 2.570303e-002
1.893754e+003, 2.561517e-002
1.895683e+003, 2.533079e-002
1.897611e+003, 2.546414e-002
1.899540e+003, 2.540777e-002
1.901468e+003, 2.520509e-002
1.903397e+003, 2.545267e-002
1.905325e+003, 2.578503e-002
1.907254e+003, 2.575513e-002
1.909182e+003, 2.554471e-002
1.911110e+003, 2.566619e-002
1.913039e+003, 2.545088e-002
1.914967e+003, 2.511351e-002
1.916896e+003, 2.553042e-002
1.918824e+003, 2.555761e-002
1.920753e+003, 2.553953e-002
1.922681e+003, 2.533799e-002
1.924610e+003, 2.527519e-002
1.926538e+003, 2.545423e-002
1.928467e+003, 2.545915e-002
1.930395e+003, 2.553855e-002
1.932324e+003, 2.532568e-002
1.934252e+003, 2.529376e-002
1.936181e+003, 2.574751e-002
1.938109e+003, 2.552018e-002
1.940037e+003, 2.539034e-002
1.941966e+003, 2.516184e-002
1.943894e+003, 2.484421e-002
1.945823e+003, 2.481687e-002
1.947751e+003, 2.518979e-002
1.949680e+003, 2.526019e-002
1.951608e+003, 2.484844e-002
1.953537e+003, 2.535338e-002
1.955465e+003, 2.546880e-002
1.957394e+003, 2.453931e-002
1.959322e+003, 2.478442e-002
1.961251e+003, 2.592257e-002
1.963179e+003, 2.626652e-002
1.965108e+003, 2.581368e-002
1.967036e+003, 2.568230e-002
1.968964e+003, 2.543322e-002
1.970893e+003, 2.525021e-002
1.972821e+003, 2.539476e-002
1.974750e+003, 2.624205e-002
1.976678e+003, 2.711655e-002
1.978607e+003, 2.888222e-002
1.980535e+003, 2.945164e-002
1.982464e+003, 2.832877e-002
1.984392e+003, 2.758856e-002
1.986321e+003, 2.845198e-002
1.988249e+003, 2.886656e-002
1.990178e+003, 2.820699e-002
1.992106e+003, 2.719169e-002
1.994035e+003, 2.743696e-002
1.995963e+003, 2.765650e-002
1.997891e+003, 2.764816e-002
1.999820e+003, 2.706384e-002
2.001748e+003, 2.633218e-002
2.003677e+003, 2.617568e-002
2.005605e+003, 2.651403e-002
2.007534e+003, 2.674678e-002
2.009462e+003, 2.656832e-002
2.011391e+003, 2.686586e-002
2.013319e+003, 2.769136e-002
2.015248e+003, 2.853264e-002
2.017176e+003, 2.824706e-002
2.019105e+003, 2.663601e-002
2.021033e+003, 2.609172e-002
2.022962e+003, 2.666526e-002
2.024890e+003, 2.731992e-002
2.026818e+003, 2.754880e-002
2.028747e+003, 2.695039e-002
2.030675e+003, 2.657491e-002
2.032604e+003, 2.725776e-002
2.034532e+003, 2.831906e-002
2.036461e+003, 2.884846e-002
2.038389e+003, 2.913051e-002
2.040318e+003, 2.873619e-002
2.042246e+003, 2.838583e-002
2.044175e+003, 2.879373e-002
2.046103e+003, 2.918064e-002
2.048031e+003, 2.978981e-002
2.049960e+003, 3.046406e-002
2.051888e+003, 2.968008e-002
2.053817e+003, 2.909307e-002
2.055745e+003, 2.907689e-002
2.057674e+003, 2.877184e-002
2.059602e+003, 2.874567e-002
2.061531e+003, 2.879354e-002
2.063459e+003, 2.955761e-002
2.065388e+003, 2.972112e-002
2.067316e+003, 2.957045e-002
2.069245e+003, 2.943316e-002
2.071173e+003, 2.945592e-002
2.073102e+003, 2.931642e-002
2.075030e+003, 2.931308e-002
2.076958e+003, 2.968490e-002
2.078887e+003, 3.001157e-002
2.080815e+003, 3.052572e-002
2.082744e+003, 3.047985e-002
2.084672e+003, 2.951344e-002
2.086601e+003, 2.874938e-002
2.088529e+003, 2.852340e-002
2.090458e+003, 2.862858e-002
2.092386e+003, 2.852807e-002
2.094315e+003, 2.861860e-002
2.096243e+003, 2.933553e-002
2.098172e+003, 2.934738e-002
2.100100e+003, 2.891368e-002
2.102029e+003, 2.892363e-002
2.103957e+003, 2.931959e-002
2.105885e+003, 2.974694e-002
2.107814e+003, 2.933584e-002
2.109742e+003, 2.912956e-002
2.111671e+003, 2.952022e-002
2.113599e+003, 2.975028e-002
2.115528e+003, 2.931227e-002
2.117456e+003, 2.886554e-002
2.119385e+003, 2.871714e-002
2.121313e+003, 2.860992e-002
2.123242e+003, 2.808695e-002
2.125170e+003, 2.760002e-002
2.127099e+003, 2.688001e-002
2.129027e+003, 2.588353e-002
2.130956e+003, 2.541625e-002
2.132884e+003, 2.566933e-002
2.134813e+003, 2.591648e-002
2.136741e+003, 2.596319e-002
2.138669e+003, 2.657606e-002
2.140598e+003, 2.659265e-002
2.142526e+003, 2.572845e-002
2.144455e+003, 2.601585e-002
2.146383e+003, 2.689925e-002
2.148312e+003, 2.726944e-002
2.150240e+003, 2.685182e-002
2.152169e+003, 2.625889e-002
2.154097e+003, 2.523380e-002
2.156026e+003, 2.331911e-002
2.157954e+003, 2.431572e-002
2.159883e+003, 2.956878e-002
2.161811e+003, 3.272700e-002
2.163740e+003, 3.274595e-002
2.165668e+003, 3.255686e-002
2.167596e+003, 3.187161e-002
2.169525e+003, 3.093592e-002
2.171453e+003, 3.031858e-002
2.173382e+003, 2.988596e-002
2.175310e+003, 2.998279e-002
2.177239e+003, 3.021425e-002
2.179167e+003, 3.030408e-002
2.181096e+003, 3.080351e-002
2.183024e+003, 3.188036e-002
2.184953e+003, 3.234663e-002
2.186881e+003, 3.231595e-002
2.188810e+003, 3.218352e-002
2.190738e+003, 3.210270e-002
2.192667e+003, 3.226172e-002
2.194595e+003, 3.229619e-002
2.196523e+003, 3.223641e-002
2.198452e+003, 3.247752e-002
2.200380e+003, 3.286188e-002
2.202309e+003, 3.263431e-002
2.204237e+003, 3.246461e-002
2.206166e+003, 3.246685e-002
2.208094e+003, 3.254760e-002
2.210023e+003, 3.227896e-002
2.211951e+003, 3.249680e-002
2.213880e+003, 3.272288e-002
2.215808e+003, 3.253151e-002
2.217737e+003, 3.282027e-002
2.219665e+003, 3.297224e-002
2.221594e+003, 3.232678e-002
2.223522e+003, 3.257816e-002
2.225450e+003, 3.315898e-002
2.227379e+003, 3.285988e-002
2.229307e+003, 3.259256e-002
2.231236e+003, 3.248703e-002
2.233164e+003, 3.242177e-002
2.235093e+003, 3.242097e-002
2.237021e+003, 3.284318e-002
2.238950e+003, 3.330546e-002
2.240878e+003, 3.326384e-002
2.242807e+003, 3.320366e-002
2.244735e+003, 3.332810e-002
2.246664e+003, 3.276763e-002
2.248592e+003, 3.283968e-002
2.250521e+003, 3.352396e-002
2.252449e+003, 3.351245e-002
2.254377e+003, 3.328229e-002
2.256306e+003, 3.402640e-002
2.258234e+003, 3.426420e-002
2.260163e+003, 3.362086e-002
2.262091e+003, 3.375372e-002
2.264020e+003, 3.351964e-002
2.265948e+003, 3.300720e-002
2.267877e+003, 3.383079e-002
2.269805e+003, 3.463846e-002
2.271734e+003, 3.500732e-002
2.273662e+003, 3.538461e-002
2.275591e+003, 3.547019e-002
2.277519e+003, 3.542227e-002
2.279448e+003, 3.527716e-002
2.281376e+003, 3.539929e-002
2.283304e+003, 3.571904e-002
2.285233e+003, 3.593527e-002
2.287161e+003, 3.595813e-002
2.289090e+003, 3.579241e-002
2.291018e+003, 3.560390e-002
2.292947e+003, 3.508857e-002
2.294875e+003, 3.507484e-002
2.296804e+003, 3.536519e-002
2.298732e+003, 3.511745e-002
2.300661e+003, 3.479300e-002
2.302589e+003, 3.503469e-002
2.304518e+003, 3.506577e-002
2.306446e+003, 3.477613e-002
2.308375e+003, 3.511662e-002
2.310303e+003, 3.530199e-002
2.312231e+003, 3.505541e-002
2.314160e+003, 3.531629e-002
2.316088e+003, 3.574673e-002
2.318017e+003, 3.601336e-002
2.319945e+003, 3.657597e-002
2.321874e+003, 3.747768e-002
2.323802e+003, 3.755332e-002
2.325731e+003, 3.598043e-002
2.327659e+003, 3.460454e-002
2.329588e+003, 3.436431e-002
2.331516e+003, 3.436965e-002
2.333445e+003, 3.426579e-002
2.335373e+003, 3.432333e-002
2.337302e+003, 3.441584e-002
2.339230e+003, 3.407451e-002
2.341158e+003, 3.394298e-002
2.343087e+003, 3.417517e-002
2.345015e+003, 3.390378e-002
2.346944e+003, 3.368343e-002
2.348872e+003, 3.369639e-002
2.350801e+003, 3.380625e-002
2.352729e+003, 3.378443e-002
2.354658e+003, 3.392890e-002
2.356586e+003, 3.402901e-002
2.358515e+003, 3.401938e-002
2.360443e+003, 3.384904e-002
2.362372e+003, 3.380623e-002
2.364300e+003, 3.373919e-002
2.366229e+003, 3.347232e-002
2.368157e+003, 3.336674e-002
2.370085e+003, 3.317735e-002
2.372014e+003, 3.311409e-002
2.373942e+003, 3.321680e-002
2.375871e+003, 3.325492e-002
2.377799e+003, 3.315523e-002
2.379728e+003, 3.344385e-002
2.381656e+003, 3.326336e-002
2.383585e+003, 3.289538e-002
2.385513e+003, 3.318240e-002
2.387442e+003, 3.363167e-002
2.389370e+003, 3.359236e-002
2.391299e+003, 3.332865e-002
2.393227e+003, 3.334013e-002
2.395156e+003, 3.364722e-002
2.397084e+003, 3.351714e-002
2.399012e+003, 3.334678e-002
2.400941e+003, 3.349097e-002
2.402869e+003, 3.372450e-002
2.404798e+003, 3.372087e-002
2.406726e+003, 3.377954e-002
2.408655e+003, 3.419162e-002
2.410583e+003, 3.442575e-002
2.412512e+003, 3.447229e-002
2.414440e+003, 3.432698e-002
2.416369e+003, 3.434083e-002
2.418297e+003, 3.475877e-002
2.420226e+003, 3.476659e-002
2.422154e+003, 3.450076e-002
2.424083e+003, 3.432490e-002
2.426011e+003, 3.449797e-002
2.427939e+003, 3.476008e-002
2.429868e+003, 3.450797e-002
2.431796e+003, 3.457724e-002
2.433725e+003, 3.497893e-002
2.435653e+003, 3.523791e-002
2.437582e+003, 3.548394e-002
2.439510e+003, 3.514229e-002
2.441439e+003, 3.470790e-002
2.443367e+003, 3.497225e-002
2.445296e+003, 3.525989e-002
2.447224e+003, 3.542408e-002
2.449153e+003, 3.580276e-002
2.451081e+003, 3.595460e-002
2.453010e+003, 3.586738e-002
2.454938e+003, 3.609262e-002
2.456866e+003, 3.606473e-002
2.458795e+003, 3.621034e-002
2.460723e+003, 3.642719e-002
2.462652e+003, 3.629998e-002
2.464580e+003, 3.584157e-002
2.466509e+003, 3.540568e-002
2.468437e+003, 3.546794e-002
2.470366e+003, 3.580180e-002
2.472294e+003, 3.616800e-002
2.474223e+003, 3.579472e-002
2.476151e+003, 3.551730e-002
2.478080e+003, 3.577200e-002
2.480008e+003, 3.596950e-002
2.481937e+003, 3.568274e-002
2.483865e+003, 3.569166e-002
2.485793e+003, 3.587910e-002
2.487722e+003, 3.629234e-002
2.489650e+003, 3.636125e-002
2.491579e+003, 3.617565e-002
2.493507e+003, 3.600965e-002
2.495436e+003, 3.638435e-002
2.497364e+003, 3.658106e-002
2.499293e+003, 3.647476e-002
2.501221e+003, 3.632695e-002
2.503150e+003, 3.632143e-002
2.505078e+003, 3.639902e-002
2.507007e+003, 3.620889e-002
2.508935e+003, 3.597714e-002
2.510864e+003, 3.609303e-002
2.512792e+003, 3.630691e-002
2.514720e+003, 3.642066e-002
2.516649e+003, 3.687803e-002
2.518577e+003, 3.717778e-002
2.520506e+003, 3.725022e-002
2.522434e+003, 3.730796e-002
2.524363e+003, 3.728490e-002
2.526291e+003, 3.718089e-002
2.528220e+003, 3.711430e-002
2.530148e+003, 3.716672e-002
2.532077e+003, 3.729798e-002
2.534005e+003, 3.737937e-002
2.535934e+003, 3.725266e-002
2.537862e+003, 3.692589e-002
2.539791e+003, 3.720390e-002
2.541719e+003, 3.763666e-002
2.543647e+003, 3.764307e-002
2.545576e+003, 3.768548e-002
2.547504e+003, 3.790043e-002
2.549433e+003, 3.802948e-002
2.551361e+003, 3.773256e-002
2.553290e+003, 3.776213e-002
2.555218e+003, 3.827938e-002
2.557147e+003, 3.856974e-002
2.559075e+003, 3.846338e-002
2.561004e+003, 3.823413e-002
2.562932e+003, 3.810956e-002
2.564861e+003, 3.853977e-002
2.566789e+003, 3.873666e-002
2.568718e+003, 3.856557e-002
2.570646e+003, 3.848581e-002
2.572574e+003, 3.859039e-002
2.574503e+003, 3.874745e-002
2.576431e+003, 3.868509e-002
2.578360e+003, 3.887006e-002
2.580288e+003, 3.942673e-002
2.582217e+003, 3.973512e-002
2.584145e+003, 3.964593e-002
2.586074e+003, 3.912600e-002
2.588002e+003, 3.895204e-002
2.589931e+003, 3.925740e-002
2.591859e+003, 3.938721e-002
2.593788e+003, 3.982556e-002
2.595716e+003, 3.998286e-002
2.597645e+003, 3.986561e-002
2.599573e+003, 3.999783e-002
2.601501e+003, 3.984881e-002
2.603430e+003, 3.975719e-002
2.605358e+003, 3.988517e-002
2.607287e+003, 4.022026e-002
2.609215e+003, 4.037202e-002
2.611144e+003, 4.036904e-002
2.613072e+003, 4.038765e-002
2.615001e+003, 4.047437e-002
2.616929e+003, 4.036514e-002
2.618858e+003, 4.046070e-002
2.620786e+003, 4.059479e-002
2.622715e+003, 4.079199e-002
2.624643e+003, 4.071482e-002
2.626572e+003, 4.072219e-002
2.628500e+003, 4.108456e-002
2.630428e+003, 4.146188e-002
2.632357e+003, 4.113047e-002
2.634285e+003, 4.090276e-002
2.636214e+003, 4.118657e-002
2.638142e+003, 4.136676e-002
2.640071e+003, 4.132962e-002
2.641999e+003, 4.127650e-002
2.643928e+003, 4.133542e-002
2.645856e+003, 4.117064e-002
2.647785e+003, 4.082989e-002
2.649713e+003, 4.084171e-002
2.651642e+003, 4.087434e-002
2.653570e+003, 4.078246e-002
2.655499e+003, 4.084382e-002
2.657427e+003, 4.080096e-002
2.659355e+003, 4.074814e-002
2.661284e+003, 4.064342e-002
2.663212e+003, 4.041085e-002
2.665141e+003, 4.008792e-002
2.667069e+003, 3.990781e-002
2.668998e+003, 3.984696e-002
2.670926e+003, 3.982932e-002
2.672855e+003, 3.997540e-002
2.674783e+003, 4.017377e-002
2.676712e+003, 4.003593e-002
2.678640e+003, 4.002693e-002
2.680569e+003, 4.032862e-002
2.682497e+003, 4.042719e-002
2.684426e+003, 4.032836e-002
2.686354e+003, 4.021525e-002
2.688282e+003, 3.999300e-002
2.690211e+003, 4.018359e-002
2.692139e+003, 4.031488e-002
2.694068e+003, 4.024961e-002
2.695996e+003, 4.046298e-002
2.697925e+003, 4.047193e-002
2.699853e+003, 4.054735e-002
2.701782e+003, 4.075592e-002
2.703710e+003, 4.058868e-002
2.705639e+003, 4.029555e-002
2.707567e+003, 4.033040e-002
2.709496e+003, 4.042491e-002
2.711424e+003, 4.043332e-002
2.713353e+003, 4.063497e-002
2.715281e+003, 4.068257e-002
2.717209e+003, 4.060327e-002
2.719138e+003, 4.071834e-002
2.721066e+003, 4.092651e-002
2.722995e+003, 4.091676e-002
2.724923e+003, 4.083946e-002
2.726852e+003, 4.102148e-002
2.728780e+003, 4.124894e-002
2.730709e+003, 4.138396e-002
2.732637e+003, 4.145800e-002
2.734566e+003, 4.131998e-002
2.736494e+003, 4.115095e-002
2.738423e+003, 4.115975e-002
2.740351e+003, 4.126601e-002
2.742280e+003, 4.146636e-002
2.744208e+003, 4.162376e-002
2.746136e+003, 4.164641e-002
2.748065e+003, 4.178655e-002
2.749993e+003, 4.188193e-002
2.751922e+003, 4.192990e-002
2.753850e+003, 4.183011e-002
2.755779e+003, 4.172324e-002
2.757707e+003, 4.187573e-002
2.759636e+003, 4.168687e-002
2.761564e+003, 4.176356e-002
2.763493e+003, 4.207994e-002
2.765421e+003, 4.204885e-002
2.767350e+003, 4.190631e-002
2.769278e+003, 4.198948e-002
2.771207e+003, 4.224314e-002
2.773135e+003, 4.225950e-002
2.775063e+003, 4.240193e-002
2.776992e+003, 4.259419e-002
2.778920e+003, 4.274062e-002
2.780849e+003, 4.261298e-002
2.782777e+003, 4.261053e-002
2.784706e+003, 4.281336e-002
2.786634e+003, 4.285315e-002
2.788563e+003, 4.279206e-002
2.790491e+003, 4.278803e-002
2.792420e+003, 4.261566e-002
2.794348e+003, 4.254201e-002
2.796277e+003, 4.282856e-002
2.798205e+003, 4.319727e-002
2.800134e+003, 4.333184e-002
2.802062e+003, 4.310867e-002
2.803990e+003, 4.289522e-002
2.805919e+003, 4.292770e-002
2.807847e+003, 4.306910e-002
2.809776e+003, 4.326410e-002
2.811704e+003, 4.329003e-002
2.813633e+003, 4.318382e-002
2.815561e+003, 4.347913e-002
2.817490e+003, 4.366495e-002
2.819418e+003, 4.381964e-002
2.821347e+003, 4.392974e-002
2.823275e+003, 4.389887e-002
2.825204e+003, 4.381545e-002
2.827132e+003, 4.386487e-002
2.829061e+003, 4.403488e-002
2.830989e+003, 4.433142e-002
2.832917e+003, 4.482842e-002
2.834846e+003, 4.486663e-002
2.836774e+003, 4.448682e-002
2.838703e+003, 4.461039e-002
2.840631e+003, 4.480778e-002
2.842560e+003, 4.467969e-002
2.844488e+003, 4.476112e-002
2.846417e+003, 4.491078e-002
2.848345e+003, 4.503702e-002
2.850274e+003, 4.519308e-002
2.852202e+003, 4.516524e-002
2.854131e+003, 4.489697e-002
2.856059e+003, 4.467034e-002
2.857988e+003, 4.486573e-002
2.859916e+003, 4.520700e-002
2.861844e+003, 4.566258e-002
2.863773e+003, 4.564512e-002
2.865701e+003, 4.547001e-002
2.867630e+003, 4.550514e-002
2.869558e+003, 4.556177e-002
2.871487e+003, 4.577784e-002
2.873415e+003, 4.615966e-002
2.875344e+003, 4.612568e-002
2.877272e+003, 4.582864e-002
2.879201e+003, 4.565491e-002
2.881129e+003, 4.593731e-002
2.883058e+003, 4.613930e-002
2.884986e+003, 4.606782e-002
2.886915e+003, 4.612531e-002
2.888843e+003, 4.647494e-002
2.890771e+003, 4.659572e-002
2.892700e+003, 4.643991e-002
2.894628e+003, 4.630159e-002
2.896557e+003, 4.629779e-002
2.898485e+003, 4.656159e-002
2.900414e+003, 4.723325e-002
2.902342e+003, 4.773041e-002
2.904271e+003, 4.771325e-002
2.906199e+003, 4.747134e-002
2.908128e+003, 4.764133e-002
2.910056e+003, 4.797464e-002
2.911985e+003, 4.809493e-002
2.913913e+003, 4.809790e-002
2.915842e+003, 4.816063e-002
2.917770e+003, 4.800421e-002
2.919698e+003, 4.827720e-002
2.921627e+003, 4.825076e-002
2.923555e+003, 4.820996e-002
2.925484e+003, 4.829050e-002
2.927412e+003, 4.843468e-002
2.929341e+003, 4.828460e-002
2.931269e+003, 4.799623e-002
2.933198e+003, 4.778995e-002
2.935126e+003, 4.779542e-002
2.937055e+003, 4.795272e-002
2.938983e+003, 4.801181e-002
2.940912e+003, 4.775944e-002
2.942840e+003, 4.765299e-002
2.944769e+003, 4.789095e-002
2.946697e+003, 4.818223e-002
2.948625e+003, 4.843098e-002
2.950554e+003, 4.858603e-002
2.952482e+003, 4.857551e-002
2.954411e+003, 4.858833e-002
2.956339e+003, 4.885935e-002
2.958268e+003, 4.915089e-002
2.960196e+003, 4.950602e-002
2.962125e+003, 4.966700e-002
2.964053e+003, 4.890880e-002
2.965982e+003, 4.848500e-002
2.967910e+003, 4.876805e-002
2.969839e+003, 4.902000e-002
2.971767e+003, 4.887326e-002
2.973696e+003, 4.871106e-002
2.975624e+003, 4.839490e-002
2.977552e+003, 4.820628e-002
2.979481e+003, 4.811782e-002
2.981409e+003, 4.836809e-002
2.983338e+003, 4.862022e-002
2.985266e+003, 4.853437e-002
2.987195e+003, 4.836568e-002
2.989123e+003, 4.865815e-002
2.991052e+003, 4.899949e-002
2.992980e+003, 4.893593e-002
2.994909e+003, 4.889956e-002
2.996837e+003, 4.918202e-002
2.998766e+003, 4.943492e-002
3.000694e+003, 4.964868e-002
3.002623e+003, 4.925960e-002
3.004551e+003, 4.911302e-002
3.006479e+003, 4.935205e-002
3.008408e+003, 4.933133e-002
3.010336e+003, 4.965612e-002
3.012265e+003, 5.008776e-002
3.014193e+003, 5.013850e-002
3.016122e+003, 5.040839e-002
3.018050e+003, 5.085565e-002
3.019979e+003, 5.081492e-002
3.021907e+003, 5.063860e-002
3.023836e+003, 5.047005e-002
3.025764e+003, 5.063549e-002
3.027693e+003, 5.114663e-002
3.029621e+003, 5.117805e-002
3.031550e+003, 5.085342e-002
3.033478e+003, 5.106432e-002
3.035406e+003, 5.124786e-002
3.037335e+003, 5.138411e-002
3.039263e+003, 5.177257e-002
3.041192e+003, 5.189901e-002
3.043120e+003, 5.221961e-002
3.045049e+003, 5.281489e-002
3.046977e+003, 5.280305e-002
3.048906e+003, 5.264230e-002
3.050834e+003, 5.266950e-002
3.052763e+003, 5.254881e-002
3.054691e+003, 5.270196e-002
3.056620e+003, 5.335134e-002
3.058548e+003, 5.366017e-002
3.060477e+003, 5.346384e-002
3.062405e+003, 5.375435e-002
3.064333e+003, 5.387849e-002
3.066262e+003, 5.406962e-002
3.068190e+003, 5.426563e-002
3.070119e+003, 5.436405e-002
3.072047e+003, 5.445184e-002
3.073976e+003, 5.475713e-002
3.075904e+003, 5.512239e-002
3.077833e+003, 5.514250e-002
3.079761e+003, 5.520640e-002
3.081690e+003, 5.541688e-002
3.083618e+003, 5.543675e-002
3.085547e+003, 5.569372e-002
3.087475e+003, 5.587229e-002
3.089404e+003, 5.605800e-002
3.091332e+003, 5.651330e-002
3.093260e+003, 5.668508e-002
3.095189e+003, 5.637803e-002
3.097117e+003, 5.673081e-002
3.099046e+003, 5.721971e-002
3.100974e+003, 5.734516e-002
3.102903e+003, 5.747781e-002
3.104831e+003, 5.735283e-002
3.106760e+003, 5.711812e-002
3.108688e+003, 5.722235e-002
3.110617e+003, 5.759650e-002
3.112545e+003, 5.813102e-002
3.114474e+003, 5.848984e-002
3.116402e+003, 5.818064e-002
3.118331e+003, 5.833325e-002
3.120259e+003, 5.873873e-002
3.122188e+003, 5.884158e-002
3.124116e+003, 5.917590e-002
3.126044e+003, 5.960015e-002
3.127973e+003, 5.991115e-002
3.129901e+003, 6.019955e-002
3.131830e+003, 6.060798e-002
3.133758e+003, 6.052947e-002
3.135687e+003, 6.035297e-002
3.137615e+003, 6.054560e-002
3.139544e+003, 6.086027e-002
3.141472e+003, 6.093607e-002
3.143401e+003, 6.071103e-002
3.145329e+003, 6.148470e-002
3.147258e+003, 6.264389e-002
3.149186e+003, 6.289815e-002
3.151115e+003, 6.285501e-002
3.153043e+003, 6.297081e-002
3.154971e+003, 6.363282e-002
3.156900e+003, 6.399960e-002
3.158828e+003, 6.438221e-002
3.160757e+003, 6.501710e-002
3.162685e+003, 6.503128e-002
3.164614e+003, 6.506851e-002
3.166542e+003, 6.540323e-002
3.168471e+003, 6.542413e-002
3.170399e+003, 6.537130e-002
3.172328e+003, 6.611568e-002
3.174256e+003, 6.697345e-002
3.176185e+003, 6.746121e-002
3.178113e+003, 6.761906e-002
3.180042e+003, 6.782299e-002
3.181970e+003, 6.841361e-002
3.183898e+003, 6.864563e-002
3.185827e+003, 6.875898e-002
3.187755e+003, 6.918062e-002
3.189684e+003, 6.961061e-002
3.191612e+003, 6.997132e-002
3.193541e+003, 7.066081e-002
3.195469e+003, 7.090148e-002
3.197398e+003, 7.154904e-002
3.199326e+003, 7.232378e-002
3.201255e+003, 7.267682e-002
3.203183e+003, 7.314964e-002
3.205112e+003, 7.359076e-002
3.207040e+003, 7.402182e-002
3.208969e+003, 7.475185e-002
3.210897e+003, 7.536555e-002
3.212825e+003, 7.591633e-002
3.214754e+003, 7.622769e-002
3.216682e+003, 7.645714e-002
3.218611e+003, 7.738696e-002
3.220539e+003, 7.828927e-002
3.222468e+003, 7.921924e-002
3.224396e+003, 8.058237e-002
3.226325e+003, 8.168880e-002
3.228253e+003, 8.220916e-002
3.230182e+003, 8.283108e-002
3.232110e+003, 8.362371e-002
3.234039e+003, 8.499423e-002
3.235967e+003, 8.593015e-002
3.237896e+003, 8.641972e-002
3.239824e+003, 8.688551e-002
3.241752e+003, 8.768420e-002
3.243681e+003, 8.846757e-002
3.245609e+003, 8.907164e-002
3.247538e+003, 8.965559e-002
3.249466e+003, 9.056214e-002
3.251395e+003, 9.195363e-002
3.253323e+003, 9.323408e-002
3.255252e+003, 9.449481e-002
3.257180e+003, 9.546366e-002
3.259109e+003, 9.645221e-002
3.261037e+003, 9.765523e-002
3.262966e+003, 9.954688e-002
3.264894e+003, 1.017989e-001
3.266823e+003, 1.036251e-001
3.268751e+003, 1.048508e-001
3.270679e+003, 1.061746e-001
3.272608e+003, 1.080923e-001
3.274536e+003, 1.100797e-001
3.276465e+003, 1.112418e-001
3.278393e+003, 1.125064e-001
3.280322e+003, 1.135438e-001
3.282250e+003, 1.143821e-001
3.284179e+003, 1.153552e-001
3.286107e+003, 1.157647e-001
3.288036e+003, 1.146116e-001
3.289964e+003, 1.135780e-001
3.291893e+003, 1.120672e-001
3.293821e+003, 1.093910e-001
3.295750e+003, 1.063991e-001
3.297678e+003, 1.035484e-001
3.299606e+003, 1.004129e-001
3.301535e+003, 9.708445e-002
3.303463e+003, 9.429165e-002
3.305392e+003, 9.202596e-002
3.307320e+003, 8.995438e-002
3.309249e+003, 8.793487e-002
3.311177e+003, 8.650270e-002
3.313106e+003, 8.560535e-002
3.315034e+003, 8.384033e-002
3.316963e+003, 8.209876e-002
3.318891e+003, 8.119103e-002
3.320820e+003, 8.049187e-002
3.322748e+003, 7.952557e-002
3.324677e+003, 7.863395e-002
3.326605e+003, 7.755762e-002
3.328533e+003, 7.703015e-002
3.330462e+003, 7.678779e-002
3.332390e+003, 7.614788e-002
3.334319e+003, 7.584976e-002
3.336247e+003, 7.548632e-002
3.338176e+003, 7.510716e-002
3.340104e+003, 7.499507e-002
3.342033e+003, 7.498217e-002
3.343961e+003, 7.499148e-002
3.345890e+003, 7.485590e-002
3.347818e+003, 7.437252e-002
3.349747e+003, 7.382873e-002
3.351675e+003, 7.402311e-002
3.353604e+003, 7.439218e-002
3.355532e+003, 7.464921e-002
3.357460e+003, 7.533932e-002
3.359389e+003, 7.597264e-002
3.361317e+003, 7.583746e-002
3.363246e+003, 7.575995e-002
3.365174e+003, 7.558309e-002
3.367103e+003, 7.577563e-002
3.369031e+003, 7.530487e-002
3.370960e+003, 7.564999e-002
3.372888e+003, 7.626368e-002
3.374817e+003, 7.639234e-002
3.376745e+003, 7.678068e-002
3.378674e+003, 7.700515e-002
3.380602e+003, 7.712242e-002
3.382531e+003, 7.719748e-002
3.384459e+003, 7.694946e-002
3.386387e+003, 7.683831e-002
3.388316e+003, 7.744358e-002
3.390244e+003, 7.806214e-002
3.392173e+003, 7.830187e-002
3.394101e+003, 7.874684e-002
3.396030e+003, 7.933319e-002
3.397958e+003, 7.990311e-002
3.399887e+003, 8.007095e-002
3.401815e+003, 8.069409e-002
3.403744e+003, 8.136089e-002
3.405672e+003, 8.120085e-002
3.407601e+003, 8.134083e-002
3.409529e+003, 8.222271e-002
3.411458e+003, 8.298896e-002
3.413386e+003, 8.364950e-002
3.415314e+003, 8.477941e-002
3.417243e+003, 8.579294e-002
3.419171e+003, 8.663330e-002
3.421100e+003, 8.771401e-002
3.423028e+003, 8.864504e-002
3.424957e+003, 9.000888e-002
3.426885e+003, 9.197966e-002
3.428814e+003, 9.365742e-002
3.430742e+003, 9.472729e-002
3.432671e+003, 9.580204e-002
3.434599e+003, 9.673497e-002
3.436528e+003, 9.796400e-002
3.438456e+003, 9.985155e-002
3.440385e+003, 1.015863e-001
3.442313e+003, 1.016773e-001
3.444241e+003, 1.018122e-001
3.446170e+003, 1.028705e-001
3.448098e+003, 1.028642e-001
3.450027e+003, 1.022837e-001
3.451955e+003, 1.020435e-001
3.453884e+003, 1.020513e-001
3.455812e+003, 1.017307e-001
3.457741e+003, 1.018600e-001
3.459669e+003, 1.026151e-001
3.461598e+003, 1.034737e-001
3.463526e+003, 1.047297e-001
3.465455e+003, 1.061820e-001
3.467383e+003, 1.074551e-001
3.469312e+003, 1.093385e-001
3.471240e+003, 1.112813e-001
3.473168e+003, 1.133627e-001
3.475097e+003, 1.163353e-001
3.477025e+003, 1.187952e-001
3.478954e+003, 1.202440e-001
3.480882e+003, 1.215111e-001
3.482811e+003, 1.224700e-001
3.484739e+003, 1.218911e-001
3.486668e+003, 1.195906e-001
3.488596e+003, 1.153535e-001
3.490525e+003, 1.095339e-001
3.492453e+003, 1.025850e-001
3.494382e+003, 9.556874e-002
3.496310e+003, 8.876883e-002
3.498239e+003, 8.349510e-002
3.500167e+003, 7.915182e-002
3.502095e+003, 7.458623e-002
3.504024e+003, 7.051612e-002
3.505952e+003, 6.715472e-002
3.507881e+003, 6.411184e-002
3.509809e+003, 6.191608e-002
3.511738e+003, 6.033427e-002
3.513666e+003, 5.884012e-002
3.515595e+003, 5.788278e-002
3.517523e+003, 5.726244e-002
3.519452e+003, 5.661782e-002
3.521380e+003, 5.585755e-002
3.523309e+003, 5.500920e-002
3.525237e+003, 5.427076e-002
3.527166e+003, 5.403190e-002
3.529094e+003, 5.346074e-002
3.531022e+003, 5.292151e-002
3.532951e+003, 5.326767e-002
3.534879e+003, 5.318640e-002
3.536808e+003, 5.351353e-002
3.538736e+003, 5.520376e-002
3.540665e+003, 5.687471e-002
3.542593e+003, 5.786738e-002
3.544522e+003, 5.970743e-002
3.546450e+003, 6.225703e-002
3.548379e+003, 6.554560e-002
3.550307e+003, 7.044538e-002
3.552236e+003, 7.701051e-002
3.554164e+003, 8.606251e-002
3.556093e+003, 9.888653e-002
3.558021e+003, 1.126320e-001
3.559949e+003, 1.179131e-001
3.561878e+003, 1.058316e-001
3.563806e+003, 8.474994e-002
3.565735e+003, 6.799599e-002
3.567663e+003, 5.748407e-002
3.569592e+003, 4.980970e-002
3.571520e+003, 4.344940e-002
3.573449e+003, 3.909630e-002
3.575377e+003, 3.644646e-002
3.577306e+003, 3.492676e-002
3.579234e+003, 3.428384e-002
3.581163e+003, 3.379935e-002
3.583091e+003, 3.362659e-002
3.585020e+003, 3.420605e-002
3.586948e+003, 3.411524e-002
3.588876e+003, 3.255597e-002
3.590805e+003, 3.286409e-002
3.592733e+003, 3.388386e-002
3.594662e+003, 3.461513e-002
3.596590e+003, 3.452648e-002
3.598519e+003, 3.427257e-002
3.600447e+003, 3.433130e-002
3.602376e+003, 3.477129e-002
3.604304e+003, 3.507372e-002
3.606233e+003, 3.500756e-002
3.608161e+003, 3.567143e-002
3.610090e+003, 3.625559e-002
3.612018e+003, 3.579539e-002
3.613947e+003, 3.518518e-002
3.615875e+003, 3.510349e-002
3.617803e+003, 3.552311e-002
3.619732e+003, 3.546267e-002
3.621660e+003, 3.514395e-002
3.623589e+003, 3.556100e-002
3.625517e+003, 3.617401e-002
3.627446e+003, 3.606314e-002
3.629374e+003, 3.631216e-002
3.631303e+003, 3.672723e-002
3.633231e+003, 3.669436e-002
3.635160e+003, 3.672950e-002
3.637088e+003, 3.672308e-002
3.639017e+003, 3.692188e-002
3.640945e+003, 3.739719e-002
3.642874e+003, 3.749622e-002
3.644802e+003, 3.746340e-002
3.646730e+003, 3.771745e-002
3.648659e+003, 3.808830e-002
3.650587e+003, 3.815763e-002
3.652516e+003, 3.796345e-002
3.654444e+003, 3.751440e-002
3.656373e+003, 3.693094e-002
3.658301e+003, 3.731881e-002
3.660230e+003, 3.830376e-002
3.662158e+003, 3.874326e-002
3.664087e+003, 3.955542e-002
3.666015e+003, 3.927752e-002
3.667944e+003, 3.852704e-002
3.669872e+003, 3.892094e-002
3.671801e+003, 3.945661e-002
3.673729e+003, 3.928469e-002
3.675657e+003, 3.908813e-002
3.677586e+003, 3.932456e-002
3.679514e+003, 3.974971e-002
3.681443e+003, 4.027196e-002
3.683371e+003, 4.005415e-002
3.685300e+003, 3.971382e-002
3.687228e+003, 4.021322e-002
3.689157e+003, 4.001341e-002
3.691085e+003, 3.920344e-002
3.693014e+003, 3.907847e-002
3.694942e+003, 3.984270e-002
3.696871e+003, 3.962594e-002
3.698799e+003, 3.970502e-002
3.700728e+003, 3.989943e-002
3.702656e+003, 3.991934e-002
3.704584e+003, 4.095480e-002
3.706513e+003, 4.137741e-002
3.708441e+003, 4.067190e-002
3.710370e+003, 4.054251e-002
3.712298e+003, 4.069212e-002
3.714227e+003, 4.103615e-002
3.716155e+003, 4.099518e-002
3.718084e+003, 4.068125e-002
3.720012e+003, 4.029323e-002
3.721941e+003, 4.067590e-002
3.723869e+003, 4.088488e-002
3.725798e+003, 4.110422e-002
3.727726e+003, 4.121443e-002
3.729655e+003, 4.155130e-002
3.731583e+003, 4.157710e-002
3.733511e+003, 4.198688e-002
3.735440e+003, 4.214410e-002
3.737368e+003, 4.145912e-002
3.739297e+003, 4.105960e-002
3.741225e+003, 4.153993e-002
3.743154e+003, 4.205918e-002
3.745082e+003, 4.243018e-002
3.747011e+003, 4.272081e-002
3.748939e+003, 4.284533e-002
3.750868e+003, 4.287120e-002
3.752796e+003, 4.297507e-002
3.754725e+003, 4.290123e-002
3.756653e+003, 4.296543e-002
3.758582e+003, 4.230627e-002
3.760510e+003, 4.224179e-002
3.762438e+003, 4.227752e-002
3.764367e+003, 4.239584e-002
3.766295e+003, 4.221457e-002
3.768224e+003, 4.222761e-002
3.770152e+003, 4.223627e-002
3.772081e+003, 4.238895e-002
3.774009e+003, 4.288203e-002
3.775938e+003, 4.316622e-002
3.777866e+003, 4.284465e-002
3.779795e+003, 4.228531e-002
3.781723e+003, 4.277303e-002
3.783652e+003, 4.330820e-002
3.785580e+003, 4.374823e-002
3.787509e+003, 4.389734e-002
3.789437e+003, 4.386295e-002
3.791365e+003, 4.445962e-002
3.793294e+003, 4.387803e-002
3.795222e+003, 4.258436e-002
3.797151e+003, 4.259863e-002
3.799079e+003, 4.315022e-002
3.801008e+003, 4.324465e-002
3.802936e+003, 4.291350e-002
3.804865e+003, 4.331895e-002
3.806793e+003, 4.385905e-002
3.808722e+003, 4.403549e-002
3.810650e+003, 4.403225e-002
3.812579e+003, 4.371518e-002
3.814507e+003, 4.303876e-002
3.816436e+003, 4.296746e-002
3.818364e+003, 4.364214e-002
3.820292e+003, 4.438872e-002
3.822221e+003, 4.408505e-002
3.824149e+003, 4.334250e-002
3.826078e+003, 4.336422e-002
3.828006e+003, 4.368060e-002
3.829935e+003, 4.455015e-002
3.831863e+003, 4.504357e-002
3.833792e+003, 4.459358e-002
3.835720e+003, 4.465844e-002
3.837649e+003, 4.449661e-002
3.839577e+003, 4.397576e-002
3.841506e+003, 4.417703e-002
3.843434e+003, 4.458776e-002
3.845363e+003, 4.444578e-002
3.847291e+003, 4.386427e-002
3.849219e+003, 4.427399e-002
3.851148e+003, 4.487896e-002
3.853076e+003, 4.519088e-002
3.855005e+003, 4.521009e-002
3.856933e+003, 4.456810e-002
3.858862e+003, 4.389958e-002
3.860790e+003, 4.400307e-002
3.862719e+003, 4.419482e-002
3.864647e+003, 4.443540e-002
3.866576e+003, 4.452414e-002
3.868504e+003, 4.446843e-002
3.870433e+003, 4.466285e-002
3.872361e+003, 4.368230e-002
3.874290e+003, 4.313065e-002
3.876218e+003, 4.353310e-002
3.878146e+003, 4.355595e-002
3.880075e+003, 4.371442e-002
3.882003e+003, 4.368863e-002
3.883932e+003, 4.417594e-002
3.885860e+003, 4.426555e-002
3.887789e+003, 4.421135e-002
3.889717e+003, 4.377174e-002
3.891646e+003, 4.401802e-002
3.893574e+003, 4.449884e-002
3.895503e+003, 4.448630e-002
3.897431e+003, 4.477098e-002
3.899360e+003, 4.507241e-002
3.901288e+003, 4.449994e-002
3.903217e+003, 4.438360e-002
3.905145e+003, 4.513650e-002
3.907073e+003, 4.552124e-002
3.909002e+003, 4.497837e-002
3.910930e+003, 4.482985e-002
3.912859e+003, 4.504858e-002
3.914787e+003, 4.496529e-002
3.916716e+003, 4.517814e-002
3.918644e+003, 4.522439e-002
3.920573e+003, 4.477006e-002
3.922501e+003, 4.411079e-002
3.924430e+003, 4.454780e-002
3.926358e+003, 4.481876e-002
3.928287e+003, 4.398298e-002
3.930215e+003, 4.438130e-002
3.932144e+003, 4.555118e-002
3.934072e+003, 4.543095e-002
3.936000e+003, 4.530068e-002
3.937929e+003, 4.570960e-002
3.939857e+003, 4.540271e-002
3.941786e+003, 4.557287e-002
3.943714e+003, 4.573487e-002
3.945643e+003, 4.501487e-002
3.947571e+003, 4.457877e-002
3.949500e+003, 4.466971e-002
3.951428e+003, 4.430025e-002
3.953357e+003, 4.473216e-002
3.955285e+003, 4.499532e-002
3.957214e+003, 4.510811e-002
3.959142e+003, 4.502559e-002
3.961071e+003, 4.461294e-002
3.962999e+003, 4.466835e-002
3.964927e+003, 4.463630e-002
3.966856e+003, 4.421427e-002
3.968784e+003, 4.473896e-002
3.970713e+003, 4.550472e-002
3.972641e+003, 4.557006e-002
3.974570e+003, 4.562464e-002
3.976498e+003, 4.581035e-002
3.978427e+003, 4.512624e-002
3.980355e+003, 4.500029e-002
3.982284e+003, 4.548045e-002
3.984212e+003, 4.502533e-002
3.986141e+003, 4.499453e-002
3.988069e+003, 4.538454e-002
3.989998e+003, 4.524052e-002
3.991926e+003, 4.451786e-002
3.993854e+003, 4.448546e-002
3.995783e+003, 4.470052e-002
3.997711e+003, 4.567663e-002
3.999640e+003, 4.635880e-002
##END=



