##NAMES=Heulandite-Ca
##RRUFFID=R050097
##IDEAL CHEMISTRY=(Ca,Na,K)_5_(Si_27_Al_9_)O_72_&#183;26H_2_O
##LOCALITY=Rat's Nest Claim, Custer County, Idaho, USA
##OWNER=RRUFF
##SOURCE=John Cornish
##DESCRIPTION=Pale pink coffin-shaped tabular single crystals
##STATUS=The identification of this mineral has been confirmed by X-ray diffraction and chemical analysis
##URL=rruff.info/R050097
##MEASURED CHEMISTRY=(Ca_0.66_Na_0.30_K_0.04_)_5_(Si_0.77_Al_0.23_)_36_O_72_·24H_2_O
3.991926e+002, 0.000000e+000
4.011211e+002, 2.603317e-001
4.030496e+002, 2.616819e-001
4.049780e+002, 2.558695e-001
4.069065e+002, 2.548842e-001
4.088350e+002, 2.536641e-001
4.107634e+002, 2.542657e-001
4.126919e+002, 2.546761e-001
4.146204e+002, 2.529792e-001
4.165488e+002, 2.535317e-001
4.184773e+002, 2.559099e-001
4.204058e+002, 2.568534e-001
4.223342e+002, 2.531962e-001
4.242627e+002, 2.526303e-001
4.261912e+002, 2.567120e-001
4.281196e+002, 2.613880e-001
4.300481e+002, 2.647349e-001
4.319766e+002, 2.659323e-001
4.339050e+002, 2.661697e-001
4.358335e+002, 2.692596e-001
4.377620e+002, 2.712952e-001
4.396904e+002, 2.731518e-001
4.416189e+002, 2.728691e-001
4.435474e+002, 2.710466e-001
4.454758e+002, 2.703954e-001
4.474043e+002, 2.686099e-001
4.493328e+002, 2.664194e-001
4.512612e+002, 2.630433e-001
4.531897e+002, 2.588721e-001
4.551182e+002, 2.541017e-001
4.570466e+002, 2.493755e-001
4.589751e+002, 2.434100e-001
4.609036e+002, 2.380363e-001
4.628320e+002, 2.335915e-001
4.647605e+002, 2.287526e-001
4.666890e+002, 2.226224e-001
4.686174e+002, 2.151072e-001
4.705459e+002, 2.062531e-001
4.724744e+002, 1.979667e-001
4.744028e+002, 1.882003e-001
4.763313e+002, 1.778020e-001
4.782598e+002, 1.696061e-001
4.801882e+002, 1.620463e-001
4.821167e+002, 1.545724e-001
4.840452e+002, 1.480619e-001
4.859736e+002, 1.420740e-001
4.879021e+002, 1.359988e-001
4.898306e+002, 1.299301e-001
4.917590e+002, 1.257375e-001
4.936875e+002, 1.229198e-001
4.956160e+002, 1.201182e-001
4.975444e+002, 1.170403e-001
4.994729e+002, 1.149734e-001
5.014014e+002, 1.142382e-001
5.033298e+002, 1.135736e-001
5.052583e+002, 1.131667e-001
5.071868e+002, 1.132844e-001
5.091152e+002, 1.135995e-001
5.110437e+002, 1.142260e-001
5.129722e+002, 1.152088e-001
5.149006e+002, 1.161158e-001
5.168291e+002, 1.170879e-001
5.187576e+002, 1.182101e-001
5.206860e+002, 1.182964e-001
5.226145e+002, 1.177799e-001
5.245430e+002, 1.172377e-001
5.264714e+002, 1.152599e-001
5.283999e+002, 1.127072e-001
5.303284e+002, 1.111239e-001
5.322568e+002, 1.097103e-001
5.341853e+002, 1.082279e-001
5.361138e+002, 1.065653e-001
5.380422e+002, 1.052290e-001
5.399707e+002, 1.053255e-001
5.418992e+002, 1.062913e-001
5.438276e+002, 1.071045e-001
5.457561e+002, 1.077001e-001
5.476846e+002, 1.087440e-001
5.496130e+002, 1.099590e-001
5.515415e+002, 1.111899e-001
5.534700e+002, 1.122305e-001
5.553984e+002, 1.131222e-001
5.573269e+002, 1.146753e-001
5.592554e+002, 1.163618e-001
5.611838e+002, 1.170749e-001
5.631123e+002, 1.177745e-001
5.650408e+002, 1.191918e-001
5.669692e+002, 1.199703e-001
5.688977e+002, 1.205506e-001
5.708262e+002, 1.211946e-001
5.727546e+002, 1.219507e-001
5.746831e+002, 1.226422e-001
5.766116e+002, 1.232103e-001
5.785400e+002, 1.238038e-001
5.804685e+002, 1.241324e-001
5.823970e+002, 1.243010e-001
5.843254e+002, 1.243744e-001
5.862539e+002, 1.242468e-001
5.881824e+002, 1.242118e-001
5.901108e+002, 1.241651e-001
5.920393e+002, 1.235498e-001
5.939678e+002, 1.219472e-001
5.958962e+002, 1.201711e-001
5.978247e+002, 1.180713e-001
5.997532e+002, 1.150301e-001
6.016816e+002, 1.113468e-001
6.036101e+002, 1.074785e-001
6.055386e+002, 1.032701e-001
6.074670e+002, 9.958122e-002
6.093955e+002, 9.679958e-002
6.113240e+002, 9.413819e-002
6.132524e+002, 9.179482e-002
6.151809e+002, 8.986785e-002
6.171094e+002, 8.814166e-002
6.190378e+002, 8.648141e-002
6.209663e+002, 8.492257e-002
6.228948e+002, 8.362153e-002
6.248232e+002, 8.254017e-002
6.267517e+002, 8.145832e-002
6.286802e+002, 8.050442e-002
6.306086e+002, 7.974225e-002
6.325371e+002, 7.920566e-002
6.344656e+002, 7.883360e-002
6.363940e+002, 7.851157e-002
6.383225e+002, 7.850052e-002
6.402510e+002, 7.873297e-002
6.421794e+002, 7.935086e-002
6.441079e+002, 7.987091e-002
6.460364e+002, 8.021744e-002
6.479648e+002, 8.094681e-002
6.498933e+002, 8.176275e-002
6.518218e+002, 8.293071e-002
6.537502e+002, 8.392459e-002
6.556787e+002, 8.452424e-002
6.576072e+002, 8.499391e-002
6.595356e+002, 8.584944e-002
6.614641e+002, 8.644920e-002
6.633926e+002, 8.671015e-002
6.653210e+002, 8.692838e-002
6.672495e+002, 8.704152e-002
6.691780e+002, 8.609744e-002
6.711064e+002, 8.476927e-002
6.730349e+002, 8.350440e-002
6.749634e+002, 8.240204e-002
6.768918e+002, 8.161336e-002
6.788203e+002, 8.046021e-002
6.807488e+002, 7.941464e-002
6.826772e+002, 7.913742e-002
6.846057e+002, 7.902751e-002
6.865342e+002, 7.845909e-002
6.884626e+002, 7.816961e-002
6.903911e+002, 7.845089e-002
6.923196e+002, 7.905712e-002
6.942480e+002, 7.972247e-002
6.961765e+002, 8.023357e-002
6.981050e+002, 8.091479e-002
7.000334e+002, 8.160364e-002
7.019619e+002, 8.246371e-002
7.038904e+002, 8.341831e-002
7.058188e+002, 8.399387e-002
7.077473e+002, 8.468892e-002
7.096758e+002, 8.545206e-002
7.116042e+002, 8.617885e-002
7.135327e+002, 8.670466e-002
7.154612e+002, 8.696202e-002
7.173896e+002, 8.717259e-002
7.193181e+002, 8.716530e-002
7.212466e+002, 8.682600e-002
7.231750e+002, 8.634101e-002
7.251035e+002, 8.561689e-002
7.270320e+002, 8.492129e-002
7.289604e+002, 8.435686e-002
7.308889e+002, 8.349593e-002
7.328174e+002, 8.232111e-002
7.347458e+002, 8.097325e-002
7.366743e+002, 7.982074e-002
7.386028e+002, 7.855128e-002
7.405313e+002, 7.706864e-002
7.424597e+002, 7.568014e-002
7.443882e+002, 7.458211e-002
7.463167e+002, 7.347171e-002
7.482451e+002, 7.225463e-002
7.501736e+002, 7.091054e-002
7.521021e+002, 6.996126e-002
7.540305e+002, 6.908785e-002
7.559590e+002, 6.817899e-002
7.578875e+002, 6.754614e-002
7.598159e+002, 6.722946e-002
7.617444e+002, 6.695679e-002
7.636729e+002, 6.675758e-002
7.656013e+002, 6.646329e-002
7.675298e+002, 6.614880e-002
7.694583e+002, 6.601238e-002
7.713867e+002, 6.616035e-002
7.733152e+002, 6.615912e-002
7.752437e+002, 6.604155e-002
7.771721e+002, 6.596942e-002
7.791006e+002, 6.601474e-002
7.810291e+002, 6.577851e-002
7.829575e+002, 6.537395e-002
7.848860e+002, 6.518579e-002
7.868145e+002, 6.500713e-002
7.887429e+002, 6.432150e-002
7.906714e+002, 6.319860e-002
7.925999e+002, 6.196937e-002
7.945283e+002, 6.053947e-002
7.964568e+002, 5.868805e-002
7.983853e+002, 5.651901e-002
8.003137e+002, 5.431847e-002
8.022422e+002, 5.217564e-002
8.041707e+002, 4.998030e-002
8.060991e+002, 4.814236e-002
8.080276e+002, 4.655054e-002
8.099561e+002, 4.475668e-002
8.118845e+002, 4.306846e-002
8.138130e+002, 4.174467e-002
8.157415e+002, 4.046536e-002
8.176699e+002, 3.939160e-002
8.195984e+002, 3.849154e-002
8.215269e+002, 3.767461e-002
8.234553e+002, 3.683608e-002
8.253838e+002, 3.625687e-002
8.273123e+002, 3.589457e-002
8.292407e+002, 3.564705e-002
8.311692e+002, 3.564106e-002
8.330977e+002, 3.575280e-002
8.350261e+002, 3.610480e-002
8.369546e+002, 3.673742e-002
8.388831e+002, 3.727761e-002
8.408115e+002, 3.794507e-002
8.427400e+002, 3.870671e-002
8.446685e+002, 3.941353e-002
8.465969e+002, 4.030236e-002
8.485254e+002, 4.119665e-002
8.504539e+002, 4.225181e-002
8.523823e+002, 4.339514e-002
8.543108e+002, 4.445668e-002
8.562393e+002, 4.579213e-002
8.581677e+002, 4.723855e-002
8.600962e+002, 4.858303e-002
8.620247e+002, 4.986382e-002
8.639531e+002, 5.103642e-002
8.658816e+002, 5.212073e-002
8.678101e+002, 5.328804e-002
8.697385e+002, 5.473470e-002
8.716670e+002, 5.623613e-002
8.735955e+002, 5.758622e-002
8.755239e+002, 5.875082e-002
8.774524e+002, 5.992595e-002
8.793809e+002, 6.125785e-002
8.813093e+002, 6.217794e-002
8.832378e+002, 6.313707e-002
8.851663e+002, 6.457146e-002
8.870947e+002, 6.593488e-002
8.890232e+002, 6.703852e-002
8.909517e+002, 6.814639e-002
8.928801e+002, 6.923734e-002
8.948085e+002, 7.024669e-002
8.967370e+002, 7.127925e-002
8.986655e+002, 7.256395e-002
9.005939e+002, 7.389652e-002
9.025224e+002, 7.513201e-002
9.044509e+002, 7.629757e-002
9.063793e+002, 7.766712e-002
9.083078e+002, 7.902859e-002
9.102363e+002, 8.059529e-002
9.121647e+002, 8.248363e-002
9.140932e+002, 8.456434e-002
9.160217e+002, 8.653542e-002
9.179501e+002, 8.875507e-002
9.198786e+002, 9.127536e-002
9.218071e+002, 9.402560e-002
9.237355e+002, 9.729821e-002
9.256640e+002, 1.008958e-001
9.275925e+002, 1.046474e-001
9.295209e+002, 1.088729e-001
9.314494e+002, 1.136047e-001
9.333779e+002, 1.188445e-001
9.353063e+002, 1.249054e-001
9.372348e+002, 1.316789e-001
9.391633e+002, 1.394423e-001
9.410917e+002, 1.482199e-001
9.430202e+002, 1.577624e-001
9.449487e+002, 1.680318e-001
9.468771e+002, 1.793137e-001
9.488056e+002, 1.920147e-001
9.507341e+002, 2.063164e-001
9.526625e+002, 2.216609e-001
9.545910e+002, 2.381874e-001
9.565195e+002, 2.558948e-001
9.584479e+002, 2.748615e-001
9.603764e+002, 2.945383e-001
9.623049e+002, 3.148595e-001
9.642333e+002, 3.357962e-001
9.661618e+002, 3.566002e-001
9.680903e+002, 3.769127e-001
9.700187e+002, 3.964680e-001
9.719472e+002, 4.148680e-001
9.738757e+002, 4.320724e-001
9.758041e+002, 4.473749e-001
9.777326e+002, 4.607935e-001
9.796611e+002, 4.724997e-001
9.815895e+002, 4.825310e-001
9.835180e+002, 4.909766e-001
9.854465e+002, 4.981160e-001
9.873749e+002, 5.039853e-001
9.893034e+002, 5.082472e-001
9.912319e+002, 5.112762e-001
9.931603e+002, 5.138350e-001
9.950888e+002, 5.152587e-001
9.970173e+002, 5.156075e-001
9.989457e+002, 5.154728e-001
1.000874e+003, 5.148238e-001
1.002803e+003, 5.134423e-001
1.004731e+003, 5.114419e-001
1.006660e+003, 5.087424e-001
1.008588e+003, 5.055774e-001
1.010517e+003, 5.019683e-001
1.012445e+003, 4.974580e-001
1.014373e+003, 4.922290e-001
1.016302e+003, 4.868114e-001
1.018230e+003, 4.808159e-001
1.020159e+003, 4.742949e-001
1.022087e+003, 4.680380e-001
1.024016e+003, 4.619372e-001
1.025944e+003, 4.555741e-001
1.027873e+003, 4.489149e-001
1.029801e+003, 4.424009e-001
1.031730e+003, 4.364880e-001
1.033658e+003, 4.310827e-001
1.035587e+003, 4.253229e-001
1.037515e+003, 4.191017e-001
1.039444e+003, 4.129083e-001
1.041372e+003, 4.070144e-001
1.043301e+003, 4.008842e-001
1.045229e+003, 3.944509e-001
1.047157e+003, 3.881787e-001
1.049086e+003, 3.812269e-001
1.051014e+003, 3.737201e-001
1.052943e+003, 3.663692e-001
1.054871e+003, 3.591025e-001
1.056800e+003, 3.513512e-001
1.058728e+003, 3.430220e-001
1.060657e+003, 3.340951e-001
1.062585e+003, 3.249736e-001
1.064514e+003, 3.157576e-001
1.066442e+003, 3.063072e-001
1.068371e+003, 2.960497e-001
1.070299e+003, 2.852095e-001
1.072228e+003, 2.747419e-001
1.074156e+003, 2.644424e-001
1.076084e+003, 2.543011e-001
1.078013e+003, 2.443770e-001
1.079941e+003, 2.351176e-001
1.081870e+003, 2.268278e-001
1.083798e+003, 2.194308e-001
1.085727e+003, 2.125780e-001
1.087655e+003, 2.063228e-001
1.089584e+003, 2.009565e-001
1.091512e+003, 1.962498e-001
1.093441e+003, 1.919887e-001
1.095369e+003, 1.879354e-001
1.097298e+003, 1.841630e-001
1.099226e+003, 1.807458e-001
1.101155e+003, 1.777444e-001
1.103083e+003, 1.750445e-001
1.105011e+003, 1.724235e-001
1.106940e+003, 1.701267e-001
1.108868e+003, 1.680200e-001
1.110797e+003, 1.659859e-001
1.112725e+003, 1.639651e-001
1.114654e+003, 1.619367e-001
1.116582e+003, 1.603778e-001
1.118511e+003, 1.587725e-001
1.120439e+003, 1.571169e-001
1.122368e+003, 1.557357e-001
1.124296e+003, 1.543629e-001
1.126225e+003, 1.527785e-001
1.128153e+003, 1.511601e-001
1.130082e+003, 1.497232e-001
1.132010e+003, 1.481709e-001
1.133938e+003, 1.465452e-001
1.135867e+003, 1.448651e-001
1.137795e+003, 1.431271e-001
1.139724e+003, 1.414128e-001
1.141652e+003, 1.397962e-001
1.143581e+003, 1.381884e-001
1.145509e+003, 1.363810e-001
1.147438e+003, 1.343122e-001
1.149366e+003, 1.322932e-001
1.151295e+003, 1.302742e-001
1.153223e+003, 1.282500e-001
1.155152e+003, 1.264812e-001
1.157080e+003, 1.246468e-001
1.159009e+003, 1.227458e-001
1.160937e+003, 1.209277e-001
1.162865e+003, 1.189985e-001
1.164794e+003, 1.170313e-001
1.166722e+003, 1.152747e-001
1.168651e+003, 1.134722e-001
1.170579e+003, 1.117898e-001
1.172508e+003, 1.100457e-001
1.174436e+003, 1.082075e-001
1.176365e+003, 1.063847e-001
1.178293e+003, 1.047958e-001
1.180222e+003, 1.031177e-001
1.182150e+003, 1.012978e-001
1.184079e+003, 9.951980e-002
1.186007e+003, 9.786536e-002
1.187936e+003, 9.606712e-002
1.189864e+003, 9.423093e-002
1.191792e+003, 9.240821e-002
1.193721e+003, 9.049459e-002
1.195649e+003, 8.815179e-002
1.197578e+003, 8.585450e-002
1.199506e+003, 8.329584e-002
1.201435e+003, 8.007801e-002
1.203363e+003, 7.634218e-002
1.205292e+003, 7.258786e-002
1.207220e+003, 6.871226e-002
1.209149e+003, 6.451324e-002
1.211077e+003, 6.018071e-002
1.213006e+003, 5.567033e-002
1.214934e+003, 5.127660e-002
1.216863e+003, 4.712021e-002
1.218791e+003, 4.314366e-002
1.220719e+003, 3.950606e-002
1.222648e+003, 3.618107e-002
1.224576e+003, 3.308382e-002
1.226505e+003, 3.051335e-002
1.228433e+003, 2.828440e-002
1.230362e+003, 2.616152e-002
1.232290e+003, 2.447160e-002
1.234219e+003, 2.296306e-002
1.236147e+003, 2.155123e-002
1.238076e+003, 2.033354e-002
1.240004e+003, 1.921601e-002
1.241933e+003, 1.807466e-002
1.243861e+003, 1.712102e-002
1.245790e+003, 1.635185e-002
1.247718e+003, 1.563303e-002
1.249646e+003, 1.509898e-002
1.251575e+003, 1.455733e-002
1.253503e+003, 1.371868e-002
1.255432e+003, 1.310511e-002
1.257360e+003, 1.278382e-002
1.259289e+003, 1.255281e-002
1.261217e+003, 1.217299e-002
1.263146e+003, 1.178518e-002
1.265074e+003, 1.134405e-002
1.267003e+003, 1.103440e-002
1.268931e+003, 1.090047e-002
1.270860e+003, 1.078268e-002
1.272788e+003, 1.057158e-002
1.274717e+003, 1.035756e-002
1.276645e+003, 1.010305e-002
1.278573e+003, 1.005066e-002
1.280502e+003, 9.978168e-003
1.282430e+003, 9.719006e-003
1.284359e+003, 9.469173e-003
1.286287e+003, 9.283919e-003
1.288216e+003, 9.155537e-003
1.290144e+003, 8.975605e-003
1.292073e+003, 8.837761e-003
1.294001e+003, 8.665575e-003
1.295930e+003, 8.387178e-003
1.297858e+003, 8.212834e-003
1.299787e+003, 8.015199e-003
1.301715e+003, 7.905630e-003
1.303644e+003, 7.885538e-003
1.305572e+003, 7.833552e-003
1.307500e+003, 7.752240e-003
1.309429e+003, 7.648185e-003
1.311357e+003, 7.544944e-003
1.313286e+003, 7.576327e-003
1.315214e+003, 7.628365e-003
1.317143e+003, 7.531898e-003
1.319071e+003, 7.287882e-003
1.321000e+003, 6.982243e-003
1.322928e+003, 6.997012e-003
1.324857e+003, 6.980177e-003
1.326785e+003, 6.844251e-003
1.328714e+003, 6.763173e-003
1.330642e+003, 6.770149e-003
1.332571e+003, 6.796868e-003
1.334499e+003, 6.730408e-003
1.336427e+003, 6.653000e-003
1.338356e+003, 6.585563e-003
1.340284e+003, 6.466050e-003
1.342213e+003, 6.410647e-003
1.344141e+003, 6.375567e-003
1.346070e+003, 6.424362e-003
1.347998e+003, 6.452610e-003
1.349927e+003, 6.383262e-003
1.351855e+003, 6.409588e-003
1.353784e+003, 6.344301e-003
1.355712e+003, 6.295216e-003
1.357641e+003, 6.401738e-003
1.359569e+003, 6.460898e-003
1.361498e+003, 6.426897e-003
1.363426e+003, 6.405207e-003
1.365354e+003, 6.483372e-003
1.367283e+003, 6.493411e-003
1.369211e+003, 6.363085e-003
1.371140e+003, 6.470643e-003
1.373068e+003, 6.513824e-003
1.374997e+003, 6.331503e-003
1.376925e+003, 6.354717e-003
1.378854e+003, 6.435714e-003
1.380782e+003, 6.415159e-003
1.382711e+003, 6.489490e-003
1.384639e+003, 6.600715e-003
1.386568e+003, 6.614936e-003
1.388496e+003, 6.456369e-003
1.390424e+003, 6.442478e-003
1.392353e+003, 6.457477e-003
1.394281e+003, 6.430494e-003
1.396210e+003, 6.577584e-003
1.398138e+003, 6.725186e-003
1.400067e+003, 6.668463e-003
1.401995e+003, 6.798501e-003
1.403924e+003, 6.929873e-003
1.405852e+003, 6.997038e-003
1.407781e+003, 6.920931e-003
1.409709e+003, 6.672021e-003
1.411638e+003, 6.763759e-003
1.413566e+003, 6.906435e-003
1.415495e+003, 6.841801e-003
1.417423e+003, 6.776746e-003
1.419351e+003, 6.708970e-003
1.421280e+003, 6.709567e-003
1.423208e+003, 6.817520e-003
1.425137e+003, 6.931853e-003
1.427065e+003, 6.896039e-003
1.428994e+003, 6.895322e-003
1.430922e+003, 6.968832e-003
1.432851e+003, 7.021886e-003
1.434779e+003, 6.924424e-003
1.436708e+003, 6.885275e-003
1.438636e+003, 7.034860e-003
1.440565e+003, 7.092862e-003
1.442493e+003, 7.026147e-003
1.444422e+003, 6.899574e-003
1.446350e+003, 6.839770e-003
1.448278e+003, 6.674740e-003
1.450207e+003, 6.641526e-003
1.452135e+003, 6.748524e-003
1.454064e+003, 6.865440e-003
1.455992e+003, 6.830864e-003
1.457921e+003, 6.490644e-003
1.459849e+003, 6.719921e-003
1.461778e+003, 6.680022e-003
1.463706e+003, 6.587485e-003
1.465635e+003, 6.418598e-003
1.467563e+003, 6.546150e-003
1.469492e+003, 6.703164e-003
1.471420e+003, 6.788796e-003
1.473349e+003, 6.483860e-003
1.475277e+003, 6.531625e-003
1.477205e+003, 6.486613e-003
1.479134e+003, 6.625016e-003
1.481062e+003, 6.631118e-003
1.482991e+003, 6.496244e-003
1.484919e+003, 6.480126e-003
1.486848e+003, 6.514695e-003
1.488776e+003, 6.422393e-003
1.490705e+003, 6.406753e-003
1.492633e+003, 6.612126e-003
1.494562e+003, 6.530669e-003
1.496490e+003, 6.358748e-003
1.498419e+003, 6.478888e-003
1.500347e+003, 6.575771e-003
1.502276e+003, 6.611018e-003
1.504204e+003, 6.606411e-003
1.506132e+003, 6.419728e-003
1.508061e+003, 6.361478e-003
1.509989e+003, 6.611133e-003
1.511918e+003, 6.768944e-003
1.513846e+003, 6.849879e-003
1.515775e+003, 6.790492e-003
1.517703e+003, 6.652825e-003
1.519632e+003, 7.019227e-003
1.521560e+003, 6.957185e-003
1.523489e+003, 7.146168e-003
1.525417e+003, 7.272074e-003
1.527346e+003, 7.268704e-003
1.529274e+003, 7.543360e-003
1.531203e+003, 7.814859e-003
1.533131e+003, 7.771401e-003
1.535059e+003, 7.920752e-003
1.536988e+003, 8.338800e-003
1.538916e+003, 8.233253e-003
1.540845e+003, 8.208874e-003
1.542773e+003, 8.364680e-003
1.544702e+003, 8.783337e-003
1.546630e+003, 8.921893e-003
1.548559e+003, 9.098334e-003
1.550487e+003, 9.198265e-003
1.552416e+003, 9.512560e-003
1.554344e+003, 9.543914e-003
1.556273e+003, 9.743083e-003
1.558201e+003, 9.840759e-003
1.560130e+003, 9.929752e-003
1.562058e+003, 1.041996e-002
1.563986e+003, 1.069182e-002
1.565915e+003, 1.100462e-002
1.567843e+003, 1.149681e-002
1.569772e+003, 1.142684e-002
1.571700e+003, 1.155416e-002
1.573629e+003, 1.208191e-002
1.575557e+003, 1.257025e-002
1.577486e+003, 1.278373e-002
1.579414e+003, 1.348705e-002
1.581343e+003, 1.407708e-002
1.583271e+003, 1.456589e-002
1.585200e+003, 1.510992e-002
1.587128e+003, 1.599355e-002
1.589057e+003, 1.701001e-002
1.590985e+003, 1.805987e-002
1.592913e+003, 1.912999e-002
1.594842e+003, 2.007632e-002
1.596770e+003, 2.119933e-002
1.598699e+003, 2.280887e-002
1.600627e+003, 2.451422e-002
1.602556e+003, 2.623724e-002
1.604484e+003, 2.813609e-002
1.606413e+003, 3.007908e-002
1.608341e+003, 3.223967e-002
1.610270e+003, 3.453898e-002
1.612198e+003, 3.681971e-002
1.614127e+003, 3.898380e-002
1.616055e+003, 4.083087e-002
1.617984e+003, 4.236037e-002
1.619912e+003, 4.400025e-002
1.621840e+003, 4.479471e-002
1.623769e+003, 4.541435e-002
1.625697e+003, 4.622744e-002
1.627626e+003, 4.624692e-002
1.629554e+003, 4.592104e-002
1.631483e+003, 4.564964e-002
1.633411e+003, 4.499919e-002
1.635340e+003, 4.357626e-002
1.637268e+003, 4.219345e-002
1.639197e+003, 4.090453e-002
1.641125e+003, 3.948851e-002
1.643054e+003, 3.808075e-002
1.644982e+003, 3.644998e-002
1.646911e+003, 3.447031e-002
1.648839e+003, 3.280813e-002
1.650767e+003, 3.133114e-002
1.652696e+003, 2.961100e-002
1.654624e+003, 2.810767e-002
1.656553e+003, 2.704575e-002
1.658481e+003, 2.565224e-002
1.660410e+003, 2.445896e-002
1.662338e+003, 2.347802e-002
1.664267e+003, 2.213178e-002
1.666195e+003, 2.084137e-002
1.668124e+003, 1.979817e-002
1.670052e+003, 1.865623e-002
1.671981e+003, 1.788055e-002
1.673909e+003, 1.708286e-002
1.675838e+003, 1.570767e-002
1.677766e+003, 1.508439e-002
1.679694e+003, 1.445443e-002
1.681623e+003, 1.329340e-002
1.683551e+003, 1.236134e-002
1.685480e+003, 1.156982e-002
1.687408e+003, 1.144041e-002
1.689337e+003, 1.110904e-002
1.691265e+003, 1.076656e-002
1.693194e+003, 1.036162e-002
1.695122e+003, 9.574337e-003
1.697051e+003, 8.478021e-003
1.698979e+003, 8.461008e-003
1.700908e+003, 7.629270e-003
1.702836e+003, 7.910873e-003
1.704765e+003, 7.597358e-003
1.706693e+003, 7.249348e-003
1.708621e+003, 7.112791e-003
1.710550e+003, 6.736482e-003
1.712478e+003, 6.503373e-003
1.714407e+003, 6.207868e-003
1.716335e+003, 6.023556e-003
1.718264e+003, 5.970385e-003
1.720192e+003, 6.099026e-003
1.722121e+003, 5.773744e-003
1.724049e+003, 5.390427e-003
1.725978e+003, 5.554103e-003
1.727906e+003, 5.267909e-003
1.729835e+003, 4.954487e-003
1.731763e+003, 4.574069e-003
1.733692e+003, 4.041489e-003
1.735620e+003, 3.619469e-003
1.737548e+003, 3.927468e-003
1.739477e+003, 3.692304e-003
1.741405e+003, 3.014831e-003
1.743334e+003, 2.952611e-003
1.745262e+003, 3.062247e-003
1.747191e+003, 3.187983e-003
1.749119e+003, 3.175003e-003
1.751048e+003, 3.146671e-003
1.752976e+003, 3.032061e-003
1.754905e+003, 3.103501e-003
1.756833e+003, 3.193302e-003
1.758762e+003, 3.370864e-003
1.760690e+003, 3.357907e-003
1.762619e+003, 3.070715e-003
1.764547e+003, 3.339321e-003
1.766475e+003, 3.441157e-003
1.768404e+003, 3.188090e-003
1.770332e+003, 3.163256e-003
1.772261e+003, 2.951609e-003
1.774189e+003, 3.198393e-003
1.776118e+003, 3.382730e-003
1.778046e+003, 3.318028e-003
1.779975e+003, 3.214070e-003
1.781903e+003, 3.164077e-003
1.783832e+003, 3.104785e-003
1.785760e+003, 3.077199e-003
1.787689e+003, 3.252030e-003
1.789617e+003, 3.381453e-003
1.791546e+003, 3.203761e-003
1.793474e+003, 2.846795e-003
1.795402e+003, 2.741707e-003
1.797331e+003, 2.751485e-003
1.799259e+003, 2.916019e-003
1.801188e+003, 2.911374e-003
1.803116e+003, 3.169192e-003
1.805045e+003, 3.217792e-003
1.806973e+003, 3.008331e-003
1.808902e+003, 2.721302e-003
1.810830e+003, 2.631757e-003
1.812759e+003, 2.641969e-003
1.814687e+003, 2.530519e-003
1.816616e+003, 2.700668e-003
1.818544e+003, 3.104177e-003
1.820473e+003, 2.987309e-003
1.822401e+003, 2.383727e-003
1.824329e+003, 2.044036e-003
1.826258e+003, 1.985685e-003
1.828186e+003, 2.541882e-003
1.830115e+003, 2.910677e-003
1.832043e+003, 2.909499e-003
1.833972e+003, 2.427238e-003
1.835900e+003, 2.076564e-003
1.837829e+003, 1.720828e-003
1.839757e+003, 1.787266e-003
1.841686e+003, 2.199077e-003
1.843614e+003, 2.176333e-003
1.845543e+003, 1.970043e-003
1.847471e+003, 1.803041e-003
1.849400e+003, 1.688674e-003
1.851328e+003, 1.759585e-003
1.853256e+003, 1.487553e-003
1.855185e+003, 1.686374e-003
1.857113e+003, 2.057737e-003
1.859042e+003, 1.894681e-003
1.860970e+003, 1.599471e-003
1.862899e+003, 1.274108e-003
1.864827e+003, 1.171282e-003
1.866756e+003, 1.334957e-003
1.868684e+003, 1.494055e-003
1.870613e+003, 1.095426e-003
1.872541e+003, 1.013313e-003
1.874470e+003, 1.274736e-003
1.876398e+003, 1.188350e-003
1.878327e+003, 8.780660e-004
1.880255e+003, 1.149301e-003
1.882183e+003, 1.059763e-003
1.884112e+003, 8.084377e-004
1.886040e+003, 7.829146e-004
1.887969e+003, 3.635990e-004
1.889897e+003, 4.463626e-004
1.891826e+003, 1.004519e-003
1.893754e+003, 4.941216e-004
1.895683e+003, -1.198777e-004
1.897611e+003, -4.244894e-004
1.899540e+003, -3.859703e-004
1.901468e+003, -2.432993e-005
1.903397e+003, -2.763718e-004
1.905325e+003, -7.933857e-004
1.907254e+003, -5.937089e-004
1.909182e+003, -4.130069e-004
1.911110e+003, -7.199100e-004
1.913039e+003, -9.029299e-004
1.914967e+003, -7.445253e-004
1.916896e+003, -8.010288e-004
1.918824e+003, -1.170497e-003
1.920753e+003, -1.557683e-003
1.922681e+003, -2.163269e-003
1.924610e+003, -2.621508e-003
1.926538e+003, -2.378386e-003
1.928467e+003, -2.593478e-003
1.930395e+003, -2.869213e-003
1.932324e+003, -2.829044e-003
1.934252e+003, -3.020953e-003
1.936181e+003, -3.353561e-003
1.938109e+003, -3.333858e-003
1.940037e+003, -3.650440e-003
1.941966e+003, -4.385235e-003
1.943894e+003, -4.861296e-003
1.945823e+003, -4.587049e-003
1.947751e+003, -4.732592e-003
1.949680e+003, -4.676466e-003
1.951608e+003, -5.016865e-003
1.953537e+003, -5.944249e-003
1.955465e+003, -6.142761e-003
1.957394e+003, -6.747840e-003
1.959322e+003, -7.360355e-003
1.961251e+003, -6.189253e-003
1.963179e+003, -6.617884e-003
1.965108e+003, -7.557380e-003
1.967036e+003, -7.968465e-003
1.968964e+003, -9.628208e-003
1.970893e+003, -1.034973e-002
1.972821e+003, -8.946161e-003
1.974750e+003, -8.779772e-003
1.976678e+003, -9.437967e-003
1.978607e+003, -7.643847e-003
1.980535e+003, -5.656163e-003
1.982464e+003, -5.111287e-003
1.984392e+003, -5.876091e-003
1.986321e+003, -7.063818e-003
1.988249e+003, -6.981462e-003
1.990178e+003, -6.873679e-003
1.992106e+003, -7.223149e-003
1.994035e+003, -7.359882e-003
1.995963e+003, -7.904108e-003
1.997891e+003, -8.784871e-003
1.999820e+003, -9.263699e-003
2.001748e+003, -8.970828e-003
2.003677e+003, -8.751912e-003
2.005605e+003, -1.048852e-002
2.007534e+003, -1.073727e-002
2.009462e+003, -1.034570e-002
2.011391e+003, -9.447602e-003
2.013319e+003, -7.993504e-003
2.015248e+003, -8.791319e-003
2.017176e+003, -9.073929e-003
2.019105e+003, -7.596730e-003
2.021033e+003, -7.694255e-003
2.022962e+003, -9.065116e-003
2.024890e+003, -9.345226e-003
2.026818e+003, -8.386822e-003
2.028747e+003, -8.087348e-003
2.030675e+003, -8.999728e-003
2.032604e+003, -8.492202e-003
2.034532e+003, -7.628545e-003
2.036461e+003, -7.108440e-003
2.038389e+003, -6.832462e-003
2.040318e+003, -6.743197e-003
2.042246e+003, -6.028150e-003
2.044175e+003, -5.834107e-003
2.046103e+003, -5.581750e-003
2.048032e+003, -4.954163e-003
2.049960e+003, -3.674553e-003
2.051889e+003, -4.209763e-003
2.053817e+003, -4.360070e-003
2.055746e+003, -4.144928e-003
2.057674e+003, -3.809161e-003
2.059603e+003, -3.100570e-003
2.061531e+003, -3.334157e-003
2.063459e+003, -3.303045e-003
2.065388e+003, -3.595908e-003
2.067316e+003, -3.784729e-003
2.069245e+003, -3.828857e-003
2.071173e+003, -3.291164e-003
2.073102e+003, -2.666847e-003
2.075030e+003, -2.291465e-003
2.076959e+003, -1.810372e-003
2.078887e+003, -1.979897e-003
2.080816e+003, -2.431255e-003
2.082744e+003, -2.212055e-003
2.084673e+003, -1.316278e-003
2.086601e+003, -1.513338e-003
2.088530e+003, -2.903559e-003
2.090458e+003, -3.173961e-003
2.092386e+003, -3.306424e-003
2.094315e+003, -3.638535e-003
2.096243e+003, -3.530205e-003
2.098172e+003, -3.198961e-003
2.100100e+003, -2.273497e-003
2.102029e+003, -1.679278e-003
2.103957e+003, -1.834390e-003
2.105886e+003, -2.622586e-003
2.107814e+003, -2.904461e-003
2.109743e+003, -2.287477e-003
2.111671e+003, -2.203642e-003
2.113600e+003, -2.786787e-003
2.115528e+003, -2.447667e-003
2.117457e+003, -2.436614e-003
2.119385e+003, -2.664237e-003
2.121313e+003, -3.078515e-003
2.123242e+003, -4.309351e-003
2.125170e+003, -4.517337e-003
2.127099e+003, -4.745764e-003
2.129027e+003, -5.366242e-003
2.130956e+003, -5.944001e-003
2.132884e+003, -6.221533e-003
2.134813e+003, -6.781516e-003
2.136741e+003, -7.230082e-003
2.138670e+003, -6.974000e-003
2.140598e+003, -7.020218e-003
2.142527e+003, -6.536614e-003
2.144455e+003, -6.895195e-003
2.146384e+003, -8.404327e-003
2.148312e+003, -8.484302e-003
2.150240e+003, -8.648362e-003
2.152169e+003, -9.014396e-003
2.154097e+003, -9.946434e-003
2.156026e+003, -1.327161e-002
2.157954e+003, -1.106927e-002
2.159883e+003, -4.690382e-003
2.161811e+003, -2.481699e-003
2.163740e+003, -1.234037e-003
2.165668e+003, -1.146762e-003
2.167597e+003, -3.353588e-003
2.169525e+003, -6.013581e-003
2.171454e+003, -6.177647e-003
2.173382e+003, -4.505926e-003
2.175311e+003, -2.932667e-003
2.177239e+003, -2.929778e-003
2.179167e+003, -3.633447e-003
2.181096e+003, -3.827476e-003
2.183024e+003, -3.785713e-003
2.184953e+003, -3.840942e-003
2.186881e+003, -1.657522e-003
2.188810e+003, -2.525736e-003
2.190738e+003, -4.901500e-003
2.192667e+003, -4.421792e-003
2.194595e+003, -3.301627e-003
2.196524e+003, -3.491347e-003
2.198452e+003, -3.187672e-003
2.200381e+003, -1.932425e-003
2.202309e+003, -1.125970e-003
2.204238e+003, -6.680008e-004
2.206166e+003, -7.181834e-004
2.208094e+003, -1.122441e-003
2.210023e+003, -1.227108e-003
2.211951e+003, -2.505425e-003
2.213880e+003, -2.940998e-003
2.215808e+003, -1.004334e-003
2.217737e+003, -3.201235e-004
2.219665e+003, -1.865606e-004
2.221594e+003, -7.924049e-004
2.223522e+003, -9.153947e-004
2.225451e+003, -1.951922e-004
2.227379e+003, -3.286871e-004
2.229308e+003, -6.138438e-004
2.231236e+003, -5.956540e-004
2.233165e+003, -4.440593e-005
2.235093e+003, 7.165736e-004
2.237021e+003, -6.103085e-004
2.238950e+003, -4.995015e-004
2.240878e+003, -4.788061e-004
2.242807e+003, -8.551723e-004
2.244735e+003, -3.455815e-004
2.246664e+003, -6.666369e-004
2.248592e+003, -8.280468e-004
2.250521e+003, -6.239333e-004
2.252449e+003, -1.361062e-004
2.254378e+003, 1.844075e-004
2.256306e+003, 6.904014e-004
2.258235e+003, 6.674886e-004
2.260163e+003, 4.716542e-004
2.262092e+003, 5.083475e-004
2.264020e+003, 4.232636e-004
2.265948e+003, 3.062149e-004
2.267877e+003, 7.089630e-004
2.269805e+003, 5.627416e-004
2.271734e+003, 1.140165e-003
2.273662e+003, 1.891796e-003
2.275591e+003, 2.109423e-003
2.277519e+003, 2.208141e-003
2.279448e+003, 1.627783e-003
2.281376e+003, 1.839718e-003
2.283305e+003, 2.335690e-003
2.285233e+003, 2.511013e-003
2.287162e+003, 2.230581e-003
2.289090e+003, 2.362680e-003
2.291019e+003, 2.290016e-003
2.292947e+003, 2.404854e-003
2.294875e+003, 2.324687e-003
2.296804e+003, 2.250636e-003
2.298732e+003, 1.682730e-003
2.300661e+003, 1.369405e-003
2.302589e+003, 1.453508e-003
2.304518e+003, 1.618100e-003
2.306446e+003, 1.646351e-003
2.308375e+003, 2.154692e-003
2.310303e+003, 2.612303e-003
2.312232e+003, 2.480508e-003
2.314160e+003, 2.247002e-003
2.316089e+003, 2.210602e-003
2.318017e+003, 2.089194e-003
2.319946e+003, 2.072911e-003
2.321874e+003, 2.817604e-003
2.323802e+003, 3.230449e-003
2.325731e+003, 2.006158e-003
2.327659e+003, 1.391562e-003
2.329588e+003, 1.439065e-003
2.331516e+003, 1.272669e-003
2.333445e+003, 1.227843e-003
2.335373e+003, 1.384764e-003
2.337302e+003, 8.712448e-004
2.339230e+003, 7.267266e-004
2.341159e+003, 7.337917e-004
2.343087e+003, 7.787964e-004
2.345016e+003, 3.473396e-004
2.346944e+003, -1.601715e-004
2.348873e+003, 3.717083e-004
2.350801e+003, 9.336167e-004
2.352729e+003, 5.878833e-004
2.354658e+003, 2.594793e-004
2.356586e+003, -2.074989e-004
2.358515e+003, -2.611191e-004
2.360443e+003, -9.988493e-006
2.362372e+003, -1.216726e-004
2.364300e+003, -9.272052e-004
2.366229e+003, -1.258894e-003
2.368157e+003, -1.171903e-003
2.370086e+003, -1.129551e-003
2.372014e+003, -5.850863e-004
2.373942e+003, -8.846346e-005
2.375871e+003, -3.298279e-004
2.377799e+003, -2.002743e-004
2.379728e+003, 3.137343e-005
2.381656e+003, 5.821838e-004
2.383585e+003, 5.081494e-004
2.385513e+003, 4.786488e-004
2.387442e+003, 5.583100e-004
2.389370e+003, -1.189231e-004
2.391299e+003, -1.485915e-004
2.393227e+003, 2.682324e-004
2.395156e+003, 3.297346e-004
2.397084e+003, 2.720228e-004
2.399012e+003, 3.996284e-004
2.400941e+003, 4.164423e-004
2.402869e+003, 3.268990e-004
2.404798e+003, 6.396289e-004
2.406726e+003, 4.880493e-004
2.408655e+003, 7.331664e-004
2.410583e+003, 1.298022e-003
2.412512e+003, 8.773468e-004
2.414440e+003, 8.906445e-004
2.416369e+003, 1.585840e-003
2.418297e+003, 1.129454e-003
2.420226e+003, 4.805651e-004
2.422154e+003, 7.554681e-004
2.424083e+003, 1.211180e-003
2.426011e+003, 1.049202e-003
2.427939e+003, 7.821014e-004
2.429868e+003, 9.559860e-004
2.431796e+003, 1.468581e-003
2.433725e+003, 1.624106e-003
2.435653e+003, 1.430136e-003
2.437582e+003, 1.336249e-003
2.439510e+003, 1.140839e-003
2.441439e+003, 1.272066e-003
2.443367e+003, 1.270802e-003
2.445296e+003, 1.644328e-003
2.447224e+003, 1.413208e-003
2.449153e+003, 1.574021e-003
2.451081e+003, 1.975815e-003
2.453010e+003, 2.250814e-003
2.454938e+003, 2.593136e-003
2.456866e+003, 2.867236e-003
2.458795e+003, 2.420180e-003
2.460723e+003, 2.093275e-003
2.462652e+003, 1.842987e-003
2.464580e+003, 1.517266e-003
2.466509e+003, 1.150657e-003
2.468437e+003, 1.573069e-003
2.470366e+003, 2.036085e-003
2.472294e+003, 1.924010e-003
2.474223e+003, 1.680298e-003
2.476151e+003, 1.178967e-003
2.478080e+003, 1.398612e-003
2.480008e+003, 2.108342e-003
2.481937e+003, 2.259261e-003
2.483865e+003, 1.990912e-003
2.485793e+003, 2.047643e-003
2.487722e+003, 2.094474e-003
2.489650e+003, 1.694679e-003
2.491579e+003, 2.092485e-003
2.493507e+003, 2.057417e-003
2.495436e+003, 1.487376e-003
2.497364e+003, 1.781247e-003
2.499293e+003, 2.377495e-003
2.501221e+003, 2.280759e-003
2.503150e+003, 1.954756e-003
2.505078e+003, 1.548255e-003
2.507007e+003, 1.370622e-003
2.508935e+003, 1.972715e-003
2.510864e+003, 2.082376e-003
2.512792e+003, 1.534450e-003
2.514720e+003, 1.868471e-003
2.516649e+003, 2.084269e-003
2.518577e+003, 2.067032e-003
2.520506e+003, 2.028249e-003
2.522434e+003, 2.572931e-003
2.524363e+003, 2.640181e-003
2.526291e+003, 2.379159e-003
2.528220e+003, 2.404056e-003
2.530148e+003, 2.773811e-003
2.532077e+003, 2.465276e-003
2.534005e+003, 2.040901e-003
2.535934e+003, 2.100779e-003
2.537862e+003, 2.573594e-003
2.539791e+003, 2.748192e-003
2.541719e+003, 2.643833e-003
2.543647e+003, 2.546972e-003
2.545576e+003, 2.398129e-003
2.547504e+003, 2.293108e-003
2.549433e+003, 2.663887e-003
2.551361e+003, 2.979046e-003
2.553290e+003, 2.204007e-003
2.555218e+003, 2.263665e-003
2.557147e+003, 2.386638e-003
2.559075e+003, 2.532824e-003
2.561004e+003, 2.744409e-003
2.562932e+003, 3.020072e-003
2.564861e+003, 3.051601e-003
2.566789e+003, 3.499754e-003
2.568718e+003, 3.671975e-003
2.570646e+003, 2.786655e-003
2.572574e+003, 1.843301e-003
2.574503e+003, 1.498252e-003
2.576431e+003, 1.940771e-003
2.578360e+003, 2.429416e-003
2.580288e+003, 2.397969e-003
2.582217e+003, 1.933333e-003
2.584145e+003, 1.766576e-003
2.586074e+003, 2.873517e-003
2.588002e+003, 3.381139e-003
2.589931e+003, 3.060635e-003
2.591859e+003, 2.931086e-003
2.593788e+003, 3.216253e-003
2.595716e+003, 2.825473e-003
2.597645e+003, 2.867148e-003
2.599573e+003, 3.344423e-003
2.601501e+003, 2.908283e-003
2.603430e+003, 2.390240e-003
2.605358e+003, 2.885319e-003
2.607287e+003, 3.361666e-003
2.609215e+003, 3.437499e-003
2.611144e+003, 3.491841e-003
2.613072e+003, 3.437953e-003
2.615001e+003, 3.445946e-003
2.616929e+003, 3.526116e-003
2.618858e+003, 3.865791e-003
2.620786e+003, 4.385522e-003
2.622715e+003, 3.962416e-003
2.624643e+003, 3.754281e-003
2.626572e+003, 3.931472e-003
2.628500e+003, 3.696868e-003
2.630428e+003, 3.515726e-003
2.632357e+003, 3.698517e-003
2.634285e+003, 4.370299e-003
2.636214e+003, 4.411434e-003
2.638142e+003, 3.849412e-003
2.640071e+003, 3.610028e-003
2.641999e+003, 4.086670e-003
2.643928e+003, 4.659482e-003
2.645856e+003, 3.910664e-003
2.647785e+003, 3.312271e-003
2.649713e+003, 3.388326e-003
2.651642e+003, 3.757956e-003
2.653570e+003, 4.168752e-003
2.655499e+003, 3.874428e-003
2.657427e+003, 3.562684e-003
2.659355e+003, 3.817766e-003
2.661284e+003, 3.397451e-003
2.663212e+003, 2.982311e-003
2.665141e+003, 2.755377e-003
2.667069e+003, 3.117400e-003
2.668998e+003, 2.964132e-003
2.670926e+003, 2.603197e-003
2.672855e+003, 2.840217e-003
2.674783e+003, 3.011740e-003
2.676712e+003, 2.825477e-003
2.678640e+003, 2.694454e-003
2.680569e+003, 2.656868e-003
2.682497e+003, 2.868288e-003
2.684426e+003, 3.026268e-003
2.686354e+003, 3.043847e-003
2.688282e+003, 3.294964e-003
2.690211e+003, 3.402428e-003
2.692139e+003, 3.495921e-003
2.694068e+003, 3.557312e-003
2.695996e+003, 3.302723e-003
2.697925e+003, 3.120424e-003
2.699853e+003, 3.561629e-003
2.701782e+003, 3.785541e-003
2.703710e+003, 3.533456e-003
2.705639e+003, 3.529018e-003
2.707567e+003, 3.576948e-003
2.709496e+003, 3.158677e-003
2.711424e+003, 2.667339e-003
2.713353e+003, 2.375936e-003
2.715281e+003, 2.821076e-003
2.717209e+003, 3.337819e-003
2.719138e+003, 3.283245e-003
2.721066e+003, 3.273659e-003
2.722995e+003, 3.662656e-003
2.724923e+003, 3.847900e-003
2.726852e+003, 3.674974e-003
2.728780e+003, 3.493663e-003
2.730709e+003, 3.297730e-003
2.732637e+003, 3.181539e-003
2.734566e+003, 3.214273e-003
2.736494e+003, 3.320351e-003
2.738423e+003, 3.530033e-003
2.740351e+003, 3.563659e-003
2.742280e+003, 3.672152e-003
2.744208e+003, 4.082533e-003
2.746136e+003, 4.007650e-003
2.748065e+003, 3.693994e-003
2.749993e+003, 3.464160e-003
2.751922e+003, 3.360116e-003
2.753850e+003, 3.459306e-003
2.755779e+003, 3.930205e-003
2.757707e+003, 4.137083e-003
2.759636e+003, 3.666985e-003
2.761564e+003, 3.816549e-003
2.763493e+003, 4.636418e-003
2.765421e+003, 4.985300e-003
2.767350e+003, 4.491210e-003
2.769278e+003, 4.756193e-003
2.771207e+003, 5.140894e-003
2.773135e+003, 4.736355e-003
2.775063e+003, 4.525822e-003
2.776992e+003, 4.364413e-003
2.778920e+003, 4.128419e-003
2.780849e+003, 4.788972e-003
2.782777e+003, 5.049546e-003
2.784706e+003, 4.878938e-003
2.786634e+003, 5.056868e-003
2.788563e+003, 4.910254e-003
2.790491e+003, 4.585532e-003
2.792420e+003, 4.570433e-003
2.794348e+003, 4.639235e-003
2.796277e+003, 4.717310e-003
2.798205e+003, 5.284089e-003
2.800134e+003, 5.559310e-003
2.802062e+003, 5.603029e-003
2.803990e+003, 5.425978e-003
2.805919e+003, 5.104587e-003
2.807847e+003, 4.604101e-003
2.809776e+003, 4.316597e-003
2.811704e+003, 4.840238e-003
2.813633e+003, 5.607839e-003
2.815561e+003, 6.073042e-003
2.817490e+003, 5.611527e-003
2.819418e+003, 5.304882e-003
2.821347e+003, 5.292895e-003
2.823275e+003, 5.949843e-003
2.825204e+003, 6.114816e-003
2.827132e+003, 5.908024e-003
2.829061e+003, 5.562652e-003
2.830989e+003, 5.606977e-003
2.832917e+003, 5.934577e-003
2.834846e+003, 6.142741e-003
2.836774e+003, 5.892201e-003
2.838703e+003, 6.098013e-003
2.840631e+003, 6.304195e-003
2.842560e+003, 6.165609e-003
2.844488e+003, 6.128673e-003
2.846417e+003, 6.228282e-003
2.848345e+003, 6.315001e-003
2.850274e+003, 6.530646e-003
2.852202e+003, 6.120128e-003
2.854131e+003, 5.466544e-003
2.856059e+003, 5.839317e-003
2.857988e+003, 5.822359e-003
2.859916e+003, 5.682075e-003
2.861844e+003, 5.906763e-003
2.863773e+003, 6.312564e-003
2.865701e+003, 6.714184e-003
2.867630e+003, 6.912703e-003
2.869558e+003, 7.196970e-003
2.871487e+003, 6.924628e-003
2.873415e+003, 6.339401e-003
2.875344e+003, 6.467281e-003
2.877272e+003, 7.322486e-003
2.879201e+003, 8.057063e-003
2.881129e+003, 8.121804e-003
2.883058e+003, 7.868377e-003
2.884986e+003, 8.273245e-003
2.886915e+003, 7.973243e-003
2.888843e+003, 7.446485e-003
2.890771e+003, 7.698577e-003
2.892700e+003, 8.188467e-003
2.894628e+003, 8.160092e-003
2.896557e+003, 7.850312e-003
2.898485e+003, 7.862702e-003
2.900414e+003, 7.768160e-003
2.902342e+003, 7.524074e-003
2.904271e+003, 7.874917e-003
2.906199e+003, 8.181302e-003
2.908128e+003, 8.035420e-003
2.910056e+003, 7.987020e-003
2.911985e+003, 8.473689e-003
2.913913e+003, 8.831505e-003
2.915842e+003, 8.842875e-003
2.917770e+003, 9.177524e-003
2.919698e+003, 9.564965e-003
2.921627e+003, 8.608226e-003
2.923555e+003, 8.149819e-003
2.925484e+003, 8.382356e-003
2.927412e+003, 8.319735e-003
2.929341e+003, 8.505378e-003
2.931269e+003, 8.941287e-003
2.933198e+003, 8.624791e-003
2.935126e+003, 9.065292e-003
2.937055e+003, 1.021184e-002
2.938983e+003, 1.030332e-002
2.940912e+003, 9.955831e-003
2.942840e+003, 9.804348e-003
2.944769e+003, 9.883811e-003
2.946697e+003, 1.006975e-002
2.948625e+003, 1.007676e-002
2.950554e+003, 1.045811e-002
2.952482e+003, 1.073575e-002
2.954411e+003, 1.076926e-002
2.956339e+003, 1.052483e-002
2.958268e+003, 1.025476e-002
2.960196e+003, 1.002813e-002
2.962125e+003, 1.022032e-002
2.964053e+003, 1.043829e-002
2.965982e+003, 1.060502e-002
2.967910e+003, 1.091111e-002
2.969839e+003, 1.204959e-002
2.971767e+003, 1.271075e-002
2.973696e+003, 1.185118e-002
2.975624e+003, 1.157797e-002
2.977552e+003, 1.211030e-002
2.979481e+003, 1.255714e-002
2.981409e+003, 1.335462e-002
2.983338e+003, 1.338419e-002
2.985266e+003, 1.305082e-002
2.987195e+003, 1.305709e-002
2.989123e+003, 1.340143e-002
2.991052e+003, 1.326847e-002
2.992980e+003, 1.395703e-002
2.994909e+003, 1.460781e-002
2.996837e+003, 1.437407e-002
2.998766e+003, 1.408442e-002
3.000694e+003, 1.382510e-002
3.002623e+003, 1.396546e-002
3.004551e+003, 1.431208e-002
3.006479e+003, 1.430186e-002
3.008408e+003, 1.543790e-002
3.010336e+003, 1.623594e-002
3.012265e+003, 1.594266e-002
3.014193e+003, 1.602762e-002
3.016122e+003, 1.610200e-002
3.018050e+003, 1.610921e-002
3.019979e+003, 1.618077e-002
3.021907e+003, 1.656922e-002
3.023836e+003, 1.698064e-002
3.025764e+003, 1.738475e-002
3.027693e+003, 1.710495e-002
3.029621e+003, 1.727631e-002
3.031550e+003, 1.773095e-002
3.033478e+003, 1.758540e-002
3.035406e+003, 1.750919e-002
3.037335e+003, 1.768031e-002
3.039263e+003, 1.792802e-002
3.041192e+003, 1.800833e-002
3.043120e+003, 1.803105e-002
3.045049e+003, 1.804773e-002
3.046977e+003, 1.884878e-002
3.048906e+003, 1.927007e-002
3.050834e+003, 1.925705e-002
3.052763e+003, 1.933706e-002
3.054691e+003, 1.988809e-002
3.056620e+003, 2.026140e-002
3.058548e+003, 2.050943e-002
3.060477e+003, 2.131342e-002
3.062405e+003, 2.170014e-002
3.064333e+003, 2.129419e-002
3.066262e+003, 2.146662e-002
3.068190e+003, 2.252075e-002
3.070119e+003, 2.246564e-002
3.072047e+003, 2.220757e-002
3.073976e+003, 2.282554e-002
3.075904e+003, 2.314286e-002
3.077833e+003, 2.347925e-002
3.079761e+003, 2.385014e-002
3.081690e+003, 2.359109e-002
3.083618e+003, 2.364941e-002
3.085547e+003, 2.422556e-002
3.087475e+003, 2.454994e-002
3.089404e+003, 2.479658e-002
3.091332e+003, 2.466388e-002
3.093260e+003, 2.515708e-002
3.095189e+003, 2.633499e-002
3.097117e+003, 2.666000e-002
3.099046e+003, 2.630086e-002
3.100974e+003, 2.622094e-002
3.102903e+003, 2.639189e-002
3.104831e+003, 2.643397e-002
3.106760e+003, 2.729441e-002
3.108688e+003, 2.859597e-002
3.110617e+003, 2.892390e-002
3.112545e+003, 2.859293e-002
3.114474e+003, 2.884588e-002
3.116402e+003, 2.924672e-002
3.118331e+003, 2.933015e-002
3.120259e+003, 2.973596e-002
3.122188e+003, 3.013970e-002
3.124116e+003, 3.024534e-002
3.126044e+003, 2.980142e-002
3.127973e+003, 3.007851e-002
3.129901e+003, 3.139880e-002
3.131830e+003, 3.230057e-002
3.133758e+003, 3.276905e-002
3.135687e+003, 3.333065e-002
3.137615e+003, 3.421805e-002
3.139544e+003, 3.446668e-002
3.141472e+003, 3.450775e-002
3.143401e+003, 3.502778e-002
3.145329e+003, 3.502486e-002
3.147258e+003, 3.528379e-002
3.149186e+003, 3.530351e-002
3.151115e+003, 3.525144e-002
3.153043e+003, 3.591464e-002
3.154971e+003, 3.745088e-002
3.156900e+003, 3.800002e-002
3.158828e+003, 3.713958e-002
3.160757e+003, 3.713107e-002
3.162685e+003, 3.799544e-002
3.164614e+003, 3.847433e-002
3.166542e+003, 3.777483e-002
3.168471e+003, 3.846895e-002
3.170399e+003, 3.978178e-002
3.172328e+003, 4.014355e-002
3.174256e+003, 4.066704e-002
3.176185e+003, 4.097873e-002
3.178113e+003, 4.113189e-002
3.180042e+003, 4.161089e-002
3.181970e+003, 4.305451e-002
3.183898e+003, 4.298962e-002
3.185827e+003, 4.302979e-002
3.187755e+003, 4.419256e-002
3.189684e+003, 4.535099e-002
3.191612e+003, 4.557343e-002
3.193541e+003, 4.531469e-002
3.195469e+003, 4.518146e-002
3.197398e+003, 4.568410e-002
3.199326e+003, 4.617895e-002
3.201255e+003, 4.602316e-002
3.203183e+003, 4.579762e-002
3.205112e+003, 4.672516e-002
3.207040e+003, 4.811275e-002
3.208969e+003, 4.796308e-002
3.210897e+003, 4.717534e-002
3.212825e+003, 4.749482e-002
3.214754e+003, 4.822525e-002
3.216682e+003, 4.848772e-002
3.218611e+003, 4.865223e-002
3.220539e+003, 4.913691e-002
3.222468e+003, 4.953649e-002
3.224396e+003, 4.899844e-002
3.226325e+003, 4.860419e-002
3.228253e+003, 4.964957e-002
3.230182e+003, 5.064176e-002
3.232110e+003, 5.125290e-002
3.234039e+003, 5.074272e-002
3.235967e+003, 5.048047e-002
3.237896e+003, 5.169651e-002
3.239824e+003, 5.228566e-002
3.241752e+003, 5.087345e-002
3.243681e+003, 4.983379e-002
3.245609e+003, 5.006742e-002
3.247538e+003, 5.061956e-002
3.249466e+003, 5.082220e-002
3.251395e+003, 5.153150e-002
3.253323e+003, 5.226039e-002
3.255252e+003, 5.284335e-002
3.257180e+003, 5.290104e-002
3.259109e+003, 5.303085e-002
3.261037e+003, 5.398298e-002
3.262966e+003, 5.398687e-002
3.264894e+003, 5.333796e-002
3.266823e+003, 5.339088e-002
3.268751e+003, 5.364435e-002
3.270679e+003, 5.453423e-002
3.272608e+003, 5.509068e-002
3.274536e+003, 5.566677e-002
3.276465e+003, 5.569144e-002
3.278393e+003, 5.546624e-002
3.280322e+003, 5.634084e-002
3.282250e+003, 5.687182e-002
3.284179e+003, 5.611754e-002
3.286107e+003, 5.602760e-002
3.288036e+003, 5.673783e-002
3.289964e+003, 5.697504e-002
3.291893e+003, 5.715004e-002
3.293821e+003, 5.726365e-002
3.295750e+003, 5.773007e-002
3.297678e+003, 5.810532e-002
3.299606e+003, 5.882302e-002
3.301535e+003, 5.913107e-002
3.303463e+003, 5.913183e-002
3.305392e+003, 5.910339e-002
3.307320e+003, 6.033857e-002
3.309249e+003, 6.132624e-002
3.311177e+003, 6.040204e-002
3.313106e+003, 5.998318e-002
3.315034e+003, 6.013442e-002
3.316963e+003, 6.082776e-002
3.318891e+003, 6.175272e-002
3.320820e+003, 6.210053e-002
3.322748e+003, 6.238465e-002
3.324677e+003, 6.231222e-002
3.326605e+003, 6.271009e-002
3.328533e+003, 6.331811e-002
3.330462e+003, 6.396838e-002
3.332390e+003, 6.411673e-002
3.334319e+003, 6.429718e-002
3.336247e+003, 6.428994e-002
3.338176e+003, 6.553356e-002
3.340104e+003, 6.688323e-002
3.342033e+003, 6.704684e-002
3.343961e+003, 6.686722e-002
3.345890e+003, 6.689703e-002
3.347818e+003, 6.697203e-002
3.349747e+003, 6.701234e-002
3.351675e+003, 6.776540e-002
3.353604e+003, 6.874765e-002
3.355532e+003, 6.859292e-002
3.357460e+003, 6.842561e-002
3.359389e+003, 6.923578e-002
3.361317e+003, 7.016186e-002
3.363246e+003, 6.920883e-002
3.365174e+003, 6.918262e-002
3.367103e+003, 6.972713e-002
3.369031e+003, 6.929552e-002
3.370960e+003, 6.938381e-002
3.372888e+003, 6.886648e-002
3.374817e+003, 6.877068e-002
3.376745e+003, 6.957467e-002
3.378674e+003, 7.088861e-002
3.380602e+003, 7.191378e-002
3.382531e+003, 7.081860e-002
3.384459e+003, 7.057945e-002
3.386387e+003, 7.126427e-002
3.388316e+003, 7.175489e-002
3.390244e+003, 7.143252e-002
3.392173e+003, 7.131212e-002
3.394101e+003, 7.061298e-002
3.396030e+003, 6.999833e-002
3.397958e+003, 7.020598e-002
3.399887e+003, 7.063529e-002
3.401815e+003, 7.164485e-002
3.403744e+003, 7.232871e-002
3.405672e+003, 7.183380e-002
3.407601e+003, 7.053586e-002
3.409529e+003, 7.001352e-002
3.411458e+003, 7.031018e-002
3.413386e+003, 7.090100e-002
3.415314e+003, 7.110409e-002
3.417243e+003, 7.010029e-002
3.419171e+003, 6.945639e-002
3.421100e+003, 6.933539e-002
3.423028e+003, 6.939075e-002
3.424957e+003, 6.998617e-002
3.426885e+003, 6.997621e-002
3.428814e+003, 6.992409e-002
3.430742e+003, 6.924197e-002
3.432671e+003, 6.951137e-002
3.434599e+003, 7.005511e-002
3.436528e+003, 7.029961e-002
3.438456e+003, 7.035461e-002
3.440385e+003, 6.931017e-002
3.442313e+003, 6.989437e-002
3.444241e+003, 7.020006e-002
3.446170e+003, 6.874155e-002
3.448098e+003, 6.870479e-002
3.450027e+003, 6.990201e-002
3.451955e+003, 6.959723e-002
3.453884e+003, 6.906153e-002
3.455812e+003, 6.876129e-002
3.457741e+003, 6.777721e-002
3.459669e+003, 6.713904e-002
3.461598e+003, 6.765579e-002
3.463526e+003, 6.751928e-002
3.465455e+003, 6.655611e-002
3.467383e+003, 6.667043e-002
3.469312e+003, 6.655995e-002
3.471240e+003, 6.631231e-002
3.473168e+003, 6.530689e-002
3.475097e+003, 6.601913e-002
3.477025e+003, 6.711715e-002
3.478954e+003, 6.609576e-002
3.480882e+003, 6.512026e-002
3.482811e+003, 6.536391e-002
3.484739e+003, 6.626996e-002
3.486668e+003, 6.577368e-002
3.488596e+003, 6.456716e-002
3.490525e+003, 6.423268e-002
3.492453e+003, 6.530235e-002
3.494382e+003, 6.552365e-002
3.496310e+003, 6.389233e-002
3.498239e+003, 6.410367e-002
3.500167e+003, 6.441256e-002
3.502095e+003, 6.373134e-002
3.504024e+003, 6.363184e-002
3.505952e+003, 6.382622e-002
3.507881e+003, 6.464624e-002
3.509809e+003, 6.473362e-002
3.511738e+003, 6.396225e-002
3.513666e+003, 6.274398e-002
3.515595e+003, 6.250597e-002
3.517523e+003, 6.259737e-002
3.519452e+003, 6.307470e-002
3.521380e+003, 6.307721e-002
3.523309e+003, 6.277756e-002
3.525237e+003, 6.319924e-002
3.527166e+003, 6.310980e-002
3.529094e+003, 6.167565e-002
3.531022e+003, 6.131871e-002
3.532951e+003, 6.166662e-002
3.534879e+003, 6.121025e-002
3.536808e+003, 6.181506e-002
3.538736e+003, 6.080049e-002
3.540665e+003, 6.103012e-002
3.542593e+003, 6.192963e-002
3.544522e+003, 6.244838e-002
3.546450e+003, 6.235546e-002
3.548379e+003, 6.204620e-002
3.550307e+003, 6.262785e-002
3.552236e+003, 6.110534e-002
3.554164e+003, 6.021713e-002
3.556093e+003, 5.977441e-002
3.558021e+003, 5.944334e-002
3.559949e+003, 5.997932e-002
3.561878e+003, 6.023363e-002
3.563806e+003, 6.037538e-002
3.565735e+003, 5.927318e-002
3.567663e+003, 5.814238e-002
3.569592e+003, 5.840589e-002
3.571520e+003, 5.858742e-002
3.573449e+003, 5.902010e-002
3.575377e+003, 5.847936e-002
3.577306e+003, 5.798949e-002
3.579234e+003, 5.843941e-002
3.581163e+003, 5.883308e-002
3.583091e+003, 5.939266e-002
3.585020e+003, 5.895852e-002
3.586948e+003, 5.733514e-002
3.588876e+003, 5.733702e-002
3.590805e+003, 5.888660e-002
3.592733e+003, 5.907836e-002
3.594662e+003, 5.868248e-002
3.596590e+003, 5.842718e-002
3.598519e+003, 5.802297e-002
3.600447e+003, 5.671769e-002
3.602376e+003, 5.691302e-002
3.604304e+003, 5.695155e-002
3.606233e+003, 5.538337e-002
3.608161e+003, 5.397207e-002
3.610090e+003, 5.345805e-002
3.612018e+003, 5.480881e-002
3.613947e+003, 5.346278e-002
3.615875e+003, 5.094181e-002
3.617803e+003, 4.916386e-002
3.619732e+003, 4.810014e-002
3.621660e+003, 4.727772e-002
3.623589e+003, 4.727958e-002
3.625517e+003, 4.564508e-002
3.627446e+003, 4.262588e-002
3.629374e+003, 4.253390e-002
3.631303e+003, 4.181882e-002
3.633231e+003, 3.886553e-002
3.635160e+003, 3.737531e-002
3.637088e+003, 3.623385e-002
3.639017e+003, 3.368014e-002
3.640945e+003, 3.100008e-002
3.642874e+003, 2.958570e-002
3.644802e+003, 2.815652e-002
3.646730e+003, 2.625399e-002
3.648659e+003, 2.459692e-002
3.650587e+003, 2.128687e-002
3.652516e+003, 1.866520e-002
3.654444e+003, 1.737387e-002
3.656373e+003, 1.675738e-002
3.658301e+003, 1.570298e-002
3.660230e+003, 1.346496e-002
3.662158e+003, 1.238712e-002
3.664087e+003, 1.057796e-002
3.666015e+003, 9.647325e-003
3.667944e+003, 8.976202e-003
3.669872e+003, 8.497509e-003
3.671801e+003, 7.416997e-003
3.673729e+003, 4.927106e-003
3.675657e+003, 4.114421e-003
3.677586e+003, 5.385385e-003
3.679514e+003, 5.857808e-003
3.681443e+003, 5.871958e-003
3.683371e+003, 4.506614e-003
3.685300e+003, 3.237204e-003
3.687228e+003, 1.827803e-003
3.689157e+003, -3.423223e-004
3.691085e+003, -8.707377e-005
3.693014e+003, 9.301131e-004
3.694942e+003, 1.042674e-003
3.696871e+003, 1.385741e-003
3.698799e+003, 2.199753e-003
3.700728e+003, 1.420621e-003
3.702656e+003, -6.005473e-004
3.704584e+003, -9.886674e-004
3.706513e+003, -1.473645e-003
3.708441e+003, -9.618925e-004
3.710370e+003, -6.404637e-004
3.712298e+003, 5.666928e-004
3.714227e+003, 8.175739e-004
3.716155e+003, 7.207990e-004
3.718084e+003, -7.102012e-004
3.720012e+003, -1.966783e-003
3.721941e+003, -2.188629e-003
3.723869e+003, -2.079148e-003
3.725798e+003, -1.780857e-003
3.727726e+003, -8.074015e-004
3.729655e+003, 6.364367e-005
3.731583e+003, -2.864066e-004
3.733511e+003, -1.709742e-003
3.735440e+003, -1.780658e-003
3.737368e+003, -1.603537e-004
3.739297e+003, 7.934496e-004
3.741225e+003, -4.411275e-004
3.743154e+003, -1.506765e-003
3.745082e+003, -2.050021e-003
3.747011e+003, -1.824731e-004
3.748939e+003, -4.787294e-004
3.750868e+003, -1.537841e-003
3.752796e+003, -1.792266e-003
3.754725e+003, -1.145027e-003
3.756653e+003, -1.096666e-003
3.758582e+003, -2.062068e-004
3.760510e+003, -1.339065e-003
3.762438e+003, -1.381616e-003
3.764367e+003, -3.784797e-004
3.766295e+003, 1.151319e-003
3.768224e+003, -1.060502e-004
3.770152e+003, -2.939431e-003
3.772081e+003, -2.743359e-003
3.774009e+003, -1.496040e-003
3.775938e+003, -3.213808e-004
3.777866e+003, 2.241051e-004
3.779795e+003, -8.085535e-004
3.781723e+003, -4.627764e-004
3.783652e+003, 2.530413e-004
3.785580e+003, -6.446191e-004
3.787509e+003, -1.462956e-003
3.789437e+003, -2.545171e-003
3.791365e+003, -2.363612e-003
3.793294e+003, -1.923965e-003
3.795222e+003, -1.207200e-003
3.797151e+003, -1.451268e-004
3.799079e+003, 1.778151e-005
3.801008e+003, -9.930212e-004
3.802936e+003, -1.969383e-003
3.804865e+003, -1.397589e-003
3.806793e+003, -1.277669e-003
3.808722e+003, -1.260307e-003
3.810650e+003, -3.607798e-004
3.812579e+003, -7.280182e-004
3.814507e+003, -1.056494e-003
3.816436e+003, -1.818825e-003
3.818364e+003, 2.374951e-004
3.820292e+003, 2.576696e-004
3.822221e+003, -1.334133e-003
3.824149e+003, -1.017605e-003
3.826078e+003, -1.198770e-003
3.828006e+003, -1.329733e-003
3.829935e+003, -1.912789e-003
3.831863e+003, -2.651657e-003
3.833792e+003, -1.253254e-003
3.835720e+003, -1.640730e-003
3.837649e+003, -2.668371e-003
3.839577e+003, -1.256028e-003
3.841506e+003, 9.000005e-005
3.843434e+003, -4.279144e-004
3.845363e+003, -3.505765e-004
3.847291e+003, -1.764584e-003
3.849219e+003, -2.785263e-003
3.851148e+003, -3.012428e-003
3.853076e+003, -5.181353e-003
3.855005e+003, -5.528646e-003
3.856933e+003, -3.319563e-003
3.858862e+003, -2.263581e-003
3.860790e+003, -2.497495e-003
3.862719e+003, -2.508877e-003
3.864647e+003, -1.838888e-003
3.866576e+003, -2.845455e-003
3.868504e+003, -3.468846e-003
3.870433e+003, -2.806482e-003
3.872361e+003, -1.331254e-003
3.874290e+003, -1.388335e-003
3.876218e+003, -1.715734e-003
3.878146e+003, -2.437904e-003
3.880075e+003, -2.814806e-003
3.882003e+003, -2.494103e-003
3.883932e+003, -2.308634e-003
3.885860e+003, -2.220215e-003
3.887789e+003, -1.320078e-003
3.889717e+003, -9.502695e-004
3.891646e+003, -7.501302e-004
3.893574e+003, -7.221708e-006
3.895503e+003, -5.406463e-004
3.897431e+003, -1.603647e-003
3.899360e+003, -2.258302e-003
3.901288e+003, -1.978761e-003
3.903217e+003, -2.831317e-003
3.905145e+003, -3.473092e-003
3.907073e+003, -3.699644e-003
3.909002e+003, -4.332366e-003
3.910930e+003, -2.182539e-003
3.912859e+003, -1.275158e-003
3.914787e+003, -1.603831e-003
3.916716e+003, -6.022628e-004
3.918644e+003, -1.043287e-003
3.920573e+003, -2.274819e-003
3.922501e+003, -2.622421e-003
3.924430e+003, -1.305698e-003
3.926358e+003, -1.000065e-003
3.928287e+003, -1.863052e-003
3.930215e+003, -1.800852e-003
3.932144e+003, -1.431055e-003
3.934072e+003, -2.994214e-003
3.936000e+003, -3.845867e-003
3.937929e+003, -3.345686e-003
3.939857e+003, -3.017567e-003
3.941786e+003, -2.833894e-003
3.943714e+003, -2.143089e-003
3.945643e+003, -2.647636e-003
3.947571e+003, -4.814717e-003
3.949500e+003, -5.313641e-003
3.951428e+003, -3.852946e-003
3.953357e+003, -2.155699e-003
3.955285e+003, -1.568986e-003
3.957214e+003, -1.206941e-003
3.959142e+003, -1.483162e-003
3.961071e+003, -1.377726e-003
3.962999e+003, -1.895596e-003
3.964927e+003, -1.374929e-003
3.966856e+003, 5.091477e-004
3.968784e+003, 2.189185e-004
3.970713e+003, -1.810177e-003
3.972641e+003, -2.509143e-003
3.974570e+003, -1.396276e-003
3.976498e+003, -1.919069e-004
3.978427e+003, -7.699388e-004
3.980355e+003, -2.625484e-003
3.982284e+003, -3.227100e-003
3.984212e+003, -3.158303e-003
3.986141e+003, -2.715846e-003
3.988069e+003, -1.563708e-003
3.989998e+003, -1.532477e-003
3.991926e+003, -1.784246e-003
3.993854e+003, -1.290198e-003
3.995783e+003, -1.634421e-003
3.997711e+003, -1.693263e-003
3.999640e+003, -1.692616e-003
##END=



