##NAMES=Hydroxylherderite
##RRUFFID=R050518
##IDEAL CHEMISTRY=CaBe(P^5+^O_4_)(OH)
##LOCALITY=Mt. Apatite, Auburn, Maine, USA
##OWNER=RRUFF
##SOURCE=University of Arizona Mineral Museum
##DESCRIPTION=Colorless prismatic crystals
##STATUS=The identification of this mineral has been confirmed by X-ray diffraction and chemical analysis
##URL=rruff.info/R050518
##MEASURED CHEMISTRY=Ca_1.00_Be_1.00_(P_1.00_O_4_)((OH)_0.75_F_0.25_)_Σ=1_
3.991926e+002, 1.123336e-001
4.011211e+002, 1.242796e-001
4.030495e+002, 1.382405e-001
4.049780e+002, 1.494893e-001
4.069065e+002, 1.617691e-001
4.088349e+002, 1.764757e-001
4.107634e+002, 1.947598e-001
4.126919e+002, 2.126364e-001
4.146203e+002, 2.201676e-001
4.165488e+002, 2.181934e-001
4.184773e+002, 2.057177e-001
4.204057e+002, 1.837170e-001
4.223342e+002, 1.557527e-001
4.242627e+002, 1.292958e-001
4.261911e+002, 1.124515e-001
4.281196e+002, 1.019852e-001
4.300481e+002, 9.627339e-002
4.319765e+002, 9.520459e-002
4.339050e+002, 9.520147e-002
4.358335e+002, 9.581572e-002
4.377619e+002, 9.835323e-002
4.396904e+002, 1.027207e-001
4.416189e+002, 1.078992e-001
4.435473e+002, 1.158985e-001
4.454758e+002, 1.265884e-001
4.474043e+002, 1.385879e-001
4.493327e+002, 1.491556e-001
4.512612e+002, 1.606738e-001
4.531897e+002, 1.761156e-001
4.551181e+002, 1.960289e-001
4.570466e+002, 2.150762e-001
4.589751e+002, 2.290093e-001
4.609035e+002, 2.329582e-001
4.628320e+002, 2.251630e-001
4.647605e+002, 2.056915e-001
4.666889e+002, 1.797489e-001
4.686174e+002, 1.548074e-001
4.705459e+002, 1.357466e-001
4.724743e+002, 1.258820e-001
4.744028e+002, 1.230545e-001
4.763313e+002, 1.258180e-001
4.782597e+002, 1.345168e-001
4.801882e+002, 1.411866e-001
4.821167e+002, 1.291904e-001
4.840451e+002, 1.065069e-001
4.859736e+002, 9.343537e-002
4.879021e+002, 9.084629e-002
4.898305e+002, 9.364098e-002
4.917590e+002, 9.832489e-002
4.936875e+002, 1.045043e-001
4.956159e+002, 1.109922e-001
4.975444e+002, 1.187529e-001
4.994729e+002, 1.261518e-001
5.014013e+002, 1.341997e-001
5.033298e+002, 1.430928e-001
5.052583e+002, 1.527303e-001
5.071867e+002, 1.641009e-001
5.091152e+002, 1.754032e-001
5.110437e+002, 1.873825e-001
5.129721e+002, 1.988639e-001
5.149006e+002, 2.078810e-001
5.168290e+002, 2.158557e-001
5.187575e+002, 2.251582e-001
5.206860e+002, 2.376085e-001
5.226144e+002, 2.517742e-001
5.245429e+002, 2.657148e-001
5.264714e+002, 2.804140e-001
5.283998e+002, 2.953245e-001
5.303283e+002, 3.087783e-001
5.322568e+002, 3.220225e-001
5.341852e+002, 3.347750e-001
5.361137e+002, 3.472258e-001
5.380422e+002, 3.584315e-001
5.399706e+002, 3.661958e-001
5.418991e+002, 3.697866e-001
5.438276e+002, 3.697752e-001
5.457560e+002, 3.635682e-001
5.476845e+002, 3.523658e-001
5.496130e+002, 3.370684e-001
5.515414e+002, 3.172320e-001
5.534699e+002, 2.952661e-001
5.553984e+002, 2.714103e-001
5.573268e+002, 2.470303e-001
5.592553e+002, 2.240674e-001
5.611838e+002, 2.059707e-001
5.631122e+002, 1.973195e-001
5.650407e+002, 2.016971e-001
5.669692e+002, 2.151870e-001
5.688976e+002, 2.252377e-001
5.708261e+002, 2.233813e-001
5.727546e+002, 2.125446e-001
5.746830e+002, 2.000118e-001
5.766115e+002, 1.878333e-001
5.785400e+002, 1.768284e-001
5.804684e+002, 1.663817e-001
5.823969e+002, 1.558287e-001
5.843254e+002, 1.442669e-001
5.862538e+002, 1.322859e-001
5.881823e+002, 1.197230e-001
5.901108e+002, 1.067631e-001
5.920392e+002, 9.414660e-002
5.939677e+002, 8.271758e-002
5.958962e+002, 7.316010e-002
5.978246e+002, 6.540544e-002
5.997531e+002, 5.985675e-002
6.016816e+002, 5.647155e-002
6.036100e+002, 5.462458e-002
6.055385e+002, 5.419280e-002
6.074670e+002, 5.485474e-002
6.093954e+002, 5.581557e-002
6.113239e+002, 5.716952e-002
6.132524e+002, 5.907216e-002
6.151808e+002, 6.237516e-002
6.171093e+002, 6.760413e-002
6.190378e+002, 7.332922e-002
6.209662e+002, 7.610472e-002
6.228947e+002, 7.622489e-002
6.248232e+002, 7.824741e-002
6.267516e+002, 8.493501e-002
6.286801e+002, 9.686976e-002
6.306086e+002, 1.137585e-001
6.325370e+002, 1.322173e-001
6.344655e+002, 1.446615e-001
6.363940e+002, 1.436171e-001
6.383224e+002, 1.287327e-001
6.402509e+002, 1.075808e-001
6.421794e+002, 8.859524e-002
6.441078e+002, 7.705961e-002
6.460363e+002, 7.323526e-002
6.479648e+002, 7.444099e-002
6.498932e+002, 7.774634e-002
6.518217e+002, 8.183787e-002
6.537502e+002, 8.711156e-002
6.556786e+002, 9.432988e-002
6.576071e+002, 1.032926e-001
6.595356e+002, 1.126849e-001
6.614641e+002, 1.208237e-001
6.633925e+002, 1.262212e-001
6.653210e+002, 1.297145e-001
6.672495e+002, 1.333050e-001
6.691779e+002, 1.382216e-001
6.711064e+002, 1.453168e-001
6.730349e+002, 1.553023e-001
6.749633e+002, 1.675959e-001
6.768918e+002, 1.806722e-001
6.788203e+002, 1.941211e-001
6.807487e+002, 2.078741e-001
6.826772e+002, 2.221100e-001
6.846057e+002, 2.371764e-001
6.865341e+002, 2.526821e-001
6.884626e+002, 2.677702e-001
6.903911e+002, 2.818727e-001
6.923195e+002, 2.935830e-001
6.942480e+002, 3.011789e-001
6.961765e+002, 3.039433e-001
6.981049e+002, 3.014850e-001
7.000334e+002, 2.960289e-001
7.019619e+002, 2.901023e-001
7.038903e+002, 2.856719e-001
7.058188e+002, 2.825985e-001
7.077473e+002, 2.801406e-001
7.096757e+002, 2.779081e-001
7.116042e+002, 2.753257e-001
7.135327e+002, 2.728559e-001
7.154611e+002, 2.713007e-001
7.173896e+002, 2.708363e-001
7.193181e+002, 2.713389e-001
7.212465e+002, 2.726110e-001
7.231750e+002, 2.737795e-001
7.251035e+002, 2.739442e-001
7.270319e+002, 2.725391e-001
7.289604e+002, 2.697566e-001
7.308889e+002, 2.653477e-001
7.328173e+002, 2.589025e-001
7.347458e+002, 2.509386e-001
7.366743e+002, 2.418184e-001
7.386027e+002, 2.322080e-001
7.405312e+002, 2.230311e-001
7.424597e+002, 2.147211e-001
7.443881e+002, 2.078232e-001
7.463166e+002, 2.031142e-001
7.482451e+002, 2.011852e-001
7.501735e+002, 2.030896e-001
7.521020e+002, 2.089598e-001
7.540305e+002, 2.180272e-001
7.559589e+002, 2.293423e-001
7.578874e+002, 2.420212e-001
7.598159e+002, 2.549981e-001
7.617443e+002, 2.670318e-001
7.636728e+002, 2.781122e-001
7.656013e+002, 2.892202e-001
7.675297e+002, 3.012156e-001
7.694582e+002, 3.139721e-001
7.713867e+002, 3.267807e-001
7.733151e+002, 3.377713e-001
7.752436e+002, 3.458141e-001
7.771721e+002, 3.494228e-001
7.791005e+002, 3.473745e-001
7.810290e+002, 3.410043e-001
7.829575e+002, 3.315036e-001
7.848859e+002, 3.202882e-001
7.868144e+002, 3.089349e-001
7.887429e+002, 2.979541e-001
7.906713e+002, 2.869394e-001
7.925998e+002, 2.758997e-001
7.945283e+002, 2.652410e-001
7.964567e+002, 2.557355e-001
7.983852e+002, 2.468042e-001
8.003137e+002, 2.386403e-001
8.022421e+002, 2.315207e-001
8.041706e+002, 2.252731e-001
8.060991e+002, 2.191508e-001
8.080275e+002, 2.131680e-001
8.099560e+002, 2.077282e-001
8.118845e+002, 2.024032e-001
8.138129e+002, 1.969951e-001
8.157414e+002, 1.921805e-001
8.176699e+002, 1.875753e-001
8.195983e+002, 1.828714e-001
8.215268e+002, 1.783133e-001
8.234553e+002, 1.739112e-001
8.253837e+002, 1.698581e-001
8.273122e+002, 1.661891e-001
8.292407e+002, 1.624385e-001
8.311691e+002, 1.588881e-001
8.330976e+002, 1.551584e-001
8.350261e+002, 1.513056e-001
8.369545e+002, 1.469607e-001
8.388830e+002, 1.422407e-001
8.408115e+002, 1.373375e-001
8.427399e+002, 1.322562e-001
8.446684e+002, 1.267646e-001
8.465969e+002, 1.210080e-001
8.485253e+002, 1.152472e-001
8.504538e+002, 1.095646e-001
8.523823e+002, 1.040394e-001
8.543107e+002, 9.846582e-002
8.562392e+002, 9.285523e-002
8.581677e+002, 8.758976e-002
8.600961e+002, 8.215211e-002
8.620246e+002, 7.665827e-002
8.639531e+002, 7.149048e-002
8.658815e+002, 6.697358e-002
8.678100e+002, 6.281635e-002
8.697385e+002, 5.930080e-002
8.716669e+002, 5.660405e-002
8.735954e+002, 5.446224e-002
8.755239e+002, 5.322380e-002
8.774523e+002, 5.272700e-002
8.793808e+002, 5.290917e-002
8.813093e+002, 5.410504e-002
8.832377e+002, 5.610832e-002
8.851662e+002, 5.875665e-002
8.870947e+002, 6.227833e-002
8.890231e+002, 6.650676e-002
8.909516e+002, 7.119528e-002
8.928801e+002, 7.625448e-002
8.948085e+002, 8.126289e-002
8.967370e+002, 8.534234e-002
8.986655e+002, 8.816452e-002
9.005939e+002, 8.918037e-002
9.025224e+002, 8.805726e-002
9.044509e+002, 8.471624e-002
9.063793e+002, 7.984441e-002
9.083078e+002, 7.418548e-002
9.102363e+002, 6.870045e-002
9.121647e+002, 6.386478e-002
9.140932e+002, 5.989363e-002
9.160217e+002, 5.691987e-002
9.179501e+002, 5.488110e-002
9.198786e+002, 5.366952e-002
9.218071e+002, 5.296576e-002
9.237355e+002, 5.294323e-002
9.256640e+002, 5.378560e-002
9.275925e+002, 5.513230e-002
9.295209e+002, 5.671170e-002
9.314494e+002, 5.880939e-002
9.333779e+002, 6.152188e-002
9.353063e+002, 6.461561e-002
9.372348e+002, 6.811266e-002
9.391633e+002, 7.228895e-002
9.410917e+002, 7.698366e-002
9.430202e+002, 8.224341e-002
9.449487e+002, 8.834918e-002
9.468771e+002, 9.535468e-002
9.488056e+002, 1.032826e-001
9.507341e+002, 1.121387e-001
9.526625e+002, 1.220440e-001
9.545910e+002, 1.330871e-001
9.565195e+002, 1.454306e-001
9.584479e+002, 1.589469e-001
9.603764e+002, 1.738420e-001
9.623049e+002, 1.904423e-001
9.642333e+002, 2.086382e-001
9.661618e+002, 2.284565e-001
9.680903e+002, 2.502850e-001
9.700187e+002, 2.740592e-001
9.719472e+002, 2.988365e-001
9.738757e+002, 3.225062e-001
9.758041e+002, 3.427833e-001
9.777326e+002, 3.586141e-001
9.796611e+002, 3.707027e-001
9.815895e+002, 3.809426e-001
9.835180e+002, 3.900945e-001
9.854465e+002, 3.978186e-001
9.873749e+002, 4.043765e-001
9.893034e+002, 4.099062e-001
9.912319e+002, 4.143364e-001
9.931603e+002, 4.178450e-001
9.950888e+002, 4.204575e-001
9.970173e+002, 4.220995e-001
9.989457e+002, 4.230171e-001
1.000874e+003, 4.229247e-001
1.002803e+003, 4.217232e-001
1.004731e+003, 4.197251e-001
1.006660e+003, 4.166425e-001
1.008588e+003, 4.121585e-001
1.010517e+003, 4.054728e-001
1.012445e+003, 3.966097e-001
1.014373e+003, 3.863846e-001
1.016302e+003, 3.751178e-001
1.018230e+003, 3.631521e-001
1.020159e+003, 3.517488e-001
1.022087e+003, 3.422620e-001
1.024016e+003, 3.351661e-001
1.025944e+003, 3.292198e-001
1.027873e+003, 3.223132e-001
1.029801e+003, 3.129364e-001
1.031730e+003, 3.009104e-001
1.033658e+003, 2.868437e-001
1.035587e+003, 2.715487e-001
1.037515e+003, 2.555243e-001
1.039443e+003, 2.394054e-001
1.041372e+003, 2.236225e-001
1.043300e+003, 2.082659e-001
1.045229e+003, 1.930985e-001
1.047157e+003, 1.781967e-001
1.049086e+003, 1.641177e-001
1.051014e+003, 1.514333e-001
1.052943e+003, 1.407728e-001
1.054871e+003, 1.332351e-001
1.056800e+003, 1.294219e-001
1.058728e+003, 1.293942e-001
1.060657e+003, 1.331334e-001
1.062585e+003, 1.409459e-001
1.064514e+003, 1.535857e-001
1.066442e+003, 1.719447e-001
1.068370e+003, 1.958440e-001
1.070299e+003, 2.230704e-001
1.072227e+003, 2.489066e-001
1.074156e+003, 2.680645e-001
1.076084e+003, 2.777695e-001
1.078013e+003, 2.792469e-001
1.079941e+003, 2.759348e-001
1.081870e+003, 2.710719e-001
1.083798e+003, 2.669450e-001
1.085727e+003, 2.647397e-001
1.087655e+003, 2.651685e-001
1.089584e+003, 2.683987e-001
1.091512e+003, 2.746654e-001
1.093441e+003, 2.844306e-001
1.095369e+003, 2.962283e-001
1.097297e+003, 3.067602e-001
1.099226e+003, 3.123274e-001
1.101154e+003, 3.103641e-001
1.103083e+003, 3.016721e-001
1.105011e+003, 2.886364e-001
1.106940e+003, 2.734635e-001
1.108868e+003, 2.581394e-001
1.110797e+003, 2.439301e-001
1.112725e+003, 2.314588e-001
1.114654e+003, 2.206337e-001
1.116582e+003, 2.107971e-001
1.118511e+003, 2.015618e-001
1.120439e+003, 1.931121e-001
1.122368e+003, 1.855552e-001
1.124296e+003, 1.792253e-001
1.126224e+003, 1.746522e-001
1.128153e+003, 1.715970e-001
1.130081e+003, 1.696248e-001
1.132010e+003, 1.689129e-001
1.133938e+003, 1.695060e-001
1.135867e+003, 1.713061e-001
1.137795e+003, 1.736576e-001
1.139724e+003, 1.760346e-001
1.141652e+003, 1.773639e-001
1.143581e+003, 1.754625e-001
1.145509e+003, 1.689276e-001
1.147438e+003, 1.583940e-001
1.149366e+003, 1.462745e-001
1.151295e+003, 1.345837e-001
1.153223e+003, 1.241044e-001
1.155151e+003, 1.148880e-001
1.157080e+003, 1.068991e-001
1.159008e+003, 9.985578e-002
1.160937e+003, 9.318376e-002
1.162865e+003, 8.677775e-002
1.164794e+003, 8.046883e-002
1.166722e+003, 7.426098e-002
1.168651e+003, 6.816851e-002
1.170579e+003, 6.206762e-002
1.172508e+003, 5.609475e-002
1.174436e+003, 5.048012e-002
1.176365e+003, 4.518582e-002
1.178293e+003, 4.039611e-002
1.180222e+003, 3.602177e-002
1.182150e+003, 3.202216e-002
1.184078e+003, 2.844211e-002
1.186007e+003, 2.534039e-002
1.187935e+003, 2.289774e-002
1.189864e+003, 2.088761e-002
1.191792e+003, 1.899724e-002
1.193721e+003, 1.745776e-002
1.195649e+003, 1.613409e-002
1.197578e+003, 1.496160e-002
1.199506e+003, 1.404451e-002
1.201435e+003, 1.325232e-002
1.203363e+003, 1.257761e-002
1.205292e+003, 1.196426e-002
1.207220e+003, 1.133732e-002
1.209149e+003, 1.072136e-002
1.211077e+003, 1.021550e-002
1.213005e+003, 9.639490e-003
1.214934e+003, 9.064551e-003
1.216862e+003, 8.608565e-003
1.218791e+003, 8.319336e-003
1.220719e+003, 7.919458e-003
1.222648e+003, 7.479395e-003
1.224576e+003, 7.164485e-003
1.226505e+003, 6.873362e-003
1.228433e+003, 6.520194e-003
1.230362e+003, 6.232063e-003
1.232290e+003, 6.098789e-003
1.234219e+003, 5.981719e-003
1.236147e+003, 5.660119e-003
1.238076e+003, 5.326481e-003
1.240004e+003, 5.124440e-003
1.241932e+003, 4.957987e-003
1.243861e+003, 4.807690e-003
1.245789e+003, 4.562239e-003
1.247718e+003, 4.294299e-003
1.249646e+003, 4.104519e-003
1.251575e+003, 4.075159e-003
1.253503e+003, 4.029583e-003
1.255432e+003, 3.899561e-003
1.257360e+003, 3.645723e-003
1.259289e+003, 3.476977e-003
1.261217e+003, 3.330084e-003
1.263146e+003, 3.243712e-003
1.265074e+003, 3.285125e-003
1.267003e+003, 3.252667e-003
1.268931e+003, 3.202634e-003
1.270859e+003, 3.196430e-003
1.272788e+003, 3.232575e-003
1.274716e+003, 3.303016e-003
1.276645e+003, 3.367493e-003
1.278573e+003, 3.278685e-003
1.280502e+003, 3.132139e-003
1.282430e+003, 3.112369e-003
1.284359e+003, 3.102325e-003
1.286287e+003, 2.961125e-003
1.288216e+003, 2.923592e-003
1.290144e+003, 2.884484e-003
1.292073e+003, 2.689599e-003
1.294001e+003, 2.582095e-003
1.295930e+003, 2.660947e-003
1.297858e+003, 2.584167e-003
1.299786e+003, 2.391289e-003
1.301715e+003, 2.292636e-003
1.303643e+003, 2.332116e-003
1.305572e+003, 2.442503e-003
1.307500e+003, 2.433846e-003
1.309429e+003, 2.425710e-003
1.311357e+003, 2.334788e-003
1.313286e+003, 2.223947e-003
1.315214e+003, 2.129544e-003
1.317143e+003, 2.119533e-003
1.319071e+003, 2.078464e-003
1.321000e+003, 1.931042e-003
1.322928e+003, 1.890465e-003
1.324857e+003, 1.957741e-003
1.326785e+003, 1.921160e-003
1.328714e+003, 1.904891e-003
1.330642e+003, 1.824561e-003
1.332570e+003, 1.675005e-003
1.334499e+003, 1.658632e-003
1.336427e+003, 1.622188e-003
1.338356e+003, 1.579581e-003
1.340284e+003, 1.537925e-003
1.342213e+003, 1.565656e-003
1.344141e+003, 1.565545e-003
1.346070e+003, 1.489960e-003
1.347998e+003, 1.402612e-003
1.349927e+003, 1.412795e-003
1.351855e+003, 1.421736e-003
1.353784e+003, 1.486911e-003
1.355712e+003, 1.523714e-003
1.357641e+003, 1.597474e-003
1.359569e+003, 1.684095e-003
1.361497e+003, 1.709847e-003
1.363426e+003, 1.635914e-003
1.365354e+003, 1.699073e-003
1.367283e+003, 1.921781e-003
1.369211e+003, 2.172966e-003
1.371140e+003, 2.415458e-003
1.373068e+003, 2.569221e-003
1.374997e+003, 2.741934e-003
1.376925e+003, 2.869328e-003
1.378854e+003, 2.890716e-003
1.380782e+003, 2.940886e-003
1.382711e+003, 2.935077e-003
1.384639e+003, 2.775789e-003
1.386568e+003, 2.687664e-003
1.388496e+003, 2.685886e-003
1.390424e+003, 2.699910e-003
1.392353e+003, 2.709385e-003
1.394281e+003, 2.828861e-003
1.396210e+003, 2.922370e-003
1.398138e+003, 2.999931e-003
1.400067e+003, 3.095244e-003
1.401995e+003, 3.040204e-003
1.403924e+003, 2.874462e-003
1.405852e+003, 2.832071e-003
1.407781e+003, 2.995613e-003
1.409709e+003, 3.214191e-003
1.411638e+003, 3.253645e-003
1.413566e+003, 3.251488e-003
1.415495e+003, 3.270672e-003
1.417423e+003, 3.298434e-003
1.419351e+003, 3.355394e-003
1.421280e+003, 3.363591e-003
1.423208e+003, 3.360137e-003
1.425137e+003, 3.370466e-003
1.427065e+003, 3.270863e-003
1.428994e+003, 3.210931e-003
1.430922e+003, 3.229452e-003
1.432851e+003, 3.337982e-003
1.434779e+003, 3.404221e-003
1.436708e+003, 3.461826e-003
1.438636e+003, 3.445182e-003
1.440565e+003, 3.419659e-003
1.442493e+003, 3.379354e-003
1.444422e+003, 3.332236e-003
1.446350e+003, 3.193330e-003
1.448278e+003, 3.176126e-003
1.450207e+003, 3.149779e-003
1.452135e+003, 3.122830e-003
1.454064e+003, 3.173700e-003
1.455992e+003, 3.332833e-003
1.457921e+003, 3.255473e-003
1.459849e+003, 3.041627e-003
1.461778e+003, 2.971244e-003
1.463706e+003, 2.979788e-003
1.465635e+003, 2.973278e-003
1.467563e+003, 2.944172e-003
1.469492e+003, 2.881773e-003
1.471420e+003, 2.877570e-003
1.473349e+003, 2.947294e-003
1.475277e+003, 2.950824e-003
1.477205e+003, 2.910028e-003
1.479134e+003, 2.884888e-003
1.481062e+003, 2.987988e-003
1.482991e+003, 3.013854e-003
1.484919e+003, 2.968989e-003
1.486848e+003, 2.885412e-003
1.488776e+003, 2.856118e-003
1.490705e+003, 2.839828e-003
1.492633e+003, 2.852950e-003
1.494562e+003, 2.919469e-003
1.496490e+003, 2.984910e-003
1.498419e+003, 3.052454e-003
1.500347e+003, 3.025781e-003
1.502276e+003, 2.961730e-003
1.504204e+003, 3.151762e-003
1.506132e+003, 3.495975e-003
1.508061e+003, 3.496832e-003
1.509989e+003, 3.365129e-003
1.511918e+003, 3.447996e-003
1.513846e+003, 3.643434e-003
1.515775e+003, 4.055401e-003
1.517703e+003, 4.454533e-003
1.519632e+003, 4.859417e-003
1.521560e+003, 5.174737e-003
1.523489e+003, 5.230512e-003
1.525417e+003, 5.163853e-003
1.527346e+003, 4.989936e-003
1.529274e+003, 4.731152e-003
1.531203e+003, 4.450354e-003
1.533131e+003, 4.350544e-003
1.535059e+003, 4.219094e-003
1.536988e+003, 4.173326e-003
1.538916e+003, 4.413514e-003
1.540845e+003, 4.378420e-003
1.542773e+003, 4.168670e-003
1.544702e+003, 4.028711e-003
1.546630e+003, 3.956889e-003
1.548559e+003, 4.022425e-003
1.550487e+003, 3.997539e-003
1.552416e+003, 4.002952e-003
1.554344e+003, 4.054993e-003
1.556273e+003, 4.147258e-003
1.558201e+003, 4.466245e-003
1.560130e+003, 4.483439e-003
1.562058e+003, 4.172795e-003
1.563986e+003, 4.049780e-003
1.565915e+003, 4.147714e-003
1.567843e+003, 4.187557e-003
1.569772e+003, 4.165422e-003
1.571700e+003, 4.197241e-003
1.573629e+003, 4.132323e-003
1.575557e+003, 4.158637e-003
1.577486e+003, 4.177222e-003
1.579414e+003, 4.157618e-003
1.581343e+003, 4.142487e-003
1.583271e+003, 4.163406e-003
1.585200e+003, 4.335509e-003
1.587128e+003, 4.423164e-003
1.589057e+003, 4.384420e-003
1.590985e+003, 4.425056e-003
1.592913e+003, 4.530269e-003
1.594842e+003, 4.490424e-003
1.596770e+003, 4.410538e-003
1.598699e+003, 4.462388e-003
1.600627e+003, 4.626192e-003
1.602556e+003, 4.596564e-003
1.604484e+003, 4.489446e-003
1.606413e+003, 4.404999e-003
1.608341e+003, 4.483801e-003
1.610270e+003, 4.636898e-003
1.612198e+003, 4.754993e-003
1.614127e+003, 4.631884e-003
1.616055e+003, 4.658195e-003
1.617984e+003, 4.730286e-003
1.619912e+003, 4.618289e-003
1.621840e+003, 4.579587e-003
1.623769e+003, 4.689380e-003
1.625697e+003, 4.697651e-003
1.627626e+003, 4.661234e-003
1.629554e+003, 4.689195e-003
1.631483e+003, 4.595926e-003
1.633411e+003, 4.523025e-003
1.635340e+003, 4.550933e-003
1.637268e+003, 4.452242e-003
1.639197e+003, 4.325888e-003
1.641125e+003, 4.124303e-003
1.643054e+003, 4.112536e-003
1.644982e+003, 4.372910e-003
1.646911e+003, 4.453196e-003
1.648839e+003, 4.222011e-003
1.650767e+003, 4.372537e-003
1.652696e+003, 4.713516e-003
1.654624e+003, 4.346050e-003
1.656553e+003, 3.940343e-003
1.658481e+003, 3.850343e-003
1.660410e+003, 3.883468e-003
1.662338e+003, 3.918600e-003
1.664267e+003, 3.751683e-003
1.666195e+003, 3.611816e-003
1.668124e+003, 3.687526e-003
1.670052e+003, 3.505387e-003
1.671981e+003, 3.259705e-003
1.673909e+003, 3.355004e-003
1.675838e+003, 3.441488e-003
1.677766e+003, 3.336042e-003
1.679694e+003, 3.285258e-003
1.681623e+003, 3.225100e-003
1.683551e+003, 3.251886e-003
1.685480e+003, 3.097950e-003
1.687408e+003, 2.830644e-003
1.689337e+003, 2.716062e-003
1.691265e+003, 2.650551e-003
1.693194e+003, 2.559951e-003
1.695122e+003, 2.672426e-003
1.697051e+003, 2.743928e-003
1.698979e+003, 2.710834e-003
1.700908e+003, 2.633148e-003
1.702836e+003, 2.356935e-003
1.704765e+003, 2.258301e-003
1.706693e+003, 2.132911e-003
1.708621e+003, 2.071783e-003
1.710550e+003, 2.047360e-003
1.712478e+003, 1.944084e-003
1.714407e+003, 1.893887e-003
1.716335e+003, 2.115898e-003
1.718264e+003, 2.017122e-003
1.720192e+003, 1.829854e-003
1.722121e+003, 1.758115e-003
1.724049e+003, 1.590000e-003
1.725978e+003, 1.422175e-003
1.727906e+003, 1.443506e-003
1.729835e+003, 1.415612e-003
1.731763e+003, 1.307755e-003
1.733692e+003, 1.199554e-003
1.735620e+003, 8.913561e-004
1.737548e+003, 6.454579e-004
1.739477e+003, 5.566672e-004
1.741405e+003, 2.654737e-004
1.743334e+003, 9.233782e-005
1.745262e+003, 1.785251e-005
1.747191e+003, 7.022192e-005
1.749119e+003, 1.957888e-004
1.751048e+003, 2.634566e-004
1.752976e+003, 3.199486e-004
1.754905e+003, 5.146874e-004
1.756833e+003, 7.009309e-004
1.758762e+003, 6.561063e-004
1.760690e+003, 9.116299e-004
1.762619e+003, 1.216445e-003
1.764547e+003, 1.304231e-003
1.766475e+003, 1.267215e-003
1.768404e+003, 1.150013e-003
1.770332e+003, 1.272192e-003
1.772261e+003, 1.244777e-003
1.774189e+003, 1.081010e-003
1.776118e+003, 1.079949e-003
1.778046e+003, 1.208699e-003
1.779975e+003, 1.266030e-003
1.781903e+003, 1.233301e-003
1.783832e+003, 1.192332e-003
1.785760e+003, 1.112935e-003
1.787689e+003, 1.049548e-003
1.789617e+003, 1.152243e-003
1.791546e+003, 1.336212e-003
1.793474e+003, 1.436672e-003
1.795402e+003, 1.478589e-003
1.797331e+003, 1.305940e-003
1.799259e+003, 1.078748e-003
1.801188e+003, 1.068438e-003
1.803116e+003, 1.116211e-003
1.805045e+003, 9.564557e-004
1.806973e+003, 7.957899e-004
1.808902e+003, 8.154441e-004
1.810830e+003, 7.679317e-004
1.812759e+003, 4.910032e-004
1.814687e+003, 4.201833e-004
1.816616e+003, 6.073700e-004
1.818544e+003, 9.246866e-004
1.820473e+003, 1.320438e-003
1.822401e+003, 1.266645e-003
1.824329e+003, 1.186528e-003
1.826258e+003, 1.164844e-003
1.828186e+003, 1.172759e-003
1.830115e+003, 1.245384e-003
1.832043e+003, 1.120157e-003
1.833972e+003, 1.023932e-003
1.835900e+003, 9.257658e-004
1.837829e+003, 8.969585e-004
1.839757e+003, 1.001743e-003
1.841686e+003, 1.047656e-003
1.843614e+003, 1.128121e-003
1.845543e+003, 9.338932e-004
1.847471e+003, 6.760161e-004
1.849400e+003, 7.669136e-004
1.851328e+003, 9.188660e-004
1.853256e+003, 9.879132e-004
1.855185e+003, 1.023485e-003
1.857113e+003, 8.504901e-004
1.859042e+003, 8.459206e-004
1.860970e+003, 1.158792e-003
1.862899e+003, 1.234331e-003
1.864827e+003, 1.013516e-003
1.866756e+003, 1.055848e-003
1.868684e+003, 1.387159e-003
1.870613e+003, 1.341382e-003
1.872541e+003, 1.221625e-003
1.874470e+003, 9.714179e-004
1.876398e+003, 7.585557e-004
1.878327e+003, 8.353057e-004
1.880255e+003, 9.626328e-004
1.882183e+003, 8.570983e-004
1.884112e+003, 6.800523e-004
1.886040e+003, 6.238459e-004
1.887969e+003, 5.445094e-004
1.889897e+003, 7.336080e-004
1.891826e+003, 1.032513e-003
1.893754e+003, 1.181794e-003
1.895683e+003, 1.076481e-003
1.897611e+003, 1.132042e-003
1.899540e+003, 1.316119e-003
1.901468e+003, 1.182520e-003
1.903397e+003, 1.098231e-003
1.905325e+003, 8.930475e-004
1.907254e+003, 7.412876e-004
1.909182e+003, 4.576188e-004
1.911110e+003, 5.210830e-004
1.913039e+003, 5.788893e-004
1.914967e+003, 6.327501e-004
1.916896e+003, 7.275890e-004
1.918824e+003, 6.379338e-004
1.920753e+003, 2.616481e-004
1.922681e+003, 3.765094e-004
1.924610e+003, 4.320393e-004
1.926538e+003, 2.574801e-004
1.928467e+003, 1.446395e-004
1.930395e+003, 1.691934e-005
1.932324e+003, 5.805248e-005
1.934252e+003, -1.455711e-004
1.936181e+003, -5.092910e-004
1.938109e+003, -7.218567e-004
1.940037e+003, -4.450432e-004
1.941966e+003, 9.135739e-005
1.943894e+003, 1.540359e-004
1.945823e+003, -5.323773e-004
1.947751e+003, -7.664883e-004
1.949680e+003, -4.683109e-004
1.951608e+003, -3.554823e-004
1.953537e+003, -7.021583e-004
1.955465e+003, -1.037919e-003
1.957394e+003, -1.055758e-003
1.959322e+003, -5.079270e-004
1.961251e+003, 4.806677e-004
1.963179e+003, 1.036481e-003
1.965108e+003, 6.688819e-004
1.967036e+003, 3.672992e-004
1.968964e+003, -1.516482e-004
1.970893e+003, -7.557683e-006
1.972821e+003, 2.905764e-004
1.974750e+003, 4.076036e-004
1.976678e+003, 1.557618e-003
1.978607e+003, 2.961248e-003
1.980535e+003, 1.922114e-003
1.982464e+003, 1.622203e-003
1.984392e+003, 1.483743e-003
1.986321e+003, 8.668844e-004
1.988249e+003, -4.094932e-005
1.990178e+003, -2.699345e-005
1.992106e+003, 1.284637e-003
1.994035e+003, 1.710362e-003
1.995963e+003, 1.480909e-003
1.997891e+003, 1.677284e-003
1.999820e+003, 1.758144e-003
2.001748e+003, 9.504077e-004
2.003677e+003, -1.974721e-004
2.005605e+003, -3.531622e-004
2.007534e+003, 1.308762e-003
2.009462e+003, 1.615787e-003
2.011391e+003, 6.499840e-004
2.013319e+003, 8.351002e-004
2.015248e+003, 7.160706e-004
2.017176e+003, 1.736846e-003
2.019105e+003, 1.635789e-003
2.021033e+003, 1.434427e-003
2.022962e+003, 1.167830e-003
2.024890e+003, 7.185414e-004
2.026818e+003, 1.408371e-003
2.028747e+003, 3.569447e-003
2.030675e+003, 3.182874e-003
2.032604e+003, 2.377500e-003
2.034532e+003, 2.207771e-003
2.036461e+003, 9.468682e-004
2.038389e+003, 1.147044e-003
2.040318e+003, 2.689825e-003
2.042246e+003, 3.265165e-003
2.044175e+003, 2.632489e-003
2.046103e+003, 1.528179e-003
2.048031e+003, 1.449002e-003
2.049960e+003, 2.380886e-003
2.051888e+003, 2.461778e-003
2.053817e+003, 1.939715e-003
2.055745e+003, 1.817837e-003
2.057674e+003, 1.659426e-003
2.059602e+003, 1.319825e-003
2.061531e+003, 8.524552e-004
2.063459e+003, 3.540583e-004
2.065388e+003, 6.611063e-004
2.067316e+003, 1.210380e-003
2.069245e+003, 1.508281e-003
2.071173e+003, 2.206255e-003
2.073102e+003, 2.040616e-003
2.075030e+003, 2.321034e-003
2.076958e+003, 1.910241e-003
2.078887e+003, 1.212624e-003
2.080815e+003, 1.656816e-003
2.082744e+003, 2.297920e-003
2.084672e+003, 2.532388e-003
2.086601e+003, 2.127836e-003
2.088529e+003, 2.091308e-003
2.090458e+003, 1.627123e-003
2.092386e+003, 1.247099e-003
2.094315e+003, 1.498877e-003
2.096243e+003, 2.336180e-003
2.098172e+003, 3.609085e-003
2.100100e+003, 3.414327e-003
2.102029e+003, 3.176373e-003
2.103957e+003, 3.316996e-003
2.105885e+003, 3.516394e-003
2.107814e+003, 3.579831e-003
2.109742e+003, 3.220569e-003
2.111671e+003, 2.554898e-003
2.113599e+003, 2.802706e-003
2.115528e+003, 3.598209e-003
2.117456e+003, 2.924040e-003
2.119385e+003, 1.638687e-003
2.121313e+003, 1.544889e-003
2.123242e+003, 2.164552e-003
2.125170e+003, 2.131810e-003
2.127099e+003, 1.345963e-003
2.129027e+003, 8.852754e-004
2.130956e+003, 1.096225e-003
2.132884e+003, 1.130615e-003
2.134813e+003, 1.062720e-003
2.136741e+003, 1.389783e-003
2.138669e+003, 1.073736e-003
2.140598e+003, 5.018814e-004
2.142526e+003, -1.850077e-004
2.144455e+003, -8.384278e-004
2.146383e+003, -8.899672e-004
2.148312e+003, -5.639018e-005
2.150240e+003, 3.672158e-004
2.152169e+003, 9.879656e-005
2.154097e+003, 4.119333e-004
2.156026e+003, 1.812447e-004
2.157954e+003, 7.009394e-004
2.159883e+003, 3.181889e-003
2.161811e+003, 4.099533e-003
2.163740e+003, 4.050069e-003
2.165668e+003, 4.734176e-003
2.167596e+003, 4.768133e-003
2.169525e+003, 3.724225e-003
2.171453e+003, 2.284146e-003
2.173382e+003, 3.084096e-003
2.175310e+003, 2.864055e-003
2.177239e+003, 2.744956e-003
2.179167e+003, 2.801906e-003
2.181096e+003, 2.486296e-003
2.183024e+003, 2.133567e-003
2.184953e+003, 2.439828e-003
2.186881e+003, 3.141040e-003
2.188810e+003, 3.342849e-003
2.190738e+003, 2.844430e-003
2.192667e+003, 2.289078e-003
2.194595e+003, 2.125845e-003
2.196523e+003, 2.237982e-003
2.198452e+003, 2.085347e-003
2.200380e+003, 2.733147e-003
2.202309e+003, 3.133482e-003
2.204237e+003, 2.979310e-003
2.206166e+003, 2.467293e-003
2.208094e+003, 1.934789e-003
2.210023e+003, 2.350137e-003
2.211951e+003, 2.552813e-003
2.213880e+003, 2.360705e-003
2.215808e+003, 2.555313e-003
2.217737e+003, 3.235526e-003
2.219665e+003, 3.527075e-003
2.221594e+003, 2.866657e-003
2.223522e+003, 2.692842e-003
2.225450e+003, 2.847945e-003
2.227379e+003, 2.996473e-003
2.229307e+003, 3.481358e-003
2.231236e+003, 3.321412e-003
2.233164e+003, 3.093761e-003
2.235093e+003, 3.759160e-003
2.237021e+003, 4.452425e-003
2.238950e+003, 4.979481e-003
2.240878e+003, 4.878478e-003
2.242807e+003, 4.658999e-003
2.244735e+003, 4.781888e-003
2.246664e+003, 4.411184e-003
2.248592e+003, 4.201422e-003
2.250521e+003, 4.179411e-003
2.252449e+003, 3.946673e-003
2.254377e+003, 3.843290e-003
2.256306e+003, 4.151050e-003
2.258234e+003, 3.908698e-003
2.260163e+003, 3.934832e-003
2.262091e+003, 3.954281e-003
2.264020e+003, 3.952189e-003
2.265948e+003, 3.806042e-003
2.267877e+003, 4.157671e-003
2.269805e+003, 4.623773e-003
2.271734e+003, 4.733313e-003
2.273662e+003, 4.790349e-003
2.275591e+003, 4.894709e-003
2.277519e+003, 4.808308e-003
2.279448e+003, 4.480321e-003
2.281376e+003, 4.018427e-003
2.283304e+003, 4.403108e-003
2.285233e+003, 5.019218e-003
2.287161e+003, 4.625206e-003
2.289090e+003, 4.192899e-003
2.291018e+003, 3.750918e-003
2.292947e+003, 3.540418e-003
2.294875e+003, 3.334604e-003
2.296804e+003, 3.153351e-003
2.298732e+003, 3.232549e-003
2.300661e+003, 3.426397e-003
2.302589e+003, 3.405725e-003
2.304518e+003, 3.401094e-003
2.306446e+003, 3.280191e-003
2.308375e+003, 2.920347e-003
2.310303e+003, 2.816548e-003
2.312231e+003, 3.353731e-003
2.314160e+003, 3.516196e-003
2.316088e+003, 3.478824e-003
2.318017e+003, 3.476574e-003
2.319945e+003, 3.925977e-003
2.321874e+003, 4.592281e-003
2.323802e+003, 4.692024e-003
2.325731e+003, 3.819063e-003
2.327659e+003, 3.046163e-003
2.329588e+003, 2.974273e-003
2.331516e+003, 2.823126e-003
2.333445e+003, 2.696607e-003
2.335373e+003, 2.821181e-003
2.337302e+003, 2.781237e-003
2.339230e+003, 2.915364e-003
2.341158e+003, 3.064232e-003
2.343087e+003, 2.978556e-003
2.345015e+003, 2.942564e-003
2.346944e+003, 2.899782e-003
2.348872e+003, 2.567357e-003
2.350801e+003, 2.640700e-003
2.352729e+003, 2.742312e-003
2.354658e+003, 2.727231e-003
2.356586e+003, 3.009598e-003
2.358515e+003, 3.314521e-003
2.360443e+003, 3.417955e-003
2.362372e+003, 3.198558e-003
2.364300e+003, 3.137574e-003
2.366229e+003, 2.946839e-003
2.368157e+003, 2.987860e-003
2.370085e+003, 3.149085e-003
2.372014e+003, 3.147772e-003
2.373942e+003, 2.932362e-003
2.375871e+003, 2.737672e-003
2.377799e+003, 2.571334e-003
2.379728e+003, 2.647969e-003
2.381656e+003, 2.836493e-003
2.383585e+003, 2.687417e-003
2.385513e+003, 2.593458e-003
2.387442e+003, 2.595846e-003
2.389370e+003, 2.678049e-003
2.391299e+003, 3.002478e-003
2.393227e+003, 3.174239e-003
2.395156e+003, 3.020731e-003
2.397084e+003, 2.596277e-003
2.399012e+003, 2.499786e-003
2.400941e+003, 2.893769e-003
2.402869e+003, 2.552895e-003
2.404798e+003, 2.131727e-003
2.406726e+003, 2.611232e-003
2.408655e+003, 3.246212e-003
2.410583e+003, 3.606541e-003
2.412512e+003, 3.293685e-003
2.414440e+003, 3.340889e-003
2.416369e+003, 3.496205e-003
2.418297e+003, 3.618485e-003
2.420226e+003, 3.449177e-003
2.422154e+003, 3.107720e-003
2.424083e+003, 3.267028e-003
2.426011e+003, 3.339488e-003
2.427939e+003, 3.404940e-003
2.429868e+003, 3.455578e-003
2.431796e+003, 3.479631e-003
2.433725e+003, 3.141332e-003
2.435653e+003, 3.329482e-003
2.437582e+003, 3.627391e-003
2.439510e+003, 3.720767e-003
2.441439e+003, 3.773280e-003
2.443367e+003, 3.376211e-003
2.445296e+003, 3.649532e-003
2.447224e+003, 3.880316e-003
2.449153e+003, 3.965788e-003
2.451081e+003, 4.357280e-003
2.453010e+003, 4.497237e-003
2.454938e+003, 4.298851e-003
2.456866e+003, 4.172034e-003
2.458795e+003, 4.201454e-003
2.460723e+003, 4.097279e-003
2.462652e+003, 4.174300e-003
2.464580e+003, 4.058850e-003
2.466509e+003, 3.574541e-003
2.468437e+003, 3.762120e-003
2.470366e+003, 3.957103e-003
2.472294e+003, 3.904593e-003
2.474223e+003, 3.632049e-003
2.476151e+003, 3.573302e-003
2.478080e+003, 3.467906e-003
2.480008e+003, 3.484447e-003
2.481937e+003, 3.553629e-003
2.483865e+003, 3.569017e-003
2.485793e+003, 3.712662e-003
2.487722e+003, 3.598844e-003
2.489650e+003, 3.554638e-003
2.491579e+003, 3.628847e-003
2.493507e+003, 3.808226e-003
2.495436e+003, 4.092370e-003
2.497364e+003, 4.111807e-003
2.499293e+003, 3.945324e-003
2.501221e+003, 3.956181e-003
2.503150e+003, 4.267997e-003
2.505078e+003, 4.595527e-003
2.507007e+003, 4.739539e-003
2.508935e+003, 4.269135e-003
2.510864e+003, 4.135455e-003
2.512792e+003, 4.368787e-003
2.514720e+003, 4.399591e-003
2.516649e+003, 4.339572e-003
2.518577e+003, 4.226701e-003
2.520506e+003, 4.018277e-003
2.522434e+003, 3.967817e-003
2.524363e+003, 4.068139e-003
2.526291e+003, 4.615677e-003
2.528220e+003, 5.340074e-003
2.530148e+003, 5.047820e-003
2.532077e+003, 4.897867e-003
2.534005e+003, 5.217630e-003
2.535934e+003, 5.308453e-003
2.537862e+003, 5.109814e-003
2.539791e+003, 4.854274e-003
2.541719e+003, 4.799428e-003
2.543647e+003, 4.802627e-003
2.545576e+003, 4.969680e-003
2.547504e+003, 4.828727e-003
2.549433e+003, 4.769671e-003
2.551361e+003, 5.175931e-003
2.553290e+003, 5.566095e-003
2.555218e+003, 5.237919e-003
2.557147e+003, 5.085748e-003
2.559075e+003, 5.175870e-003
2.561004e+003, 5.333737e-003
2.562932e+003, 5.673022e-003
2.564861e+003, 5.419970e-003
2.566789e+003, 5.034256e-003
2.568718e+003, 5.331743e-003
2.570646e+003, 5.381514e-003
2.572574e+003, 5.595577e-003
2.574503e+003, 5.933882e-003
2.576431e+003, 5.762161e-003
2.578360e+003, 5.414302e-003
2.580288e+003, 5.224809e-003
2.582217e+003, 5.335732e-003
2.584145e+003, 5.522695e-003
2.586074e+003, 5.696629e-003
2.588002e+003, 5.777238e-003
2.589931e+003, 6.017555e-003
2.591859e+003, 6.252661e-003
2.593788e+003, 5.932160e-003
2.595716e+003, 5.817012e-003
2.597645e+003, 6.092648e-003
2.599573e+003, 5.977072e-003
2.601501e+003, 5.520863e-003
2.603430e+003, 5.393473e-003
2.605358e+003, 5.636274e-003
2.607287e+003, 6.081719e-003
2.609215e+003, 6.263887e-003
2.611144e+003, 6.274783e-003
2.613072e+003, 6.270454e-003
2.615001e+003, 6.268796e-003
2.616929e+003, 6.287023e-003
2.618858e+003, 6.300734e-003
2.620786e+003, 6.320203e-003
2.622715e+003, 6.320052e-003
2.624643e+003, 6.122359e-003
2.626572e+003, 5.858029e-003
2.628500e+003, 5.866362e-003
2.630428e+003, 6.321711e-003
2.632357e+003, 6.405107e-003
2.634285e+003, 6.249618e-003
2.636214e+003, 6.325249e-003
2.638142e+003, 6.558685e-003
2.640071e+003, 6.409718e-003
2.641999e+003, 6.054612e-003
2.643928e+003, 6.055233e-003
2.645856e+003, 6.135076e-003
2.647785e+003, 6.228195e-003
2.649713e+003, 6.298057e-003
2.651642e+003, 6.137009e-003
2.653570e+003, 6.051946e-003
2.655499e+003, 5.822771e-003
2.657427e+003, 5.719228e-003
2.659355e+003, 5.619345e-003
2.661284e+003, 5.314754e-003
2.663212e+003, 5.354265e-003
2.665141e+003, 5.380132e-003
2.667069e+003, 5.311149e-003
2.668998e+003, 5.328393e-003
2.670926e+003, 5.090197e-003
2.672855e+003, 5.146449e-003
2.674783e+003, 5.342084e-003
2.676712e+003, 5.242332e-003
2.678640e+003, 4.999089e-003
2.680569e+003, 4.988693e-003
2.682497e+003, 4.989148e-003
2.684426e+003, 5.054199e-003
2.686354e+003, 5.435579e-003
2.688282e+003, 5.459444e-003
2.690211e+003, 5.279447e-003
2.692139e+003, 5.060676e-003
2.694068e+003, 5.051849e-003
2.695996e+003, 5.303893e-003
2.697925e+003, 5.326014e-003
2.699853e+003, 5.321743e-003
2.701782e+003, 5.305123e-003
2.703710e+003, 5.400979e-003
2.705639e+003, 5.455346e-003
2.707567e+003, 5.335419e-003
2.709496e+003, 5.190785e-003
2.711424e+003, 5.299795e-003
2.713353e+003, 5.161263e-003
2.715281e+003, 4.990111e-003
2.717209e+003, 5.132271e-003
2.719138e+003, 5.224403e-003
2.721066e+003, 5.195519e-003
2.722995e+003, 5.191946e-003
2.724923e+003, 5.165981e-003
2.726852e+003, 5.469118e-003
2.728780e+003, 5.608339e-003
2.730709e+003, 5.586861e-003
2.732637e+003, 5.604991e-003
2.734566e+003, 5.436194e-003
2.736494e+003, 5.384280e-003
2.738423e+003, 5.409596e-003
2.740351e+003, 5.430291e-003
2.742280e+003, 5.530878e-003
2.744208e+003, 5.635355e-003
2.746136e+003, 5.630899e-003
2.748065e+003, 5.621328e-003
2.749993e+003, 5.731921e-003
2.751922e+003, 5.767652e-003
2.753850e+003, 5.808363e-003
2.755779e+003, 5.948791e-003
2.757707e+003, 5.941949e-003
2.759636e+003, 5.985152e-003
2.761564e+003, 5.802694e-003
2.763493e+003, 5.528367e-003
2.765421e+003, 5.623571e-003
2.767350e+003, 5.790458e-003
2.769278e+003, 5.768324e-003
2.771207e+003, 6.030612e-003
2.773135e+003, 6.154394e-003
2.775063e+003, 6.002054e-003
2.776992e+003, 5.919305e-003
2.778920e+003, 5.881517e-003
2.780849e+003, 5.999575e-003
2.782777e+003, 5.952510e-003
2.784706e+003, 5.758896e-003
2.786634e+003, 5.956505e-003
2.788563e+003, 5.889987e-003
2.790491e+003, 5.785380e-003
2.792420e+003, 6.109876e-003
2.794348e+003, 6.052495e-003
2.796277e+003, 5.535754e-003
2.798205e+003, 5.416824e-003
2.800134e+003, 5.801592e-003
2.802062e+003, 6.138108e-003
2.803990e+003, 6.216751e-003
2.805919e+003, 6.184601e-003
2.807847e+003, 5.884346e-003
2.809776e+003, 5.848273e-003
2.811704e+003, 6.152236e-003
2.813633e+003, 6.369174e-003
2.815561e+003, 6.354615e-003
2.817490e+003, 6.312818e-003
2.819418e+003, 5.969409e-003
2.821347e+003, 5.903419e-003
2.823275e+003, 6.239407e-003
2.825204e+003, 6.331093e-003
2.827132e+003, 6.413565e-003
2.829061e+003, 6.786807e-003
2.830989e+003, 6.674675e-003
2.832917e+003, 6.388135e-003
2.834846e+003, 6.339048e-003
2.836774e+003, 6.291229e-003
2.838703e+003, 6.406323e-003
2.840631e+003, 6.370563e-003
2.842560e+003, 6.402093e-003
2.844488e+003, 6.237728e-003
2.846417e+003, 6.031757e-003
2.848345e+003, 5.721415e-003
2.850274e+003, 5.487765e-003
2.852202e+003, 5.432648e-003
2.854131e+003, 5.436798e-003
2.856059e+003, 5.641620e-003
2.857988e+003, 5.776519e-003
2.859916e+003, 5.656113e-003
2.861844e+003, 5.666978e-003
2.863773e+003, 5.794354e-003
2.865701e+003, 5.918553e-003
2.867630e+003, 6.062626e-003
2.869558e+003, 6.234693e-003
2.871487e+003, 6.365872e-003
2.873415e+003, 6.454186e-003
2.875344e+003, 6.690188e-003
2.877272e+003, 6.475618e-003
2.879201e+003, 6.176312e-003
2.881129e+003, 6.225367e-003
2.883058e+003, 6.468711e-003
2.884986e+003, 6.471216e-003
2.886915e+003, 6.356443e-003
2.888843e+003, 6.311151e-003
2.890771e+003, 6.092271e-003
2.892700e+003, 6.052231e-003
2.894628e+003, 6.440877e-003
2.896557e+003, 6.798777e-003
2.898485e+003, 6.619675e-003
2.900414e+003, 6.287672e-003
2.902342e+003, 6.208457e-003
2.904271e+003, 6.291032e-003
2.906199e+003, 6.139616e-003
2.908128e+003, 6.085522e-003
2.910056e+003, 5.955889e-003
2.911985e+003, 5.779745e-003
2.913913e+003, 5.839074e-003
2.915842e+003, 6.086188e-003
2.917770e+003, 5.833542e-003
2.919698e+003, 5.293780e-003
2.921627e+003, 5.335697e-003
2.923555e+003, 5.433210e-003
2.925484e+003, 5.216919e-003
2.927412e+003, 5.285051e-003
2.929341e+003, 5.578517e-003
2.931269e+003, 5.725128e-003
2.933198e+003, 5.754478e-003
2.935126e+003, 5.866236e-003
2.937055e+003, 5.735780e-003
2.938983e+003, 5.628084e-003
2.940912e+003, 6.101078e-003
2.942840e+003, 6.256067e-003
2.944769e+003, 6.127934e-003
2.946697e+003, 6.077020e-003
2.948625e+003, 6.096531e-003
2.950554e+003, 6.023126e-003
2.952482e+003, 6.384204e-003
2.954411e+003, 6.981938e-003
2.956339e+003, 6.945337e-003
2.958268e+003, 6.608770e-003
2.960196e+003, 6.523279e-003
2.962125e+003, 6.795198e-003
2.964053e+003, 6.951778e-003
2.965982e+003, 6.839070e-003
2.967910e+003, 6.809240e-003
2.969839e+003, 6.990454e-003
2.971767e+003, 7.109862e-003
2.973696e+003, 6.934684e-003
2.975624e+003, 6.787166e-003
2.977552e+003, 6.908503e-003
2.979481e+003, 7.283745e-003
2.981409e+003, 7.499798e-003
2.983338e+003, 7.406634e-003
2.985266e+003, 7.076356e-003
2.987195e+003, 6.947991e-003
2.989123e+003, 7.399447e-003
2.991052e+003, 7.386708e-003
2.992980e+003, 7.375341e-003
2.994909e+003, 7.507164e-003
2.996837e+003, 7.534579e-003
2.998766e+003, 7.902465e-003
3.000694e+003, 7.659317e-003
3.002623e+003, 7.274350e-003
3.004551e+003, 7.685941e-003
3.006479e+003, 7.960353e-003
3.008408e+003, 7.799809e-003
3.010336e+003, 7.808249e-003
3.012265e+003, 7.818602e-003
3.014193e+003, 7.692113e-003
3.016122e+003, 7.881952e-003
3.018050e+003, 7.941529e-003
3.019979e+003, 7.903044e-003
3.021907e+003, 7.937919e-003
3.023836e+003, 7.811081e-003
3.025764e+003, 7.772726e-003
3.027693e+003, 7.700398e-003
3.029621e+003, 8.113612e-003
3.031550e+003, 8.392197e-003
3.033478e+003, 8.192046e-003
3.035406e+003, 8.191212e-003
3.037335e+003, 8.423174e-003
3.039263e+003, 8.115843e-003
3.041192e+003, 8.090692e-003
3.043120e+003, 8.326984e-003
3.045049e+003, 8.264353e-003
3.046977e+003, 8.262304e-003
3.048906e+003, 8.193565e-003
3.050834e+003, 8.316647e-003
3.052763e+003, 8.545063e-003
3.054691e+003, 8.201940e-003
3.056620e+003, 8.189929e-003
3.058548e+003, 8.183384e-003
3.060477e+003, 8.361116e-003
3.062405e+003, 8.691051e-003
3.064333e+003, 8.933243e-003
3.066262e+003, 8.738039e-003
3.068190e+003, 8.672963e-003
3.070119e+003, 8.724418e-003
3.072047e+003, 8.871716e-003
3.073976e+003, 8.939451e-003
3.075904e+003, 8.700317e-003
3.077833e+003, 8.466650e-003
3.079761e+003, 8.872123e-003
3.081690e+003, 8.914184e-003
3.083618e+003, 8.702591e-003
3.085547e+003, 8.902233e-003
3.087475e+003, 9.341541e-003
3.089404e+003, 9.798630e-003
3.091332e+003, 9.405157e-003
3.093260e+003, 9.036670e-003
3.095189e+003, 8.982337e-003
3.097117e+003, 9.111008e-003
3.099046e+003, 9.108220e-003
3.100974e+003, 9.585076e-003
3.102903e+003, 9.804470e-003
3.104831e+003, 9.361987e-003
3.106760e+003, 9.103444e-003
3.108688e+003, 9.277837e-003
3.110617e+003, 9.454762e-003
3.112545e+003, 9.515579e-003
3.114474e+003, 9.610779e-003
3.116402e+003, 9.617475e-003
3.118331e+003, 9.537741e-003
3.120259e+003, 9.570847e-003
3.122188e+003, 9.624912e-003
3.124116e+003, 9.697404e-003
3.126044e+003, 9.553618e-003
3.127973e+003, 9.461756e-003
3.129901e+003, 9.675015e-003
3.131830e+003, 1.012231e-002
3.133758e+003, 1.010086e-002
3.135687e+003, 9.880195e-003
3.137615e+003, 1.031633e-002
3.139544e+003, 9.987965e-003
3.141472e+003, 9.666623e-003
3.143401e+003, 9.793956e-003
3.145329e+003, 1.023987e-002
3.147258e+003, 1.039809e-002
3.149186e+003, 1.038631e-002
3.151115e+003, 1.017833e-002
3.153043e+003, 9.563645e-003
3.154971e+003, 9.872834e-003
3.156900e+003, 1.088506e-002
3.158828e+003, 1.109959e-002
3.160757e+003, 1.083393e-002
3.162685e+003, 1.100926e-002
3.164614e+003, 1.074397e-002
3.166542e+003, 1.046455e-002
3.168471e+003, 1.066467e-002
3.170399e+003, 1.066208e-002
3.172328e+003, 1.069159e-002
3.174256e+003, 1.053256e-002
3.176185e+003, 1.075068e-002
3.178113e+003, 1.114688e-002
3.180042e+003, 1.101049e-002
3.181970e+003, 1.067176e-002
3.183898e+003, 1.093405e-002
3.185827e+003, 1.121492e-002
3.187755e+003, 1.104136e-002
3.189684e+003, 1.090002e-002
3.191612e+003, 1.068891e-002
3.193541e+003, 1.072141e-002
3.195469e+003, 1.108990e-002
3.197398e+003, 1.141414e-002
3.199326e+003, 1.130553e-002
3.201255e+003, 1.124511e-002
3.203183e+003, 1.114975e-002
3.205112e+003, 1.131612e-002
3.207040e+003, 1.154279e-002
3.208969e+003, 1.132712e-002
3.210897e+003, 1.092312e-002
3.212825e+003, 1.098015e-002
3.214754e+003, 1.155266e-002
3.216682e+003, 1.189784e-002
3.218611e+003, 1.158476e-002
3.220539e+003, 1.085524e-002
3.222468e+003, 1.050405e-002
3.224396e+003, 1.080144e-002
3.226325e+003, 1.125486e-002
3.228253e+003, 1.146207e-002
3.230182e+003, 1.125446e-002
3.232110e+003, 1.106002e-002
3.234039e+003, 1.097830e-002
3.235967e+003, 1.130402e-002
3.237896e+003, 1.192746e-002
3.239824e+003, 1.156376e-002
3.241752e+003, 1.093501e-002
3.243681e+003, 1.109105e-002
3.245609e+003, 1.175575e-002
3.247538e+003, 1.188678e-002
3.249466e+003, 1.158817e-002
3.251395e+003, 1.121442e-002
3.253323e+003, 1.102480e-002
3.255252e+003, 1.110375e-002
3.257180e+003, 1.158622e-002
3.259109e+003, 1.194297e-002
3.261037e+003, 1.174479e-002
3.262966e+003, 1.176301e-002
3.264894e+003, 1.163070e-002
3.266823e+003, 1.133383e-002
3.268751e+003, 1.171147e-002
3.270679e+003, 1.190440e-002
3.272608e+003, 1.199433e-002
3.274536e+003, 1.144496e-002
3.276465e+003, 1.143817e-002
3.278393e+003, 1.162901e-002
3.280322e+003, 1.168565e-002
3.282250e+003, 1.196647e-002
3.284179e+003, 1.229717e-002
3.286107e+003, 1.191483e-002
3.288036e+003, 1.132482e-002
3.289964e+003, 1.148644e-002
3.291893e+003, 1.172477e-002
3.293821e+003, 1.181588e-002
3.295750e+003, 1.146449e-002
3.297678e+003, 1.166278e-002
3.299606e+003, 1.204200e-002
3.301535e+003, 1.170650e-002
3.303463e+003, 1.185276e-002
3.305392e+003, 1.207251e-002
3.307320e+003, 1.181971e-002
3.309249e+003, 1.174472e-002
3.311177e+003, 1.206776e-002
3.313106e+003, 1.233853e-002
3.315034e+003, 1.244491e-002
3.316963e+003, 1.229867e-002
3.318891e+003, 1.207241e-002
3.320820e+003, 1.169342e-002
3.322748e+003, 1.149615e-002
3.324677e+003, 1.241266e-002
3.326605e+003, 1.300299e-002
3.328533e+003, 1.263438e-002
3.330462e+003, 1.242481e-002
3.332390e+003, 1.229150e-002
3.334319e+003, 1.229955e-002
3.336247e+003, 1.247170e-002
3.338176e+003, 1.238937e-002
3.340104e+003, 1.252582e-002
3.342033e+003, 1.290095e-002
3.343961e+003, 1.263191e-002
3.345890e+003, 1.198788e-002
3.347818e+003, 1.187450e-002
3.349747e+003, 1.242104e-002
3.351675e+003, 1.291285e-002
3.353604e+003, 1.301022e-002
3.355532e+003, 1.267296e-002
3.357460e+003, 1.231957e-002
3.359389e+003, 1.227358e-002
3.361317e+003, 1.242680e-002
3.363246e+003, 1.249825e-002
3.365174e+003, 1.272533e-002
3.367103e+003, 1.231486e-002
3.369031e+003, 1.245717e-002
3.370960e+003, 1.278149e-002
3.372888e+003, 1.237043e-002
3.374817e+003, 1.230223e-002
3.376745e+003, 1.259646e-002
3.378674e+003, 1.222177e-002
3.380602e+003, 1.188874e-002
3.382531e+003, 1.218088e-002
3.384459e+003, 1.234300e-002
3.386387e+003, 1.226116e-002
3.388316e+003, 1.212906e-002
3.390244e+003, 1.192400e-002
3.392173e+003, 1.208856e-002
3.394101e+003, 1.272613e-002
3.396030e+003, 1.253446e-002
3.397958e+003, 1.265995e-002
3.399887e+003, 1.319788e-002
3.401815e+003, 1.280971e-002
3.403744e+003, 1.220489e-002
3.405672e+003, 1.214973e-002
3.407601e+003, 1.261604e-002
3.409529e+003, 1.303083e-002
3.411458e+003, 1.319391e-002
3.413386e+003, 1.292507e-002
3.415314e+003, 1.247600e-002
3.417243e+003, 1.223568e-002
3.419171e+003, 1.244322e-002
3.421100e+003, 1.288552e-002
3.423028e+003, 1.278965e-002
3.424957e+003, 1.254715e-002
3.426885e+003, 1.217829e-002
3.428814e+003, 1.197881e-002
3.430742e+003, 1.211232e-002
3.432671e+003, 1.183851e-002
3.434599e+003, 1.194935e-002
3.436528e+003, 1.217949e-002
3.438456e+003, 1.204888e-002
3.440385e+003, 1.134202e-002
3.442313e+003, 1.117835e-002
3.444241e+003, 1.200625e-002
3.446170e+003, 1.251348e-002
3.448098e+003, 1.206587e-002
3.450027e+003, 1.166584e-002
3.451955e+003, 1.164162e-002
3.453884e+003, 1.156549e-002
3.455812e+003, 1.139466e-002
3.457741e+003, 1.127569e-002
3.459669e+003, 1.148855e-002
3.461598e+003, 1.221067e-002
3.463526e+003, 1.229308e-002
3.465455e+003, 1.165102e-002
3.467383e+003, 1.175805e-002
3.469312e+003, 1.186347e-002
3.471240e+003, 1.173635e-002
3.473168e+003, 1.182782e-002
3.475097e+003, 1.115907e-002
3.477025e+003, 1.072424e-002
3.478954e+003, 1.091192e-002
3.480882e+003, 1.121114e-002
3.482811e+003, 1.123750e-002
3.484739e+003, 1.122447e-002
3.486668e+003, 1.127764e-002
3.488596e+003, 1.088699e-002
3.490525e+003, 1.036047e-002
3.492453e+003, 1.036180e-002
3.494382e+003, 1.087324e-002
3.496310e+003, 1.107824e-002
3.498239e+003, 1.068574e-002
3.500167e+003, 1.084294e-002
3.502095e+003, 1.123091e-002
3.504024e+003, 1.158117e-002
3.505952e+003, 1.138358e-002
3.507881e+003, 1.083998e-002
3.509809e+003, 1.051505e-002
3.511738e+003, 1.028680e-002
3.513666e+003, 1.069880e-002
3.515595e+003, 1.091094e-002
3.517523e+003, 1.066134e-002
3.519452e+003, 1.049920e-002
3.521380e+003, 1.057364e-002
3.523309e+003, 1.087995e-002
3.525237e+003, 1.064071e-002
3.527166e+003, 1.072261e-002
3.529094e+003, 1.095556e-002
3.531022e+003, 1.118703e-002
3.532951e+003, 1.106136e-002
3.534879e+003, 1.096813e-002
3.536808e+003, 1.138529e-002
3.538736e+003, 1.129009e-002
3.540665e+003, 1.095741e-002
3.542593e+003, 1.130273e-002
3.544522e+003, 1.148121e-002
3.546450e+003, 1.164365e-002
3.548379e+003, 1.245924e-002
3.550307e+003, 1.333056e-002
3.552236e+003, 1.389534e-002
3.554164e+003, 1.422761e-002
3.556093e+003, 1.476535e-002
3.558021e+003, 1.692764e-002
3.559949e+003, 2.078057e-002
3.561878e+003, 2.669154e-002
3.563806e+003, 3.530874e-002
3.565735e+003, 4.555565e-002
3.567663e+003, 4.978719e-002
3.569592e+003, 4.436534e-002
3.571520e+003, 3.761267e-002
3.573449e+003, 3.571275e-002
3.575377e+003, 3.488377e-002
3.577306e+003, 2.985137e-002
3.579234e+003, 2.204331e-002
3.581163e+003, 1.539974e-002
3.583091e+003, 1.130966e-002
3.585020e+003, 1.005019e-002
3.586948e+003, 1.031846e-002
3.588876e+003, 1.030348e-002
3.590805e+003, 1.011529e-002
3.592733e+003, 1.118916e-002
3.594662e+003, 1.224725e-002
3.596590e+003, 1.403509e-002
3.598519e+003, 1.680869e-002
3.600447e+003, 2.194263e-002
3.602376e+003, 2.968210e-002
3.604304e+003, 3.728768e-002
3.606233e+003, 4.021929e-002
3.608161e+003, 3.642466e-002
3.610090e+003, 2.796501e-002
3.612018e+003, 1.997982e-002
3.613947e+003, 1.456022e-002
3.615875e+003, 1.101540e-002
3.617803e+003, 9.288842e-003
3.619732e+003, 8.073532e-003
3.621660e+003, 7.528693e-003
3.623589e+003, 7.724607e-003
3.625517e+003, 7.660214e-003
3.627446e+003, 7.240714e-003
3.629374e+003, 6.242371e-003
3.631303e+003, 5.561586e-003
3.633231e+003, 5.408528e-003
3.635160e+003, 5.502815e-003
3.637088e+003, 5.321150e-003
3.639017e+003, 5.164229e-003
3.640945e+003, 5.299545e-003
3.642874e+003, 5.396153e-003
3.644802e+003, 5.379183e-003
3.646730e+003, 4.274478e-003
3.648659e+003, 4.569449e-003
3.650587e+003, 5.150777e-003
3.652516e+003, 4.905777e-003
3.654444e+003, 4.638799e-003
3.656373e+003, 4.456517e-003
3.658301e+003, 4.907624e-003
3.660230e+003, 5.114539e-003
3.662158e+003, 4.708685e-003
3.664087e+003, 4.538700e-003
3.666015e+003, 4.647378e-003
3.667944e+003, 4.644141e-003
3.669872e+003, 4.966064e-003
3.671801e+003, 4.391098e-003
3.673729e+003, 4.532150e-003
3.675657e+003, 4.763957e-003
3.677586e+003, 3.905755e-003
3.679514e+003, 3.980829e-003
3.681443e+003, 3.980518e-003
3.683371e+003, 3.846748e-003
3.685300e+003, 3.793853e-003
3.687228e+003, 4.683857e-003
3.689157e+003, 4.731347e-003
3.691085e+003, 4.171715e-003
3.693014e+003, 4.709057e-003
3.694942e+003, 5.230292e-003
3.696871e+003, 4.281841e-003
3.698799e+003, 4.399774e-003
3.700728e+003, 4.898204e-003
3.702656e+003, 4.873856e-003
3.704584e+003, 4.875475e-003
3.706513e+003, 4.869932e-003
3.708441e+003, 4.682746e-003
3.710370e+003, 4.743320e-003
3.712298e+003, 4.617049e-003
3.714227e+003, 4.787370e-003
3.716155e+003, 5.275062e-003
3.718084e+003, 5.093101e-003
3.720012e+003, 5.057604e-003
3.721941e+003, 5.013391e-003
3.723869e+003, 4.353066e-003
3.725798e+003, 4.805869e-003
3.727726e+003, 5.282578e-003
3.729655e+003, 5.122336e-003
3.731583e+003, 4.712702e-003
3.733511e+003, 5.045602e-003
3.735440e+003, 5.519504e-003
3.737368e+003, 5.389418e-003
3.739297e+003, 5.448628e-003
3.741225e+003, 5.485032e-003
3.743154e+003, 5.279053e-003
3.745082e+003, 5.017888e-003
3.747011e+003, 4.948738e-003
3.748939e+003, 5.029544e-003
3.750868e+003, 4.151390e-003
3.752796e+003, 3.793936e-003
3.754725e+003, 4.035585e-003
3.756653e+003, 4.345889e-003
3.758582e+003, 4.489366e-003
3.760510e+003, 4.904654e-003
3.762438e+003, 5.410539e-003
3.764367e+003, 5.394311e-003
3.766295e+003, 5.020135e-003
3.768224e+003, 4.533369e-003
3.770152e+003, 4.514147e-003
3.772081e+003, 5.274129e-003
3.774009e+003, 5.540922e-003
3.775938e+003, 5.343562e-003
3.777866e+003, 4.799871e-003
3.779795e+003, 4.834734e-003
3.781723e+003, 4.725382e-003
3.783652e+003, 4.750430e-003
3.785580e+003, 4.275832e-003
3.787509e+003, 3.933686e-003
3.789437e+003, 4.357394e-003
3.791365e+003, 4.658304e-003
3.793294e+003, 4.311712e-003
3.795222e+003, 4.138693e-003
3.797151e+003, 4.579671e-003
3.799079e+003, 5.414958e-003
3.801008e+003, 5.858253e-003
3.802936e+003, 4.991995e-003
3.804865e+003, 4.849652e-003
3.806793e+003, 5.179676e-003
3.808722e+003, 4.725144e-003
3.810650e+003, 4.548392e-003
3.812579e+003, 5.109448e-003
3.814507e+003, 5.606563e-003
3.816436e+003, 5.364952e-003
3.818364e+003, 4.817327e-003
3.820292e+003, 5.130197e-003
3.822221e+003, 5.307891e-003
3.824149e+003, 4.891294e-003
3.826078e+003, 4.228576e-003
3.828006e+003, 4.132057e-003
3.829935e+003, 5.303323e-003
3.831863e+003, 6.040227e-003
3.833792e+003, 5.486763e-003
3.835720e+003, 4.699818e-003
3.837649e+003, 5.226376e-003
3.839577e+003, 5.376964e-003
3.841506e+003, 5.074273e-003
3.843434e+003, 4.820008e-003
3.845363e+003, 4.782460e-003
3.847291e+003, 4.613989e-003
3.849219e+003, 4.906945e-003
3.851148e+003, 5.680315e-003
3.853076e+003, 6.122783e-003
3.855005e+003, 5.513325e-003
3.856933e+003, 4.519157e-003
3.858862e+003, 4.343638e-003
3.860790e+003, 4.544153e-003
3.862719e+003, 4.755416e-003
3.864647e+003, 4.817794e-003
3.866576e+003, 5.486826e-003
3.868504e+003, 5.849456e-003
3.870433e+003, 5.225820e-003
3.872361e+003, 4.576303e-003
3.874290e+003, 4.542853e-003
3.876218e+003, 4.275134e-003
3.878146e+003, 4.249988e-003
3.880075e+003, 3.949943e-003
3.882003e+003, 3.639452e-003
3.883932e+003, 4.366922e-003
3.885860e+003, 5.260352e-003
3.887789e+003, 5.096335e-003
3.889717e+003, 4.770732e-003
3.891646e+003, 4.683013e-003
3.893574e+003, 4.720841e-003
3.895503e+003, 4.036839e-003
3.897431e+003, 3.583178e-003
3.899360e+003, 4.801082e-003
3.901288e+003, 5.115056e-003
3.903217e+003, 4.326146e-003
3.905145e+003, 4.252443e-003
3.907073e+003, 3.920449e-003
3.909002e+003, 4.051220e-003
3.910930e+003, 4.734202e-003
3.912859e+003, 5.157096e-003
3.914787e+003, 5.231917e-003
3.916716e+003, 4.856959e-003
3.918644e+003, 4.538864e-003
3.920573e+003, 4.444132e-003
3.922501e+003, 4.166229e-003
3.924430e+003, 4.142147e-003
3.926358e+003, 4.628922e-003
3.928287e+003, 4.504020e-003
3.930215e+003, 4.060728e-003
3.932144e+003, 3.463298e-003
3.934072e+003, 3.822085e-003
3.936000e+003, 4.279597e-003
3.937929e+003, 4.658276e-003
3.939857e+003, 4.857632e-003
3.941786e+003, 5.079754e-003
3.943714e+003, 4.917187e-003
3.945643e+003, 4.282430e-003
3.947571e+003, 4.212875e-003
3.949500e+003, 4.299874e-003
3.951428e+003, 4.474288e-003
3.953357e+003, 4.698897e-003
3.955285e+003, 4.248471e-003
3.957214e+003, 3.944628e-003
3.959142e+003, 4.528423e-003
3.961071e+003, 4.718769e-003
3.962999e+003, 4.099090e-003
3.964927e+003, 3.985416e-003
3.966856e+003, 3.955538e-003
3.968784e+003, 4.148676e-003
3.970713e+003, 4.083234e-003
3.972641e+003, 4.300121e-003
3.974570e+003, 4.879603e-003
3.976498e+003, 5.078797e-003
3.978427e+003, 4.840606e-003
3.980355e+003, 4.523914e-003
3.982284e+003, 4.298129e-003
3.984212e+003, 4.083003e-003
3.986141e+003, 3.925941e-003
3.988069e+003, 3.560836e-003
3.989998e+003, 3.011206e-003
3.991926e+003, 2.935374e-003
3.993854e+003, 3.846331e-003
3.995783e+003, 3.921263e-003
3.997711e+003, 3.948058e-003
3.999640e+003, 4.561044e-003
4.001568e+003, 0.000000e+000
##END=



