##NAMES=Sphalerite
##RRUFFID=R050140
##IDEAL CHEMISTRY=Zn^2+^S^2-^
##LOCALITY=Big Four mine, Summit County, Colorado, USA
##OWNER=RRUFF
##SOURCE=Dave Bunk Minerals
##DESCRIPTION=Group of dark green tetrahedra
##STATUS=The identification of this mineral has been confirmed by X-ray diffraction and chemical analysis
##URL=rruff.info/R050140
##MEASURED CHEMISTRY=Zn_1.00_S_1.00_
5.014013e+001, 5.629972e-003
5.206860e+001, 4.104731e-003
5.399707e+001, 3.091242e-003
5.592553e+001, 5.218747e-003
5.785400e+001, 6.470500e-003
5.978246e+001, 4.630594e-003
6.171093e+001, 3.765294e-003
6.363940e+001, 4.609602e-003
6.556786e+001, 6.218067e-003
6.749633e+001, 7.857691e-003
6.942480e+001, 9.760950e-003
7.135326e+001, 1.045175e-002
7.328172e+001, 1.023748e-002
7.521019e+001, 9.707621e-003
7.713866e+001, 9.596871e-003
7.906712e+001, 1.054438e-002
8.099559e+001, 1.078368e-002
8.292406e+001, 1.175288e-002
8.485252e+001, 1.298013e-002
8.678099e+001, 1.235940e-002
8.870946e+001, 1.173607e-002
9.063792e+001, 1.322868e-002
9.256638e+001, 1.400298e-002
9.449485e+001, 1.346622e-002
9.642332e+001, 1.454059e-002
9.835178e+001, 1.557918e-002
1.002803e+002, 1.552106e-002
1.022087e+002, 1.502491e-002
1.041372e+002, 1.506843e-002
1.060657e+002, 1.581639e-002
1.079941e+002, 1.567193e-002
1.099226e+002, 1.543513e-002
1.118510e+002, 1.583108e-002
1.137795e+002, 1.639003e-002
1.157080e+002, 1.689992e-002
1.176364e+002, 1.737233e-002
1.195649e+002, 1.780842e-002
1.214934e+002, 1.871711e-002
1.234218e+002, 1.944705e-002
1.253503e+002, 1.990959e-002
1.272788e+002, 2.035425e-002
1.292072e+002, 2.095012e-002
1.311357e+002, 2.157605e-002
1.330642e+002, 2.211586e-002
1.349926e+002, 2.238141e-002
1.369211e+002, 2.256714e-002
1.388496e+002, 2.296464e-002
1.407780e+002, 2.354404e-002
1.427065e+002, 2.397525e-002
1.446350e+002, 2.450738e-002
1.465634e+002, 2.477307e-002
1.484919e+002, 2.497653e-002
1.504204e+002, 2.513290e-002
1.523488e+002, 2.630001e-002
1.542773e+002, 2.647485e-002
1.562058e+002, 2.635461e-002
1.581342e+002, 2.670654e-002
1.600627e+002, 2.714158e-002
1.619912e+002, 2.784345e-002
1.639196e+002, 2.815630e-002
1.658481e+002, 2.822085e-002
1.677766e+002, 2.866766e-002
1.697050e+002, 2.925983e-002
1.716335e+002, 2.962293e-002
1.735620e+002, 2.998578e-002
1.754904e+002, 3.049264e-002
1.774189e+002, 3.057246e-002
1.793474e+002, 3.057711e-002
1.812758e+002, 3.117876e-002
1.832043e+002, 3.189188e-002
1.851328e+002, 3.232927e-002
1.870612e+002, 3.255977e-002
1.889897e+002, 3.246694e-002
1.909182e+002, 3.287994e-002
1.928466e+002, 3.357325e-002
1.947751e+002, 3.366108e-002
1.967036e+002, 3.357822e-002
1.986320e+002, 3.431877e-002
2.005605e+002, 3.519228e-002
2.024890e+002, 3.587376e-002
2.044174e+002, 3.604725e-002
2.063459e+002, 3.635710e-002
2.082744e+002, 3.666992e-002
2.102028e+002, 3.703812e-002
2.121313e+002, 3.704520e-002
2.140598e+002, 3.699351e-002
2.159882e+002, 3.681917e-002
2.179167e+002, 3.678402e-002
2.198452e+002, 3.706478e-002
2.217736e+002, 3.734155e-002
2.237021e+002, 3.740562e-002
2.256305e+002, 3.769667e-002
2.275590e+002, 3.826452e-002
2.294875e+002, 3.910685e-002
2.314159e+002, 4.002149e-002
2.333444e+002, 4.069265e-002
2.352729e+002, 4.132382e-002
2.372013e+002, 4.239567e-002
2.391298e+002, 4.341648e-002
2.410583e+002, 4.413909e-002
2.429867e+002, 4.499335e-002
2.449152e+002, 4.610604e-002
2.468437e+002, 4.711094e-002
2.487721e+002, 4.813995e-002
2.507006e+002, 4.908525e-002
2.526291e+002, 5.016885e-002
2.545575e+002, 5.170488e-002
2.564860e+002, 5.335467e-002
2.584145e+002, 5.448174e-002
2.603429e+002, 5.469261e-002
2.622714e+002, 5.425934e-002
2.641999e+002, 5.414407e-002
2.661283e+002, 5.433505e-002
2.680568e+002, 5.484966e-002
2.699853e+002, 5.520236e-002
2.719137e+002, 5.569529e-002
2.738422e+002, 5.623070e-002
2.757707e+002, 5.693391e-002
2.776991e+002, 5.731250e-002
2.796276e+002, 5.747368e-002
2.815561e+002, 5.800826e-002
2.834845e+002, 5.809058e-002
2.854130e+002, 5.763074e-002
2.873415e+002, 5.745544e-002
2.892699e+002, 5.719844e-002
2.911984e+002, 5.719995e-002
2.931269e+002, 5.688749e-002
2.950553e+002, 5.584615e-002
2.969838e+002, 5.482566e-002
2.989123e+002, 5.402282e-002
3.008407e+002, 5.324379e-002
3.027692e+002, 5.231463e-002
3.046977e+002, 5.117316e-002
3.066261e+002, 5.011705e-002
3.085546e+002, 4.861609e-002
3.104831e+002, 4.731910e-002
3.124115e+002, 4.621068e-002
3.143400e+002, 4.470198e-002
3.162685e+002, 4.288488e-002
3.181969e+002, 4.104503e-002
3.201254e+002, 3.919238e-002
3.220539e+002, 3.753593e-002
3.239823e+002, 3.569731e-002
3.259108e+002, 3.360785e-002
3.278392e+002, 3.161779e-002
3.297677e+002, 2.974051e-002
3.316962e+002, 2.810551e-002
3.336246e+002, 2.660608e-002
3.355531e+002, 2.524976e-002
3.374816e+002, 2.412945e-002
3.394100e+002, 2.262531e-002
3.413385e+002, 2.078172e-002
3.432670e+002, 1.848942e-002
3.451954e+002, 1.631850e-002
3.471239e+002, 1.438220e-002
3.490524e+002, 1.321598e-002
3.509808e+002, 1.240933e-002
3.529093e+002, 1.159276e-002
3.548378e+002, 1.149299e-002
3.567662e+002, 1.149602e-002
3.586947e+002, 1.148739e-002
3.606232e+002, 1.193282e-002
3.625516e+002, 1.268053e-002
3.644801e+002, 1.329790e-002
3.664086e+002, 1.392860e-002
3.683370e+002, 1.445262e-002
3.702655e+002, 1.442948e-002
3.721940e+002, 1.417958e-002
3.741224e+002, 1.409538e-002
3.760509e+002, 1.387200e-002
3.779794e+002, 1.394875e-002
3.799078e+002, 1.438762e-002
3.818363e+002, 1.438741e-002
3.837648e+002, 1.410802e-002
3.856932e+002, 1.403009e-002
3.876217e+002, 1.411159e-002
3.895502e+002, 1.409669e-002
3.914786e+002, 1.398051e-002
3.934071e+002, 1.396737e-002
3.953356e+002, 1.422008e-002
3.972640e+002, 1.440160e-002
3.991925e+002, 1.454834e-002
4.011210e+002, 1.472002e-002
4.030494e+002, 1.497259e-002
4.049779e+002, 1.520585e-002
4.069064e+002, 1.550905e-002
4.088348e+002, 1.581424e-002
4.107633e+002, 1.609182e-002
4.126917e+002, 1.651261e-002
4.146202e+002, 1.702436e-002
4.165487e+002, 1.752806e-002
4.184771e+002, 1.811094e-002
4.204056e+002, 1.859786e-002
4.223341e+002, 1.870091e-002
4.242625e+002, 1.904227e-002
4.261910e+002, 1.954283e-002
4.281195e+002, 2.017318e-002
4.300479e+002, 2.103475e-002
4.319764e+002, 2.194348e-002
4.339049e+002, 2.276425e-002
4.358333e+002, 2.357515e-002
4.377618e+002, 2.432614e-002
4.396903e+002, 2.475423e-002
4.416187e+002, 2.512749e-002
4.435472e+002, 2.552214e-002
4.454757e+002, 2.573591e-002
4.474041e+002, 2.588489e-002
4.493326e+002, 2.590573e-002
4.512611e+002, 2.583140e-002
4.531895e+002, 2.571996e-002
4.551180e+002, 2.544974e-002
4.570465e+002, 2.526314e-002
4.589749e+002, 2.506977e-002
4.609034e+002, 2.503252e-002
4.628319e+002, 2.505265e-002
4.647603e+002, 2.492571e-002
4.666888e+002, 2.497714e-002
4.686173e+002, 2.512355e-002
4.705457e+002, 2.524257e-002
4.724742e+002, 2.535594e-002
4.744027e+002, 2.572861e-002
4.763311e+002, 2.626452e-002
4.782596e+002, 2.681007e-002
4.801881e+002, 2.722499e-002
4.821165e+002, 2.783123e-002
4.840450e+002, 2.831664e-002
4.859735e+002, 2.860691e-002
4.879019e+002, 2.924520e-002
4.898304e+002, 3.017177e-002
4.917589e+002, 3.136349e-002
4.936873e+002, 3.227177e-002
4.956158e+002, 3.328963e-002
4.975443e+002, 3.370860e-002
4.994727e+002, 3.333872e-002
5.014012e+002, 3.263643e-002
5.033297e+002, 3.153647e-002
5.052581e+002, 3.098574e-002
5.071866e+002, 3.131090e-002
5.091151e+002, 3.194416e-002
5.110435e+002, 3.244473e-002
5.129720e+002, 3.276001e-002
5.149005e+002, 3.357287e-002
5.168289e+002, 3.482186e-002
5.187574e+002, 3.612418e-002
5.206859e+002, 3.701219e-002
5.226143e+002, 3.737534e-002
5.245428e+002, 3.784135e-002
5.264713e+002, 3.799018e-002
5.283997e+002, 3.806146e-002
5.303282e+002, 3.806660e-002
5.322567e+002, 3.811452e-002
5.341851e+002, 3.828044e-002
5.361136e+002, 3.825298e-002
5.380421e+002, 3.814403e-002
5.399705e+002, 3.776339e-002
5.418990e+002, 3.737141e-002
5.438275e+002, 3.683310e-002
5.457559e+002, 3.632173e-002
5.476844e+002, 3.597983e-002
5.496129e+002, 3.574660e-002
5.515413e+002, 3.566408e-002
5.534698e+002, 3.522606e-002
5.553983e+002, 3.464694e-002
5.573267e+002, 3.454522e-002
5.592552e+002, 3.422019e-002
5.611837e+002, 3.369378e-002
5.631121e+002, 3.373455e-002
5.650406e+002, 3.401273e-002
5.669691e+002, 3.413279e-002
5.688975e+002, 3.378163e-002
5.708260e+002, 3.393713e-002
5.727545e+002, 3.451884e-002
5.746829e+002, 3.482419e-002
5.766114e+002, 3.521037e-002
5.785399e+002, 3.547955e-002
5.804683e+002, 3.579448e-002
5.823968e+002, 3.632573e-002
5.843253e+002, 3.721568e-002
5.862537e+002, 3.838104e-002
5.881822e+002, 3.984186e-002
5.901107e+002, 4.084615e-002
5.920391e+002, 4.121677e-002
5.939676e+002, 4.129891e-002
5.958961e+002, 4.086833e-002
5.978245e+002, 4.014378e-002
5.997530e+002, 3.906036e-002
6.016815e+002, 3.743059e-002
6.036099e+002, 3.644582e-002
6.055384e+002, 3.555014e-002
6.074669e+002, 3.423766e-002
6.093953e+002, 3.383962e-002
6.113238e+002, 3.405390e-002
6.132523e+002, 3.404742e-002
6.151807e+002, 3.400168e-002
6.171091e+002, 3.373239e-002
6.190376e+002, 3.428453e-002
6.209661e+002, 3.465702e-002
6.228945e+002, 3.490919e-002
6.248230e+002, 3.590302e-002
6.267515e+002, 3.688891e-002
6.286799e+002, 3.833711e-002
6.306084e+002, 3.976523e-002
6.325369e+002, 4.049227e-002
6.344653e+002, 4.060635e-002
6.363938e+002, 4.078292e-002
6.383223e+002, 4.115614e-002
6.402507e+002, 4.135272e-002
6.421792e+002, 4.173753e-002
6.441077e+002, 4.243867e-002
6.460361e+002, 4.270874e-002
6.479646e+002, 4.301256e-002
6.498931e+002, 4.383508e-002
6.518215e+002, 4.465811e-002
6.537500e+002, 4.536539e-002
6.556785e+002, 4.570980e-002
6.576069e+002, 4.543648e-002
6.595354e+002, 4.537243e-002
6.614639e+002, 4.565454e-002
6.633923e+002, 4.638291e-002
6.653208e+002, 4.709405e-002
6.672493e+002, 4.806273e-002
6.691777e+002, 4.893639e-002
6.711062e+002, 4.933665e-002
6.730347e+002, 5.021942e-002
6.749631e+002, 5.156805e-002
6.768916e+002, 5.324601e-002
6.788201e+002, 5.467820e-002
6.807485e+002, 5.553444e-002
6.826770e+002, 5.592418e-002
6.846055e+002, 5.599060e-002
6.865339e+002, 5.606699e-002
6.884624e+002, 5.587840e-002
6.903909e+002, 5.501007e-002
6.923193e+002, 5.441410e-002
6.942478e+002, 5.433222e-002
6.961763e+002, 5.499062e-002
6.981047e+002, 5.450413e-002
7.000332e+002, 5.397066e-002
##END=



