##NAMES=Cubic zirconia
##RRUFFID=R040142
##IDEAL CHEMISTRY=ZrO_2_
##LOCALITY=synthetic
##OWNER=RRUFF
##SOURCE=Bob Downs
##DESCRIPTION=Fragment of a colorless single crystal
##STATUS=The identification of this mineral has been confirmed by X-ray diffraction and chemical analysis
##URL=rruff.info/R040142
##MEASURED CHEMISTRY=(Zr_0.86_Y_0.17_Hf_0.01_)O_2_
399.1926, 0.306427
401.1211, 0.313748
403.0496, 0.315257
404.9780, 0.311556
406.9065, 0.311052
408.8350, 0.309063
410.7634, 0.307922
412.6919, 0.307160
414.6204, 0.306831
416.5488, 0.305990
418.4773, 0.305098
420.4058, 0.303233
422.3342, 0.302762
424.2627, 0.300142
426.1912, 0.299453
428.1196, 0.298362
430.0481, 0.297303
431.9766, 0.294040
433.9050, 0.291584
435.8335, 0.289635
437.7620, 0.288574
439.6904, 0.287264
441.6189, 0.286570
443.5474, 0.283829
445.4758, 0.281643
447.4043, 0.279771
449.3328, 0.278131
451.2612, 0.276747
453.1897, 0.275117
455.1182, 0.272825
457.0466, 0.271136
458.9751, 0.269135
460.9036, 0.265937
462.8320, 0.262478
464.7605, 0.259952
466.6890, 0.257904
468.6174, 0.255657
470.5459, 0.252221
472.4744, 0.249278
474.4028, 0.246927
476.3313, 0.245748
478.2598, 0.244337
480.1882, 0.241942
482.1167, 0.239910
484.0452, 0.238606
485.9736, 0.237496
487.9021, 0.236225
489.8306, 0.234409
491.7590, 0.232578
493.6875, 0.230172
495.6160, 0.228237
497.5444, 0.226186
499.4729, 0.224144
501.4014, 0.222706
503.3298, 0.221261
505.2583, 0.219564
507.1868, 0.217864
509.1152, 0.216001
511.0437, 0.214228
512.9722, 0.211938
514.9006, 0.209829
516.8291, 0.208224
518.7576, 0.207441
520.6860, 0.206267
522.6145, 0.204353
524.5430, 0.201865
526.4714, 0.200579
528.3999, 0.199835
530.3284, 0.198137
532.2568, 0.196085
534.1853, 0.194950
536.1138, 0.194171
538.0422, 0.193516
539.9707, 0.193066
541.8992, 0.191736
543.8276, 0.190429
545.7561, 0.189419
547.6846, 0.188413
549.6130, 0.187587
551.5415, 0.187113
553.4700, 0.186072
555.3984, 0.184743
557.3269, 0.183635
559.2554, 0.182824
561.1838, 0.181482
563.1123, 0.180134
565.0408, 0.178905
566.9692, 0.177624
568.8977, 0.176870
570.8262, 0.175234
572.7546, 0.173475
574.6831, 0.172031
576.6116, 0.170617
578.5400, 0.169044
580.4685, 0.167473
582.3970, 0.166062
584.3254, 0.164818
586.2539, 0.163049
588.1824, 0.161242
590.1108, 0.159669
592.0393, 0.157826
593.9678, 0.155591
595.8962, 0.153456
597.8247, 0.151693
599.7532, 0.149977
601.6816, 0.147961
603.6101, 0.145546
605.5386, 0.143436
607.4670, 0.141701
609.3955, 0.139779
611.3240, 0.137161
613.2524, 0.134586
615.1809, 0.132250
617.1094, 0.130082
619.0378, 0.127688
620.9663, 0.124880
622.8948, 0.122051
624.8232, 0.119374
626.7517, 0.116807
628.6802, 0.114274
630.6086, 0.111568
632.5371, 0.108952
634.4656, 0.106651
636.3940, 0.104485
638.3225, 0.102171
640.2510, 0.099579
642.1794, 0.097151
644.1079, 0.094761
646.0364, 0.092260
647.9648, 0.090455
649.8933, 0.088801
651.8218, 0.086757
653.7502, 0.085026
655.6787, 0.083671
657.6072, 0.082159
659.5356, 0.080548
661.4641, 0.079053
663.3926, 0.077466
665.3210, 0.076209
667.2495, 0.075225
669.1780, 0.074200
671.1064, 0.072795
673.0349, 0.071324
674.9634, 0.070420
676.8918, 0.069463
678.8203, 0.068519
680.7488, 0.067878
682.6772, 0.067223
684.6057, 0.066112
686.5342, 0.065225
688.4626, 0.064847
690.3911, 0.064508
692.3196, 0.064049
694.2480, 0.063549
696.1765, 0.062823
698.1050, 0.061956
700.0334, 0.061238
701.9619, 0.060826
703.8904, 0.060268
705.8188, 0.059646
707.7473, 0.059038
709.6758, 0.058323
711.6042, 0.057831
713.5327, 0.057520
715.4612, 0.056832
717.3896, 0.055991
719.3181, 0.055479
721.2466, 0.055093
723.1750, 0.054601
725.1035, 0.054045
727.0320, 0.053171
728.9604, 0.052471
730.8889, 0.052064
732.8174, 0.051540
734.7458, 0.050717
736.6743, 0.049827
738.6028, 0.048927
740.5313, 0.047775
742.4597, 0.046614
744.3882, 0.045791
746.3167, 0.044729
748.2451, 0.043371
750.1736, 0.041993
752.1021, 0.040809
754.0305, 0.039946
755.9590, 0.038899
757.8875, 0.037662
759.8159, 0.036342
761.7444, 0.035196
763.6729, 0.034448
765.6013, 0.033474
767.5298, 0.032631
769.4583, 0.031977
771.3867, 0.031383
773.3152, 0.030837
775.2437, 0.030473
777.1721, 0.030126
779.1006, 0.029886
781.0291, 0.029279
782.9575, 0.028235
784.8860, 0.027215
786.8145, 0.026478
788.7429, 0.025852
790.6714, 0.025558
792.5999, 0.025532
794.5283, 0.025504
796.4568, 0.025585
798.3853, 0.025635
800.3137, 0.025125
802.2422, 0.024242
804.1707, 0.023261
806.0991, 0.022238
808.0276, 0.021347
809.9561, 0.020717
811.8845, 0.020273
813.8130, 0.019693
815.7415, 0.019096
817.6699, 0.018737
819.5984, 0.018766
821.5269, 0.018812
823.4553, 0.018764
825.3838, 0.018728
827.3123, 0.018518
829.2407, 0.018215
831.1692, 0.017965
833.0977, 0.017953
835.0261, 0.017799
836.9546, 0.017646
838.8831, 0.017451
840.8115, 0.017492
842.7400, 0.017465
844.6685, 0.017184
846.5969, 0.016986
848.5254, 0.016774
850.4539, 0.016688
852.3823, 0.016584
854.3108, 0.016385
856.2393, 0.016309
858.1677, 0.016072
860.0962, 0.015802
862.0247, 0.015684
863.9531, 0.015383
865.8816, 0.015186
867.8101, 0.015342
869.7385, 0.015357
871.6670, 0.015131
873.5955, 0.014935
875.5239, 0.014944
877.4524, 0.014936
879.3809, 0.014951
881.3093, 0.014902
883.2378, 0.014847
885.1663, 0.014891
887.0947, 0.014923
889.0232, 0.014903
890.9517, 0.014820
892.8801, 0.014788
894.8085, 0.014989
896.7370, 0.014998
898.6655, 0.014993
900.5939, 0.015036
902.5224, 0.015249
904.4509, 0.015301
906.3793, 0.015295
908.3078, 0.015256
910.2363, 0.015255
912.1647, 0.015499
914.0932, 0.015544
916.0217, 0.015566
917.9501, 0.015749
919.8786, 0.015848
921.8071, 0.015964
923.7355, 0.015938
925.6640, 0.015914
927.5925, 0.016011
929.5209, 0.016127
931.4494, 0.016277
933.3779, 0.016437
935.3063, 0.016592
937.2348, 0.016866
939.1633, 0.016960
941.0917, 0.017035
943.0202, 0.017288
944.9487, 0.017299
946.8771, 0.017406
948.8056, 0.017770
950.7341, 0.017888
952.6625, 0.018120
954.5910, 0.018349
956.5195, 0.018487
958.4479, 0.018601
960.3764, 0.018741
962.3049, 0.018924
964.2333, 0.019209
966.1618, 0.019623
968.0903, 0.020003
970.0187, 0.020372
971.9472, 0.020534
973.8757, 0.020723
975.8041, 0.020998
977.7326, 0.021397
979.6611, 0.021991
981.5895, 0.022463
983.5180, 0.022889
985.4465, 0.023221
987.3749, 0.023600
989.3034, 0.024032
991.2319, 0.024467
993.1603, 0.024748
995.0888, 0.024834
997.0173, 0.024966
998.9457, 0.025235
1000.8740, 0.025333
1002.8030, 0.025500
1004.7310, 0.025777
1006.6600, 0.026056
1008.5880, 0.026369
1010.5170, 0.026521
1012.4450, 0.026821
1014.3730, 0.027430
1016.3020, 0.027852
1018.2300, 0.028035
1020.1590, 0.028241
1022.0870, 0.028369
1024.0160, 0.028218
1025.9440, 0.028273
1027.8730, 0.028418
1029.8010, 0.028527
1031.7300, 0.028789
1033.6580, 0.028994
1035.5870, 0.029155
1037.5150, 0.029388
1039.4440, 0.029732
1041.3720, 0.029971
1043.3010, 0.030104
1045.2290, 0.030387
1047.1570, 0.030808
1049.0860, 0.031346
1051.0140, 0.031780
1052.9430, 0.031992
1054.8710, 0.032206
1056.8000, 0.032599
1058.7280, 0.032834
1060.6570, 0.032997
1062.5850, 0.033180
1064.5140, 0.033262
1066.4420, 0.033299
1068.3710, 0.033621
1070.2990, 0.033887
1072.2280, 0.034350
1074.1560, 0.035131
1076.0840, 0.036160
1078.0130, 0.037208
1079.9410, 0.038444
1081.8700, 0.039798
1083.7980, 0.040854
1085.7270, 0.041861
1087.6550, 0.042963
1089.5840, 0.043842
1091.5120, 0.044380
1093.4410, 0.044886
1095.3690, 0.045249
1097.2980, 0.045537
1099.2260, 0.045783
1101.1550, 0.045674
1103.0830, 0.045388
1105.0110, 0.045041
1106.9400, 0.044579
1108.8680, 0.044032
1110.7970, 0.043534
1112.7250, 0.043002
1114.6540, 0.042682
1116.5820, 0.042367
1118.5110, 0.041914
1120.4390, 0.041317
1122.3680, 0.040832
1124.2960, 0.040311
1126.2250, 0.039736
1128.1530, 0.039157
1130.0820, 0.038712
1132.0100, 0.038260
1133.9380, 0.037703
1135.8670, 0.037389
1137.7950, 0.037102
1139.7240, 0.036649
1141.6520, 0.036210
1143.5810, 0.035778
1145.5090, 0.035432
1147.4380, 0.035122
1149.3660, 0.034874
1151.2950, 0.034693
1153.2230, 0.034583
1155.1520, 0.034259
1157.0800, 0.034031
1159.0090, 0.034211
1160.9370, 0.034647
1162.8650, 0.034965
1164.7940, 0.035169
1166.7220, 0.035147
1168.6510, 0.034877
1170.5790, 0.034454
1172.5080, 0.034287
1174.4360, 0.034168
1176.3650, 0.034149
1178.2930, 0.034204
1180.2220, 0.034192
1182.1500, 0.034018
1184.0790, 0.033836
1186.0070, 0.033710
1187.9360, 0.033625
1189.8640, 0.033500
1191.7920, 0.033574
1193.7210, 0.033380
1195.6490, 0.032860
1197.5780, 0.032398
1199.5060, 0.032026
1201.4350, 0.031731
1203.3630, 0.031255
1205.2920, 0.030686
1207.2200, 0.030355
1209.1490, 0.030177
1211.0770, 0.029869
1213.0060, 0.029457
1214.9340, 0.029066
1216.8630, 0.028849
1218.7910, 0.028614
1220.7190, 0.028240
1222.6480, 0.028098
1224.5760, 0.028173
1226.5050, 0.028081
1228.4330, 0.028003
1230.3620, 0.028234
1232.2900, 0.028364
1234.2190, 0.028463
1236.1470, 0.028545
1238.0760, 0.028609
1240.0040, 0.028758
1241.9330, 0.028780
1243.8610, 0.028788
1245.7900, 0.028965
1247.7180, 0.029233
1249.6460, 0.029374
1251.5750, 0.029304
1253.5030, 0.029458
1255.4320, 0.029653
1257.3600, 0.029802
1259.2890, 0.029977
1261.2170, 0.030118
1263.1460, 0.030201
1265.0740, 0.030221
1267.0030, 0.030290
1268.9310, 0.030352
1270.8600, 0.030390
1272.7880, 0.030555
1274.7170, 0.030708
1276.6450, 0.030872
1278.5730, 0.031040
1280.5020, 0.031109
1282.4300, 0.031229
1284.3590, 0.031376
1286.2870, 0.031505
1288.2160, 0.031698
1290.1440, 0.031763
1292.0730, 0.031896
1294.0010, 0.031859
1295.9300, 0.031799
1297.8580, 0.032041
1299.7870, 0.032396
1301.7150, 0.032432
1303.6440, 0.032513
1305.5720, 0.032735
1307.5000, 0.032936
1309.4290, 0.033110
1311.3570, 0.033266
1313.2860, 0.033397
1315.2140, 0.033388
1317.1430, 0.033588
1319.0710, 0.034012
1321.0000, 0.034089
1322.9280, 0.034194
1324.8570, 0.034414
1326.7850, 0.034477
1328.7140, 0.034573
1330.6420, 0.034817
1332.5710, 0.034915
1334.4990, 0.035105
1336.4270, 0.035408
1338.3560, 0.035630
1340.2840, 0.035852
1342.2130, 0.036141
1344.1410, 0.036287
1346.0700, 0.036363
1347.9980, 0.036523
1349.9270, 0.036832
1351.8550, 0.037027
1353.7840, 0.037058
1355.7120, 0.037155
1357.6410, 0.037307
1359.5690, 0.037534
1361.4980, 0.037885
1363.4260, 0.038197
1365.3540, 0.038259
1367.2830, 0.038380
1369.2110, 0.038663
1371.1400, 0.038840
1373.0680, 0.039033
1374.9970, 0.039307
1376.9250, 0.039680
1378.8540, 0.039925
1380.7820, 0.040029
1382.7110, 0.040220
1384.6390, 0.040354
1386.5680, 0.040551
1388.4960, 0.040739
1390.4240, 0.040902
1392.3530, 0.041173
1394.2810, 0.041429
1396.2100, 0.041695
1398.1380, 0.041827
1400.0670, 0.041990
1401.9950, 0.042188
1403.9240, 0.042439
1405.8520, 0.042788
1407.7810, 0.043044
1409.7090, 0.043200
1411.6380, 0.043369
1413.5660, 0.043519
1415.4950, 0.043713
1417.4230, 0.044013
1419.3510, 0.044245
1421.2800, 0.044160
1423.2080, 0.044299
1425.1370, 0.044513
1427.0650, 0.044566
1428.9940, 0.044662
1430.9220, 0.044818
1432.8510, 0.045040
1434.7790, 0.045457
1436.7080, 0.045891
1438.6360, 0.045952
1440.5650, 0.046023
1442.4930, 0.046140
1444.4220, 0.046318
1446.3500, 0.046526
1448.2780, 0.046683
1450.2070, 0.046961
1452.1350, 0.047143
1454.0640, 0.047228
1455.9920, 0.047688
1457.9210, 0.047925
1459.8490, 0.047808
1461.7780, 0.047724
1463.7060, 0.047949
1465.6350, 0.048173
1467.5630, 0.048010
1469.4920, 0.047883
1471.4200, 0.048204
1473.3490, 0.048499
1475.2770, 0.048268
1477.2050, 0.048069
1479.1340, 0.048144
1481.0620, 0.048285
1482.9910, 0.048378
1484.9190, 0.048414
1486.8480, 0.048582
1488.7760, 0.048864
1490.7050, 0.049083
1492.6330, 0.048975
1494.5620, 0.049109
1496.4900, 0.049609
1498.4190, 0.049904
1500.3470, 0.050154
1502.2760, 0.050313
1504.2040, 0.050708
1506.1320, 0.051393
1508.0610, 0.051352
1509.9890, 0.051030
1511.9180, 0.051241
1513.8460, 0.051433
1515.7750, 0.051684
1517.7030, 0.052038
1519.6320, 0.052652
1521.5600, 0.053014
1523.4890, 0.052930
1525.4170, 0.052925
1527.3460, 0.053043
1529.2740, 0.053262
1531.2030, 0.053696
1533.1310, 0.054075
1535.0590, 0.054352
1536.9880, 0.054589
1538.9160, 0.055192
1540.8450, 0.055406
1542.7730, 0.055457
1544.7020, 0.055705
1546.6300, 0.055749
1548.5590, 0.055974
1550.4870, 0.056333
1552.4160, 0.056391
1554.3440, 0.056705
1556.2730, 0.057290
1558.2010, 0.058138
1560.1300, 0.058215
1562.0580, 0.057685
1563.9860, 0.057710
1565.9150, 0.057893
1567.8430, 0.058097
1569.7720, 0.058349
1571.7000, 0.058298
1573.6290, 0.058525
1575.5570, 0.059265
1577.4860, 0.059456
1579.4140, 0.059174
1581.3430, 0.059176
1583.2710, 0.059249
1585.2000, 0.059446
1587.1280, 0.059666
1589.0570, 0.059874
1590.9850, 0.059819
1592.9130, 0.059865
1594.8420, 0.060189
1596.7700, 0.060599
1598.6990, 0.060719
1600.6270, 0.060514
1602.5560, 0.060547
1604.4840, 0.060881
1606.4130, 0.060910
1608.3410, 0.060841
1610.2700, 0.060971
1612.1980, 0.061005
1614.1270, 0.061208
1616.0550, 0.061804
1617.9840, 0.061710
1619.9120, 0.061490
1621.8400, 0.061562
1623.7690, 0.061724
1625.6970, 0.061862
1627.6260, 0.061936
1629.5540, 0.062069
1631.4830, 0.062239
1633.4110, 0.062344
1635.3400, 0.062665
1637.2680, 0.062624
1639.1970, 0.062446
1641.1250, 0.062591
1643.0540, 0.062705
1644.9820, 0.063035
1646.9110, 0.063350
1648.8390, 0.063315
1650.7670, 0.063698
1652.6960, 0.064560
1654.6240, 0.064212
1656.5530, 0.063477
1658.4810, 0.063401
1660.4100, 0.063627
1662.3380, 0.063883
1664.2670, 0.063986
1666.1950, 0.063935
1668.1240, 0.064085
1670.0520, 0.064353
1671.9810, 0.064518
1673.9090, 0.064726
1675.8380, 0.064717
1677.7660, 0.064470
1679.6940, 0.064552
1681.6230, 0.064844
1683.5510, 0.065502
1685.4800, 0.065581
1687.4080, 0.065264
1689.3370, 0.065276
1691.2650, 0.065239
1693.1940, 0.065359
1695.1220, 0.066017
1697.0510, 0.066228
1698.9790, 0.066498
1700.9080, 0.066746
1702.8360, 0.066445
1704.7650, 0.066533
1706.6930, 0.066765
1708.6210, 0.066951
1710.5500, 0.067004
1712.4780, 0.067183
1714.4070, 0.067851
1716.3350, 0.068635
1718.2640, 0.068891
1720.1920, 0.068626
1722.1210, 0.068416
1724.0490, 0.068551
1725.9780, 0.068861
1727.9060, 0.069146
1729.8350, 0.069217
1731.7630, 0.069606
1733.6920, 0.070122
1735.6200, 0.069757
1737.5480, 0.069448
1739.4770, 0.069812
1741.4050, 0.069879
1743.3340, 0.069657
1745.2620, 0.069591
1747.1910, 0.069679
1749.1190, 0.069703
1751.0480, 0.069850
1752.9760, 0.069758
1754.9050, 0.069781
1756.8330, 0.070083
1758.7620, 0.070209
1760.6900, 0.070242
1762.6190, 0.070434
1764.5470, 0.070479
1766.4750, 0.070696
1768.4040, 0.070898
1770.3320, 0.071187
1772.2610, 0.071527
1774.1890, 0.071539
1776.1180, 0.071557
1778.0460, 0.071952
1779.9750, 0.072047
1781.9030, 0.072230
1783.8320, 0.072362
1785.7600, 0.072263
1787.6890, 0.072164
1789.6170, 0.072400
1791.5460, 0.072706
1793.4740, 0.072751
1795.4020, 0.072700
1797.3310, 0.072984
1799.2590, 0.072949
1801.1880, 0.073195
1803.1160, 0.073367
1805.0450, 0.073447
1806.9730, 0.073896
1808.9020, 0.074083
1810.8300, 0.073877
1812.7590, 0.073662
1814.6870, 0.073630
1816.6160, 0.074091
1818.5440, 0.074540
1820.4730, 0.074968
1822.4010, 0.075507
1824.3290, 0.075438
1826.2580, 0.075055
1828.1860, 0.075280
1830.1150, 0.075947
1832.0430, 0.075827
1833.9720, 0.075733
1835.9000, 0.075809
1837.8290, 0.076037
1839.7570, 0.076467
1841.6860, 0.076461
1843.6140, 0.076548
1845.5430, 0.076901
1847.4710, 0.077428
1849.4000, 0.077796
1851.3280, 0.077678
1853.2560, 0.077471
1855.1850, 0.077467
1857.1130, 0.077866
1859.0420, 0.078162
1860.9700, 0.078479
1862.8990, 0.078519
1864.8270, 0.078707
1866.7560, 0.079124
1868.6840, 0.079034
1870.6130, 0.078739
1872.5410, 0.078629
1874.4700, 0.078984
1876.3980, 0.079503
1878.3270, 0.079256
1880.2550, 0.078830
1882.1830, 0.079328
1884.1120, 0.079908
1886.0400, 0.080365
1887.9690, 0.080411
1889.8970, 0.080161
1891.8260, 0.080403
1893.7540, 0.081081
1895.6830, 0.081006
1897.6110, 0.081199
1899.5400, 0.081501
1901.4680, 0.081686
1903.3970, 0.081370
1905.3250, 0.081220
1907.2540, 0.081506
1909.1820, 0.082046
1911.1100, 0.082174
1913.0390, 0.081672
1914.9670, 0.081524
1916.8960, 0.081877
1918.8240, 0.081951
1920.7530, 0.082267
1922.6810, 0.082348
1924.6100, 0.081941
1926.5380, 0.082038
1928.4670, 0.082618
1930.3950, 0.083810
1932.3240, 0.084696
1934.2520, 0.084926
1936.1810, 0.083403
1938.1090, 0.082612
1940.0370, 0.082600
1941.9660, 0.082370
1943.8940, 0.083242
1945.8230, 0.084700
1947.7510, 0.084821
1949.6800, 0.084848
1951.6080, 0.084723
1953.5370, 0.084752
1955.4650, 0.084683
1957.3940, 0.083210
1959.3220, 0.083849
1961.2510, 0.085319
1963.1790, 0.086061
1965.1080, 0.085761
1967.0360, 0.085079
1968.9640, 0.084550
1970.8930, 0.085056
1972.8210, 0.085874
1974.7500, 0.085275
1976.6780, 0.085091
1978.6070, 0.087169
1980.5350, 0.088160
1982.4640, 0.087513
1984.3920, 0.087206
1986.3210, 0.087422
1988.2490, 0.088253
1990.1780, 0.089842
1992.1060, 0.089806
1994.0350, 0.088772
1995.9630, 0.087878
1997.8910, 0.087522
1999.8200, 0.087813
2001.7480, 0.087862
2003.6770, 0.087318
2005.6050, 0.088627
2007.5340, 0.089636
2009.4620, 0.088889
2011.3910, 0.087697
2013.3190, 0.087115
2015.2480, 0.087302
2017.1760, 0.087420
2019.1050, 0.088839
2021.0330, 0.089358
2022.9620, 0.089169
2024.8900, 0.090148
2026.8180, 0.089787
2028.7470, 0.088786
2030.6750, 0.089995
2032.6040, 0.090799
2034.5320, 0.091575
2036.4610, 0.091484
2038.3890, 0.091017
2040.3180, 0.091079
2042.2460, 0.091689
2044.1750, 0.092577
2046.1030, 0.092430
2048.0320, 0.091770
2049.9600, 0.092402
2051.8890, 0.091947
2053.8170, 0.091555
2055.7460, 0.092829
2057.6740, 0.094078
2059.6030, 0.094415
2061.5310, 0.093658
2063.4590, 0.093021
2065.3880, 0.092696
2067.3160, 0.093259
2069.2450, 0.094090
2071.1730, 0.093787
2073.1020, 0.093430
2075.0300, 0.093898
2076.9590, 0.094347
2078.8870, 0.094989
2080.8160, 0.095072
2082.7440, 0.094666
2084.6730, 0.094473
2086.6010, 0.094507
2088.5300, 0.094874
2090.4580, 0.095403
2092.3860, 0.094480
2094.3150, 0.093756
2096.2430, 0.093823
2098.1720, 0.094362
2100.1000, 0.095691
2102.0290, 0.096443
2103.9570, 0.095391
2105.8860, 0.095935
2107.8140, 0.096723
2109.7430, 0.096388
2111.6710, 0.096160
2113.6000, 0.096597
2115.5280, 0.096818
2117.4570, 0.096452
2119.3850, 0.096184
2121.3130, 0.096626
2123.2420, 0.096845
2125.1700, 0.096306
2127.0990, 0.095864
2129.0270, 0.096368
2130.9560, 0.095624
2132.8840, 0.094389
2134.8130, 0.094679
2136.7410, 0.096351
2138.6700, 0.097185
2140.5980, 0.096733
2142.5270, 0.096184
2144.4550, 0.095716
2146.3840, 0.096189
2148.3120, 0.096223
2150.2400, 0.096852
2152.1690, 0.096886
2154.0970, 0.095184
2156.0260, 0.093772
2157.9540, 0.095872
2159.8830, 0.099688
2161.8110, 0.099729
2163.7400, 0.099976
2165.6680, 0.101357
2167.5970, 0.101719
2169.5250, 0.100717
2171.4540, 0.100643
2173.3820, 0.099171
2175.3110, 0.099439
2177.2390, 0.100193
2179.1670, 0.099200
2181.0960, 0.098473
2183.0240, 0.099916
2184.9530, 0.101528
2186.8810, 0.100607
2188.8100, 0.099722
2190.7380, 0.101662
2192.6670, 0.101771
2194.5950, 0.101503
2196.5240, 0.101197
2198.4520, 0.101405
2200.3810, 0.101210
2202.3090, 0.102036
2204.2380, 0.102891
2206.1660, 0.103166
2208.0940, 0.102546
2210.0230, 0.102219
2211.9510, 0.102576
2213.8800, 0.102864
2215.8080, 0.103010
2217.7370, 0.102801
2219.6650, 0.102253
2221.5940, 0.102294
2223.5220, 0.102418
2225.4510, 0.103746
2227.3790, 0.104410
2229.3080, 0.104902
2231.2360, 0.104722
2233.1650, 0.105023
2235.0930, 0.104798
2237.0210, 0.103753
2238.9500, 0.102834
2240.8780, 0.103389
2242.8070, 0.103852
2244.7350, 0.102763
2246.6640, 0.103170
2248.5920, 0.103868
2250.5210, 0.102893
2252.4490, 0.102848
2254.3780, 0.103643
2256.3060, 0.105406
2258.2350, 0.105874
2260.1630, 0.104625
2262.0920, 0.105014
2264.0200, 0.105515
2265.9480, 0.105280
2267.8770, 0.105660
2269.8050, 0.105854
2271.7340, 0.105963
2273.6620, 0.106065
2275.5910, 0.106499
2277.5190, 0.106605
2279.4480, 0.106381
2281.3760, 0.107405
2283.3050, 0.108399
2285.2330, 0.107339
2287.1620, 0.106274
2289.0900, 0.106123
2291.0190, 0.106937
2292.9470, 0.107571
2294.8750, 0.107597
2296.8040, 0.108126
2298.7320, 0.108179
2300.6610, 0.107645
2302.5890, 0.107321
2304.5180, 0.107231
2306.4460, 0.107354
2308.3750, 0.108210
2310.3030, 0.108520
2312.2320, 0.108115
2314.1600, 0.108180
2316.0890, 0.108694
2318.0170, 0.108880
2319.9460, 0.109349
2321.8740, 0.110769
2323.8020, 0.111015
2325.7310, 0.109986
2327.6590, 0.109628
2329.5880, 0.109928
2331.5160, 0.109862
2333.4450, 0.109857
2335.3730, 0.109711
2337.3020, 0.109800
2339.2300, 0.109957
2341.1590, 0.110084
2343.0870, 0.109790
2345.0160, 0.109559
2346.9440, 0.109447
2348.8730, 0.109641
2350.8010, 0.109915
2352.7290, 0.110393
2354.6580, 0.110847
2356.5860, 0.111229
2358.5150, 0.111466
2360.4430, 0.111645
2362.3720, 0.111578
2364.3000, 0.111119
2366.2290, 0.111085
2368.1570, 0.111250
2370.0860, 0.110959
2372.0140, 0.110793
2373.9420, 0.110481
2375.8710, 0.110453
2377.7990, 0.110315
2379.7280, 0.110275
2381.6560, 0.110330
2383.5850, 0.110355
2385.5130, 0.110757
2387.4420, 0.110599
2389.3700, 0.109831
2391.2990, 0.110124
2393.2270, 0.110860
2395.1560, 0.110816
2397.0840, 0.110686
2399.0120, 0.110772
2400.9410, 0.111080
2402.8690, 0.111171
2404.7980, 0.110873
2406.7260, 0.111191
2408.6550, 0.111357
2410.5830, 0.111338
2412.5120, 0.111330
2414.4400, 0.111966
2416.3690, 0.112296
2418.2970, 0.112665
2420.2260, 0.112837
2422.1540, 0.112865
2424.0830, 0.112973
2426.0110, 0.112717
2427.9390, 0.112355
2429.8680, 0.112123
2431.7960, 0.112049
2433.7250, 0.112136
2435.6530, 0.112800
2437.5820, 0.113468
2439.5100, 0.113530
2441.4390, 0.113701
2443.3670, 0.113797
2445.2960, 0.114119
2447.2240, 0.114890
2449.1530, 0.115592
2451.0810, 0.115376
2453.0100, 0.114608
2454.9380, 0.114239
2456.8660, 0.114326
2458.7950, 0.114350
2460.7230, 0.114341
2462.6520, 0.114508
2464.5800, 0.114578
2466.5090, 0.114312
2468.4370, 0.114178
2470.3660, 0.114436
2472.2940, 0.114677
2474.2230, 0.114804
2476.1510, 0.114810
2478.0800, 0.115204
2480.0080, 0.116001
2481.9370, 0.115954
2483.8650, 0.115484
2485.7930, 0.115404
2487.7220, 0.115687
2489.6500, 0.116086
2491.5790, 0.115959
2493.5070, 0.116114
2495.4360, 0.116818
2497.3640, 0.116827
2499.2930, 0.116366
2501.2210, 0.116499
2503.1500, 0.116904
2505.0780, 0.117017
2507.0070, 0.116582
2508.9350, 0.116930
2510.8640, 0.117717
2512.7920, 0.117819
2514.7200, 0.117607
2516.6490, 0.117647
2518.5770, 0.117403
2520.5060, 0.117309
2522.4340, 0.117408
2524.3630, 0.117277
2526.2910, 0.117355
2528.2200, 0.117836
2530.1480, 0.117950
2532.0770, 0.118201
2534.0050, 0.118154
2535.9340, 0.117679
2537.8620, 0.118548
2539.7910, 0.119013
2541.7190, 0.118733
2543.6470, 0.118814
2545.5760, 0.118836
2547.5040, 0.118884
2549.4330, 0.119034
2551.3610, 0.119240
2553.2900, 0.119431
2555.2180, 0.119353
2557.1470, 0.119295
2559.0750, 0.119202
2561.0040, 0.119186
2562.9320, 0.119314
2564.8610, 0.119674
2566.7890, 0.120540
2568.7180, 0.120967
2570.6460, 0.120870
2572.5740, 0.120698
2574.5030, 0.120446
2576.4310, 0.120645
2578.3600, 0.120480
2580.2880, 0.120917
2582.2170, 0.121580
2584.1450, 0.121168
2586.0740, 0.120861
2588.0020, 0.121076
2589.9310, 0.121225
2591.8590, 0.121698
2593.7880, 0.121693
2595.7160, 0.121520
2597.6450, 0.121283
2599.5730, 0.121240
2601.5010, 0.121106
2603.4300, 0.121326
2605.3580, 0.122002
2607.2870, 0.122210
2609.2150, 0.122158
2611.1440, 0.122304
2613.0720, 0.121909
2615.0010, 0.122149
2616.9290, 0.122356
2618.8580, 0.122694
2620.7860, 0.122907
2622.7150, 0.122650
2624.6430, 0.122410
2626.5720, 0.123248
2628.5000, 0.123443
2630.4280, 0.123475
2632.3570, 0.123608
2634.2850, 0.123675
2636.2140, 0.123946
2638.1420, 0.123881
2640.0710, 0.123567
2641.9990, 0.123880
2643.9280, 0.123954
2645.8560, 0.123748
2647.7850, 0.124182
2649.7130, 0.124532
2651.6420, 0.124042
2653.5700, 0.123846
2655.4990, 0.124195
2657.4270, 0.124761
2659.3550, 0.124836
2661.2840, 0.124429
2663.2120, 0.124153
2665.1410, 0.123888
2667.0690, 0.123841
2668.9980, 0.124309
2670.9260, 0.124226
2672.8550, 0.124427
2674.7830, 0.124679
2676.7120, 0.125182
2678.6400, 0.125549
2680.5690, 0.125107
2682.4970, 0.124575
2684.4260, 0.124776
2686.3540, 0.124964
2688.2820, 0.124920
2690.2110, 0.124985
2692.1390, 0.124946
2694.0680, 0.125159
2695.9960, 0.125574
2697.9250, 0.125737
2699.8530, 0.125439
2701.7820, 0.125552
2703.7100, 0.126033
2705.6390, 0.126205
2707.5670, 0.126286
2709.4960, 0.126733
2711.4240, 0.126981
2713.3530, 0.126909
2715.2810, 0.127028
2717.2090, 0.126868
2719.1380, 0.126758
2721.0660, 0.126576
2722.9950, 0.126378
2724.9230, 0.126638
2726.8520, 0.127053
2728.7800, 0.127231
2730.7090, 0.127308
2732.6370, 0.127187
2734.5660, 0.127070
2736.4940, 0.126867
2738.4230, 0.127095
2740.3510, 0.127707
2742.2800, 0.128081
2744.2080, 0.128262
2746.1360, 0.128387
2748.0650, 0.128412
2749.9930, 0.128147
2751.9220, 0.128495
2753.8500, 0.128964
2755.7790, 0.128636
2757.7070, 0.128699
2759.6360, 0.128781
2761.5640, 0.128823
2763.4930, 0.129019
2765.4210, 0.129063
2767.3500, 0.129473
2769.2780, 0.129906
2771.2070, 0.129905
2773.1350, 0.129725
2775.0630, 0.129540
2776.9920, 0.129718
2778.9200, 0.129441
2780.8490, 0.129523
2782.7770, 0.129909
2784.7060, 0.129939
2786.6340, 0.129911
2788.5630, 0.130125
2790.4910, 0.129881
2792.4200, 0.129872
2794.3480, 0.130448
2796.2770, 0.130746
2798.2050, 0.130669
2800.1340, 0.130598
2802.0620, 0.130372
2803.9900, 0.130713
2805.9190, 0.130932
2807.8470, 0.130280
2809.7760, 0.130325
2811.7040, 0.130585
2813.6330, 0.130750
2815.5610, 0.131624
2817.4900, 0.132104
2819.4180, 0.131384
2821.3470, 0.131134
2823.2750, 0.131243
2825.2040, 0.131511
2827.1320, 0.131555
2829.0610, 0.131535
2830.9890, 0.131828
2832.9170, 0.132478
2834.8460, 0.132379
2836.7740, 0.131797
2838.7030, 0.131890
2840.6310, 0.132115
2842.5600, 0.132420
2844.4880, 0.132431
2846.4170, 0.132690
2848.3450, 0.133277
2850.2740, 0.133563
2852.2020, 0.133774
2854.1310, 0.134101
2856.0590, 0.134273
2857.9880, 0.134516
2859.9160, 0.133746
2861.8440, 0.133338
2863.7730, 0.133585
2865.7010, 0.133893
2867.6300, 0.134200
2869.5580, 0.134381
2871.4870, 0.134475
2873.4150, 0.134243
2875.3440, 0.134339
2877.2720, 0.134361
2879.2010, 0.134506
2881.1290, 0.135191
2883.0580, 0.135642
2884.9860, 0.135110
2886.9150, 0.135085
2888.8430, 0.135196
2890.7710, 0.134892
2892.7000, 0.135066
2894.6280, 0.135727
2896.5570, 0.135905
2898.4850, 0.136155
2900.4140, 0.136492
2902.3420, 0.135931
2904.2710, 0.134829
2906.1990, 0.135516
2908.1280, 0.136037
2910.0560, 0.136342
2911.9850, 0.136854
2913.9130, 0.137123
2915.8420, 0.136900
2917.7700, 0.137382
2919.6980, 0.137666
2921.6270, 0.137307
2923.5550, 0.137351
2925.4840, 0.137539
2927.4120, 0.137637
2929.3410, 0.137995
2931.2690, 0.138389
2933.1980, 0.138549
2935.1260, 0.138688
2937.0550, 0.138225
2938.9830, 0.138289
2940.9120, 0.138075
2942.8400, 0.137582
2944.7690, 0.137360
2946.6970, 0.137411
2948.6250, 0.137972
2950.5540, 0.138466
2952.4820, 0.138782
2954.4110, 0.138714
2956.3390, 0.138275
2958.2680, 0.138361
2960.1960, 0.138516
2962.1250, 0.138475
2964.0530, 0.137878
2965.9820, 0.137828
2967.9100, 0.138239
2969.8390, 0.138022
2971.7670, 0.138157
2973.6960, 0.138483
2975.6240, 0.138398
2977.5520, 0.138552
2979.4810, 0.138669
2981.4090, 0.138506
2983.3380, 0.138451
2985.2660, 0.138586
2987.1950, 0.138532
2989.1230, 0.138875
2991.0520, 0.139149
2992.9800, 0.138986
2994.9090, 0.138534
2996.8370, 0.138490
2998.7660, 0.138412
3000.6940, 0.138224
3002.6230, 0.138894
3004.5510, 0.139246
3006.4790, 0.139525
3008.4080, 0.139484
3010.3360, 0.139429
3012.2650, 0.139692
3014.1930, 0.139964
3016.1220, 0.139818
3018.0500, 0.139298
3019.9790, 0.139149
3021.9070, 0.139089
3023.8360, 0.139288
3025.7640, 0.139705
3027.6930, 0.140231
3029.6210, 0.140467
3031.5500, 0.140505
3033.4780, 0.140711
3035.4060, 0.140468
3037.3350, 0.140259
3039.2630, 0.140624
3041.1920, 0.140802
3043.1200, 0.140623
3045.0490, 0.140613
3046.9770, 0.140845
3048.9060, 0.140985
3050.8340, 0.141347
3052.7630, 0.141509
3054.6910, 0.141741
3056.6200, 0.141576
3058.5480, 0.141753
3060.4770, 0.141869
3062.4050, 0.142189
3064.3330, 0.142380
3066.2620, 0.141868
3068.1900, 0.141756
3070.1190, 0.141888
3072.0470, 0.141746
3073.9760, 0.142035
3075.9040, 0.142578
3077.8330, 0.142742
3079.7610, 0.142355
3081.6900, 0.142286
3083.6180, 0.142631
3085.5470, 0.143094
3087.4750, 0.143353
3089.4040, 0.143518
3091.3320, 0.143643
3093.2600, 0.143238
3095.1890, 0.142797
3097.1170, 0.143212
3099.0460, 0.143306
3100.9740, 0.143737
3102.9030, 0.143882
3104.8310, 0.143773
3106.7600, 0.143593
3108.6880, 0.144386
3110.6170, 0.145037
3112.5450, 0.145016
3114.4740, 0.145371
3116.4020, 0.144883
3118.3310, 0.144427
3120.2590, 0.144895
3122.1880, 0.145241
3124.1160, 0.145330
3126.0440, 0.145412
3127.9730, 0.144932
3129.9010, 0.144037
3131.8300, 0.144311
3133.7580, 0.145476
3135.6870, 0.146188
3137.6150, 0.145923
3139.5440, 0.145078
3141.4720, 0.145073
3143.4010, 0.145908
3145.3290, 0.146873
3147.2580, 0.146834
3149.1860, 0.146557
3151.1150, 0.146399
3153.0430, 0.146454
3154.9710, 0.146474
3156.9000, 0.146292
3158.8280, 0.145818
3160.7570, 0.145975
3162.6850, 0.146888
3164.6140, 0.147089
3166.5420, 0.147025
3168.4710, 0.147060
3170.3990, 0.147293
3172.3280, 0.147174
3174.2560, 0.147422
3176.1850, 0.147732
3178.1130, 0.147858
3180.0420, 0.147705
3181.9700, 0.147730
3183.8980, 0.148447
3185.8270, 0.147912
3187.7550, 0.147434
3189.6840, 0.148219
3191.6120, 0.148822
3193.5410, 0.148643
3195.4690, 0.148139
3197.3980, 0.148734
3199.3260, 0.148925
3201.2550, 0.148895
3203.1830, 0.148507
3205.1120, 0.148571
3207.0400, 0.148870
3208.9690, 0.148945
3210.8970, 0.148645
3212.8250, 0.148089
3214.7540, 0.148483
3216.6820, 0.149629
3218.6110, 0.149939
3220.5390, 0.149573
3222.4680, 0.148914
3224.3960, 0.148190
3226.3250, 0.147930
3228.2530, 0.149365
3230.1820, 0.150105
3232.1100, 0.149872
3234.0390, 0.149696
3235.9670, 0.148786
3237.8960, 0.148943
3239.8240, 0.150110
3241.7520, 0.150799
3243.6810, 0.150346
3245.6090, 0.149581
3247.5380, 0.150164
3249.4660, 0.150462
3251.3950, 0.149576
3253.3230, 0.149692
3255.2520, 0.150782
3257.1800, 0.151200
3259.1090, 0.151073
3261.0370, 0.150230
3262.9660, 0.150345
3264.8940, 0.150463
3266.8230, 0.150404
3268.7510, 0.151209
3270.6790, 0.151219
3272.6080, 0.151184
3274.5360, 0.151656
3276.4650, 0.152160
3278.3930, 0.152368
3280.3220, 0.151793
3282.2500, 0.151426
3284.1790, 0.151029
3286.1070, 0.150571
3288.0360, 0.150800
3289.9640, 0.152137
3291.8930, 0.151573
3293.8210, 0.151444
3295.7500, 0.151441
3297.6780, 0.150917
3299.6060, 0.151030
3301.5350, 0.152093
3303.4630, 0.152427
3305.3920, 0.152596
3307.3200, 0.151906
3309.2490, 0.151385
3311.1770, 0.152195
3313.1060, 0.152241
3315.0340, 0.151805
3316.9630, 0.152389
3318.8910, 0.153067
3320.8200, 0.152770
3322.7480, 0.151654
3324.6770, 0.152197
3326.6050, 0.153211
3328.5330, 0.153327
3330.4620, 0.152844
3332.3900, 0.152674
3334.3190, 0.152645
3336.2470, 0.152538
3338.1760, 0.153299
3340.1040, 0.153393
3342.0330, 0.153147
3343.9610, 0.153876
3345.8900, 0.153753
3347.8180, 0.153161
3349.7470, 0.152686
3351.6750, 0.153515
3353.6040, 0.153663
3355.5320, 0.152563
3357.4600, 0.152096
3359.3890, 0.153109
3361.3170, 0.154070
3363.2460, 0.153676
3365.1740, 0.153410
3367.1030, 0.153218
3369.0310, 0.152551
3370.9600, 0.153078
3372.8880, 0.153958
3374.8170, 0.154190
3376.7450, 0.154160
3378.6740, 0.154072
3380.6020, 0.154210
3382.5310, 0.154749
3384.4590, 0.154854
3386.3870, 0.154532
3388.3160, 0.154495
3390.2440, 0.155052
3392.1730, 0.154568
3394.1010, 0.154896
3396.0300, 0.155581
3397.9580, 0.155311
3399.8870, 0.154533
3401.8150, 0.154369
3403.7440, 0.154670
3405.6720, 0.154677
3407.6010, 0.155145
3409.5290, 0.155803
3411.4580, 0.155340
3413.3860, 0.155256
3415.3140, 0.155948
3417.2430, 0.155892
3419.1710, 0.154856
3421.1000, 0.155053
3423.0280, 0.155179
3424.9570, 0.155098
3426.8850, 0.156328
3428.8140, 0.157546
3430.7420, 0.157334
3432.6710, 0.156337
3434.5990, 0.155452
3436.5280, 0.155637
3438.4560, 0.156600
3440.3850, 0.156863
3442.3130, 0.156758
3444.2410, 0.156749
3446.1700, 0.156213
3448.0980, 0.155235
3450.0270, 0.155256
3451.9550, 0.156182
3453.8840, 0.156010
3455.8120, 0.155944
3457.7410, 0.156133
3459.6690, 0.156192
3461.5980, 0.156120
3463.5260, 0.155559
3465.4550, 0.155872
3467.3830, 0.156108
3469.3120, 0.155833
3471.2400, 0.155648
3473.1680, 0.155915
3475.0970, 0.156233
3477.0250, 0.155892
3478.9540, 0.155424
3480.8820, 0.156577
3482.8110, 0.157079
3484.7390, 0.157692
3486.6680, 0.157765
3488.5960, 0.156860
3490.5250, 0.156742
3492.4530, 0.156868
3494.3820, 0.158108
3496.3100, 0.158101
3498.2390, 0.157084
3500.1670, 0.156573
3502.0950, 0.156951
3504.0240, 0.157800
3505.9520, 0.158301
3507.8810, 0.158651
3509.8090, 0.158662
3511.7380, 0.158574
3513.6660, 0.157933
3515.5950, 0.158381
3517.5230, 0.158716
3519.4520, 0.157966
3521.3800, 0.158040
3523.3090, 0.158449
3525.2370, 0.158157
3527.1660, 0.157566
3529.0940, 0.158000
3531.0220, 0.158650
3532.9510, 0.158787
3534.8790, 0.158127
3536.8080, 0.157773
3538.7360, 0.157628
3540.6650, 0.158178
3542.5930, 0.158577
3544.5220, 0.158728
3546.4500, 0.158405
3548.3790, 0.158338
3550.3070, 0.158156
3552.2360, 0.157838
3554.1640, 0.157540
3556.0930, 0.157734
3558.0210, 0.157962
3559.9490, 0.158485
3561.8780, 0.158412
3563.8060, 0.158045
3565.7350, 0.158742
3567.6630, 0.160172
3569.5920, 0.160924
3571.5200, 0.160090
3573.4490, 0.158762
3575.3770, 0.158672
3577.3060, 0.159150
3579.2340, 0.159786
3581.1630, 0.159406
3583.0910, 0.158596
3585.0200, 0.158030
3586.9480, 0.159059
3588.8760, 0.158437
3590.8050, 0.158058
3592.7330, 0.158805
3594.6620, 0.159078
3596.5900, 0.158314
3598.5190, 0.160140
3600.4470, 0.160848
3602.3760, 0.158962
3604.3040, 0.157857
3606.2330, 0.158220
3608.1610, 0.159167
3610.0900, 0.158392
3612.0180, 0.158233
3613.9470, 0.158740
3615.8750, 0.158793
3617.8030, 0.158086
3619.7320, 0.158026
3621.6600, 0.158834
3623.5890, 0.159993
3625.5170, 0.160874
3627.4460, 0.160664
3629.3740, 0.159927
3631.3030, 0.159309
3633.2310, 0.158379
3635.1600, 0.159043
3637.0880, 0.160463
3639.0170, 0.160867
3640.9450, 0.159756
3642.8740, 0.158505
3644.8020, 0.158259
3646.7300, 0.158712
3648.6590, 0.158769
3650.5870, 0.158326
3652.5160, 0.157912
3654.4440, 0.158602
3656.3730, 0.159573
3658.3010, 0.160179
3660.2300, 0.160414
3662.1580, 0.159600
3664.0870, 0.158224
3666.0150, 0.158030
3667.9440, 0.158175
3669.8720, 0.158982
3671.8010, 0.161057
3673.7290, 0.161744
3675.6570, 0.162542
3677.5860, 0.161934
3679.5140, 0.160253
3681.4430, 0.159575
3683.3710, 0.159051
3685.3000, 0.159563
3687.2280, 0.159777
3689.1570, 0.159128
3691.0850, 0.160278
3693.0140, 0.161334
3694.9420, 0.161156
3696.8710, 0.160794
3698.7990, 0.159988
3700.7280, 0.159740
3702.6560, 0.161592
3704.5840, 0.161463
3706.5130, 0.160645
3708.4410, 0.160149
3710.3700, 0.160835
3712.2980, 0.161386
3714.2270, 0.160100
3716.1550, 0.159960
3718.0840, 0.160261
3720.0120, 0.159896
3721.9410, 0.160064
3723.8690, 0.160916
3725.7980, 0.161573
3727.7260, 0.161284
3729.6550, 0.160706
3731.5830, 0.162165
3733.5110, 0.163175
3735.4400, 0.163612
3737.3680, 0.163210
3739.2970, 0.162053
3741.2250, 0.162365
3743.1540, 0.162599
3745.0820, 0.161176
3747.0110, 0.161647
3748.9390, 0.163709
3750.8680, 0.163475
3752.7960, 0.163131
3754.7250, 0.163029
3756.6530, 0.163103
3758.5820, 0.163470
3760.5100, 0.164074
3762.4380, 0.164158
3764.3670, 0.163008
3766.2950, 0.161782
3768.2240, 0.163307
3770.1520, 0.164965
3772.0810, 0.164934
3774.0090, 0.164362
3775.9380, 0.163460
3777.8660, 0.163310
3779.7950, 0.163197
3781.7230, 0.163524
3783.6520, 0.163790
3785.5800, 0.164102
3787.5090, 0.164113
3789.4370, 0.163852
3791.3650, 0.163090
3793.2940, 0.161882
3795.2220, 0.161943
3797.1510, 0.162223
3799.0790, 0.163586
3801.0080, 0.164332
3802.9360, 0.164224
3804.8650, 0.165531
3806.7930, 0.165639
3808.7220, 0.165194
3810.6500, 0.164798
3812.5790, 0.164253
3814.5070, 0.164644
3816.4360, 0.165449
3818.3640, 0.164980
3820.2920, 0.166085
3822.2210, 0.166556
3824.1490, 0.166426
3826.0780, 0.166697
3828.0060, 0.165132
3829.9350, 0.164917
3831.8630, 0.165379
3833.7920, 0.165219
3835.7200, 0.165990
3837.6490, 0.166426
3839.5770, 0.166392
3841.5060, 0.166189
3843.4340, 0.165269
3845.3630, 0.164876
3847.2910, 0.165888
3849.2190, 0.168219
3851.1480, 0.168599
3853.0760, 0.168541
3855.0050, 0.167417
3856.9330, 0.166441
3858.8620, 0.166410
3860.7900, 0.166446
3862.7190, 0.166078
3864.6470, 0.165193
3866.5760, 0.166669
3868.5040, 0.167902
3870.4330, 0.167036
3872.3610, 0.166530
3874.2900, 0.167046
3876.2180, 0.167371
3878.1460, 0.168155
3880.0750, 0.168729
3882.0030, 0.169383
3883.9320, 0.169489
3885.8600, 0.168370
3887.7890, 0.166926
3889.7170, 0.166476
3891.6460, 0.166133
3893.5740, 0.166356
3895.5030, 0.166163
3897.4310, 0.167060
3899.3600, 0.167929
3901.2880, 0.168160
3903.2170, 0.168021
3905.1450, 0.168213
3907.0730, 0.169024
3909.0020, 0.169106
3910.9300, 0.167652
3912.8590, 0.166632
3914.7870, 0.168398
3916.7160, 0.169088
3918.6440, 0.168335
3920.5730, 0.168197
3922.5010, 0.168205
3924.4300, 0.168002
3926.3580, 0.167170
3928.2870, 0.167358
3930.2150, 0.168763
3932.1440, 0.169275
3934.0720, 0.168274
3936.0000, 0.167569
3937.9290, 0.168707
3939.8570, 0.170150
3941.7860, 0.170100
3943.7140, 0.168852
3945.6430, 0.168383
3947.5710, 0.169910
3949.5000, 0.169578
3951.4280, 0.168520
3953.3570, 0.168911
3955.2850, 0.169563
3957.2140, 0.169921
3959.1420, 0.169467
3961.0710, 0.167704
3962.9990, 0.167872
3964.9270, 0.169807
3966.8560, 0.170155
3968.7840, 0.169065
3970.7130, 0.169732
3972.6410, 0.169921
3974.5700, 0.168870
3976.4980, 0.169062
3978.4270, 0.169227
3980.3550, 0.169996
3982.2840, 0.171804
3984.2120, 0.171686
3986.1410, 0.170281
3988.0690, 0.171291
3989.9980, 0.172000
3991.9260, 0.171328
3993.8540, 0.170123
3995.7830, 0.169711
3997.7110, 0.170073
3999.6400, 0.170155
##END=



