##NAMES=Olivenite
##RRUFFID=R040181
##IDEAL CHEMISTRY=Cu^2+^_2_As^5+^O_4_(OH)
##LOCALITY=Majuba Hill, Pershing County, Nevada, USA
##OWNER=RRUFF
##SOURCE=University of Arizona Mineral Museum
##DESCRIPTION=Greenish blue prismatic, untwinned. Structure for this sample reported in Li et al (2008).
##STATUS=The identification of this mineral has been confirmed by X-ray diffraction and chemical analysis
##URL=rruff.info/R040181
##MEASURED CHEMISTRY=(Cu_0.98_[box]_0.02_)_2_(As_0.90_P_0.10_O_4_)(OH)_0.92_
399.1926, 0.080958
401.1211, 0.070105
403.0496, 0.070442
404.9780, 0.068197
406.9065, 0.069851
408.8350, 0.070327
410.7634, 0.071122
412.6919, 0.074367
414.6204, 0.079064
416.5488, 0.083520
418.4773, 0.086249
420.4058, 0.089642
422.3342, 0.095335
424.2627, 0.099812
426.1912, 0.104400
428.1196, 0.107637
430.0481, 0.111696
431.9766, 0.116646
433.9050, 0.121439
435.8335, 0.125930
437.7620, 0.130455
439.6904, 0.134733
441.6189, 0.138322
443.5474, 0.139459
445.4758, 0.141100
447.4043, 0.142349
449.3328, 0.142540
451.2612, 0.142214
453.1897, 0.139760
455.1182, 0.136226
457.0466, 0.133741
458.9751, 0.131019
460.9036, 0.128568
462.8320, 0.126865
464.7605, 0.125351
466.6890, 0.124574
468.6174, 0.124785
470.5459, 0.126455
472.4744, 0.128786
474.4028, 0.131101
476.3313, 0.134270
478.2598, 0.137981
480.1882, 0.141778
482.1167, 0.145325
484.0452, 0.148267
485.9736, 0.151252
487.9021, 0.153419
489.8306, 0.153115
491.7590, 0.151902
493.6875, 0.149700
495.6160, 0.146638
497.5444, 0.142810
499.4729, 0.138130
501.4014, 0.134028
503.3298, 0.131022
505.2583, 0.129108
507.1868, 0.129036
509.1152, 0.130609
511.0437, 0.134014
512.9722, 0.139684
514.9006, 0.146670
516.8291, 0.154804
518.7576, 0.164073
520.6860, 0.172521
522.6145, 0.180135
524.5430, 0.185993
526.4714, 0.190105
528.3999, 0.192057
530.3284, 0.192263
532.2568, 0.191817
534.1853, 0.190753
536.1138, 0.188853
538.0422, 0.185737
539.9707, 0.180834
541.8992, 0.174709
543.8276, 0.167907
545.7561, 0.160823
547.6846, 0.153046
549.6130, 0.144899
551.5415, 0.136681
553.4700, 0.128711
555.3984, 0.120359
557.3269, 0.111654
559.2554, 0.103473
561.1838, 0.095789
563.1123, 0.089017
565.0408, 0.082488
566.9692, 0.075770
568.8977, 0.069823
570.8262, 0.064651
572.7546, 0.059910
574.6831, 0.055961
576.6116, 0.052724
578.5400, 0.050039
580.4685, 0.048231
582.3970, 0.047262
584.3254, 0.046782
586.2539, 0.046673
588.1824, 0.047018
590.1108, 0.048203
592.0393, 0.049631
593.9678, 0.050963
595.8962, 0.052562
597.8247, 0.053336
599.7532, 0.052783
601.6816, 0.051535
603.6101, 0.049515
605.5386, 0.047627
607.4670, 0.046176
609.3955, 0.044826
611.3240, 0.043820
613.2524, 0.043273
615.1809, 0.043356
617.1094, 0.043572
619.0378, 0.043796
620.9663, 0.044763
622.8948, 0.046161
624.8232, 0.048011
626.7517, 0.050845
628.6802, 0.054250
630.6086, 0.057434
632.5371, 0.059324
634.4656, 0.058615
636.3940, 0.055593
638.3225, 0.051782
640.2510, 0.048435
642.1794, 0.046006
644.1079, 0.044674
646.0364, 0.044035
647.9648, 0.043863
649.8933, 0.043764
651.8218, 0.043954
653.7502, 0.044260
655.6787, 0.044791
657.6072, 0.045325
659.5356, 0.045742
661.4641, 0.046179
663.3926, 0.046726
665.3210, 0.047375
667.2495, 0.048271
669.1780, 0.048782
671.1064, 0.049094
673.0349, 0.049724
674.9634, 0.050435
676.8918, 0.050974
678.8203, 0.051579
680.7488, 0.052332
682.6772, 0.052988
684.6057, 0.053559
686.5342, 0.054317
688.4626, 0.055257
690.3911, 0.056180
692.3196, 0.057118
694.2480, 0.058242
696.1765, 0.059517
698.1050, 0.060664
700.0334, 0.061996
701.9619, 0.063440
703.8904, 0.064832
705.8188, 0.066490
707.7473, 0.068335
709.6758, 0.070303
711.6042, 0.072433
713.5327, 0.074509
715.4612, 0.076916
717.3896, 0.079759
719.3181, 0.082718
721.2466, 0.085805
723.1750, 0.089184
725.1035, 0.092840
727.0320, 0.096623
728.9604, 0.100747
730.8889, 0.105009
732.8174, 0.109562
734.7458, 0.114403
736.6743, 0.119903
738.6028, 0.125617
740.5313, 0.131356
742.4597, 0.137666
744.3882, 0.144393
746.3167, 0.151378
748.2451, 0.158655
750.1736, 0.165944
752.1021, 0.173523
754.0305, 0.181345
755.9590, 0.189064
757.8875, 0.196624
759.8159, 0.204045
761.7444, 0.211094
763.6729, 0.216967
765.6013, 0.221282
767.5298, 0.224160
769.4583, 0.226466
771.3867, 0.228856
773.3152, 0.231338
775.2437, 0.233615
777.1721, 0.235215
779.1006, 0.236582
781.0291, 0.237405
782.9575, 0.238073
784.8860, 0.239080
786.8145, 0.240055
788.7429, 0.239846
790.6714, 0.237693
792.5999, 0.233856
794.5283, 0.229082
796.4568, 0.224183
798.3853, 0.220169
800.3137, 0.217083
802.2422, 0.214629
804.1707, 0.212920
806.0991, 0.211906
808.0276, 0.211012
809.9561, 0.210095
811.8845, 0.208599
813.8130, 0.206367
815.7415, 0.203465
817.6699, 0.200089
819.5984, 0.196250
821.5269, 0.192216
823.4553, 0.188575
825.3838, 0.184593
827.3123, 0.180108
829.2407, 0.175647
831.1692, 0.171034
833.0977, 0.166246
835.0261, 0.161687
836.9546, 0.158010
838.8831, 0.155994
840.8115, 0.155604
842.7400, 0.155701
844.6685, 0.155108
846.5969, 0.153843
848.5254, 0.152247
850.4539, 0.150676
852.3823, 0.148920
854.3108, 0.146842
856.2393, 0.144281
858.1677, 0.141645
860.0962, 0.139485
862.0247, 0.137915
863.9531, 0.136627
865.8816, 0.135356
867.8101, 0.133872
869.7385, 0.132022
871.6670, 0.129660
873.5955, 0.126497
875.5239, 0.122922
877.4524, 0.118830
879.3809, 0.114175
881.3093, 0.109289
883.2378, 0.104316
885.1663, 0.099068
887.0947, 0.093674
889.0232, 0.088313
890.9517, 0.083313
892.8801, 0.078409
894.8085, 0.073422
896.7370, 0.068679
898.6655, 0.064665
900.5939, 0.061279
902.5224, 0.058275
904.4509, 0.055813
906.3793, 0.053947
908.3078, 0.052956
910.2363, 0.052700
912.1647, 0.052857
914.0932, 0.053343
916.0217, 0.054140
917.9501, 0.055170
919.8786, 0.056303
921.8071, 0.057691
923.7355, 0.059332
925.6640, 0.061218
927.5925, 0.063452
929.5209, 0.066179
931.4494, 0.069001
933.3779, 0.071840
935.3063, 0.074796
937.2348, 0.077448
939.1633, 0.079666
941.0917, 0.081599
943.0202, 0.082912
944.9487, 0.083250
946.8771, 0.082719
948.8056, 0.081874
950.7341, 0.080426
952.6625, 0.078442
954.5910, 0.076289
956.5195, 0.074034
958.4479, 0.071904
960.3764, 0.069621
962.3049, 0.067040
964.2333, 0.064513
966.1618, 0.062248
968.0903, 0.060539
970.0187, 0.059564
971.9472, 0.059215
973.8757, 0.059239
975.8041, 0.059399
977.7326, 0.059286
979.6611, 0.058525
981.5895, 0.057013
983.5180, 0.055025
985.4465, 0.053117
987.3749, 0.051362
989.3034, 0.049681
991.2319, 0.048254
993.1603, 0.047037
995.0888, 0.046171
997.0173, 0.045651
998.9457, 0.045437
1000.8740, 0.045710
1002.8030, 0.046204
1004.7310, 0.046942
1006.6600, 0.047990
1008.5880, 0.049226
1010.5170, 0.050829
1012.4450, 0.052907
1014.3730, 0.055343
1016.3020, 0.058197
1018.2300, 0.061349
1020.1590, 0.064766
1022.0870, 0.068171
1024.0160, 0.071503
1025.9440, 0.075166
1027.8730, 0.079066
1029.8010, 0.082570
1031.7300, 0.084560
1033.6580, 0.084060
1035.5870, 0.081419
1037.5150, 0.077912
1039.4440, 0.074413
1041.3720, 0.071294
1043.3010, 0.068696
1045.2290, 0.066523
1047.1570, 0.064610
1049.0860, 0.062955
1051.0140, 0.061307
1052.9430, 0.059874
1054.8710, 0.058647
1056.8000, 0.057802
1058.7280, 0.057426
1060.6570, 0.057276
1062.5850, 0.057701
1064.5140, 0.058678
1066.4420, 0.059928
1068.3710, 0.061724
1070.2990, 0.063728
1072.2280, 0.065923
1074.1560, 0.068060
1076.0840, 0.069770
1078.0130, 0.071793
1079.9410, 0.073978
1081.8700, 0.074771
1083.7980, 0.073033
1085.7270, 0.069108
1087.6550, 0.064455
1089.5840, 0.059888
1091.5120, 0.055452
1093.4410, 0.051470
1095.3690, 0.047993
1097.2980, 0.044943
1099.2260, 0.042455
1101.1550, 0.040173
1103.0830, 0.038224
1105.0110, 0.036638
1106.9400, 0.035267
1108.8680, 0.034022
1110.7970, 0.032795
1112.7250, 0.031564
1114.6540, 0.030523
1116.5820, 0.029562
1118.5110, 0.028580
1120.4390, 0.027758
1122.3680, 0.027075
1124.2960, 0.026387
1126.2250, 0.025714
1128.1530, 0.025068
1130.0820, 0.024432
1132.0100, 0.023801
1133.9380, 0.023301
1135.8670, 0.022753
1137.7950, 0.022173
1139.7240, 0.021798
1141.6520, 0.021437
1143.5810, 0.021130
1145.5090, 0.020940
1147.4380, 0.020508
1149.3660, 0.019961
1151.2950, 0.019703
1153.2230, 0.019599
1155.1520, 0.019264
1157.0800, 0.018824
1159.0090, 0.018464
1160.9370, 0.018143
1162.8650, 0.017827
1164.7940, 0.017433
1166.7220, 0.016914
1168.6510, 0.016567
1170.5790, 0.016326
1172.5080, 0.016082
1174.4360, 0.015773
1176.3650, 0.015507
1178.2930, 0.015072
1180.2220, 0.014715
1182.1500, 0.014545
1184.0790, 0.014320
1186.0070, 0.013988
1187.9360, 0.013731
1189.8640, 0.013529
1191.7920, 0.013373
1193.7210, 0.013148
1195.6490, 0.012877
1197.5780, 0.012688
1199.5060, 0.012390
1201.4350, 0.012132
1203.3630, 0.011966
1205.2920, 0.011777
1207.2200, 0.011607
1209.1490, 0.011426
1211.0770, 0.011382
1213.0060, 0.011191
1214.9340, 0.011026
1216.8630, 0.010899
1218.7910, 0.010705
1220.7190, 0.010580
1222.6480, 0.010552
1224.5760, 0.010510
1226.5050, 0.010401
1228.4330, 0.010261
1230.3620, 0.010192
1232.2900, 0.010097
1234.2190, 0.010041
1236.1470, 0.010008
1238.0760, 0.009988
1240.0040, 0.009935
1241.9330, 0.009773
1243.8610, 0.009752
1245.7900, 0.009763
1247.7180, 0.009682
1249.6460, 0.009685
1251.5750, 0.009696
1253.5030, 0.009717
1255.4320, 0.009644
1257.3600, 0.009497
1259.2890, 0.009584
1261.2170, 0.009639
1263.1460, 0.009597
1265.0740, 0.009594
1267.0030, 0.009636
1268.9310, 0.009717
1270.8600, 0.009730
1272.7880, 0.009833
1274.7170, 0.009842
1276.6450, 0.009838
1278.5730, 0.009846
1280.5020, 0.009885
1282.4300, 0.009902
1284.3590, 0.009974
1286.2870, 0.009999
1288.2160, 0.010053
1290.1440, 0.010114
1292.0730, 0.010068
1294.0010, 0.010039
1295.9300, 0.010075
1297.8580, 0.010102
1299.7870, 0.010157
1301.7150, 0.010149
1303.6440, 0.010018
1305.5720, 0.009964
1307.5000, 0.010173
1309.4290, 0.010309
1311.3570, 0.010228
1313.2860, 0.010198
1315.2140, 0.010264
1317.1430, 0.010414
1319.0710, 0.010396
1321.0000, 0.010353
1322.9280, 0.010362
1324.8570, 0.010375
1326.7850, 0.010523
1328.7140, 0.010680
1330.6420, 0.010643
1332.5710, 0.010610
1334.4990, 0.010635
1336.4270, 0.010670
1338.3560, 0.010724
1340.2840, 0.010841
1342.2130, 0.010856
1344.1410, 0.010750
1346.0700, 0.010739
1347.9980, 0.010900
1349.9270, 0.010903
1351.8550, 0.010891
1353.7840, 0.011022
1355.7120, 0.010966
1357.6410, 0.010808
1359.5690, 0.010736
1361.4980, 0.010739
1363.4260, 0.010807
1365.3540, 0.010867
1367.2830, 0.010843
1369.2110, 0.010747
1371.1400, 0.010719
1373.0680, 0.010817
1374.9970, 0.010901
1376.9250, 0.011065
1378.8540, 0.011177
1380.7820, 0.011070
1382.7110, 0.011008
1384.6390, 0.011087
1386.5680, 0.011218
1388.4960, 0.011214
1390.4240, 0.011213
1392.3530, 0.011321
1394.2810, 0.011411
1396.2100, 0.011369
1398.1380, 0.011386
1400.0670, 0.011416
1401.9950, 0.011474
1403.9240, 0.011628
1405.8520, 0.011538
1407.7810, 0.011488
1409.7090, 0.011576
1411.6380, 0.011622
1413.5660, 0.011757
1415.4950, 0.011785
1417.4230, 0.011879
1419.3510, 0.012008
1421.2800, 0.011895
1423.2080, 0.011886
1425.1370, 0.011968
1427.0650, 0.011956
1428.9940, 0.011928
1430.9220, 0.011955
1432.8510, 0.012019
1434.7790, 0.012222
1436.7080, 0.012359
1438.6360, 0.012271
1440.5650, 0.012299
1442.4930, 0.012279
1444.4220, 0.012277
1446.3500, 0.012364
1448.2780, 0.012429
1450.2070, 0.012357
1452.1350, 0.012362
1454.0640, 0.012409
1455.9920, 0.012685
1457.9210, 0.012758
1459.8490, 0.012641
1461.7780, 0.012609
1463.7060, 0.012602
1465.6350, 0.012534
1467.5630, 0.012380
1469.4920, 0.012431
1471.4200, 0.012498
1473.3490, 0.012597
1475.2770, 0.012609
1477.2050, 0.012456
1479.1340, 0.012305
1481.0620, 0.012410
1482.9910, 0.012417
1484.9190, 0.012533
1486.8480, 0.012682
1488.7760, 0.012803
1490.7050, 0.012724
1492.6330, 0.012510
1494.5620, 0.012534
1496.4900, 0.012679
1498.4190, 0.012640
1500.3470, 0.012603
1502.2760, 0.012561
1504.2040, 0.012746
1506.1320, 0.013079
1508.0610, 0.013017
1509.9890, 0.012833
1511.9180, 0.012810
1513.8460, 0.012855
1515.7750, 0.013012
1517.7030, 0.013159
1519.6320, 0.013389
1521.5600, 0.013545
1523.4890, 0.013391
1525.4170, 0.013349
1527.3460, 0.013374
1529.2740, 0.013383
1531.2030, 0.013439
1533.1310, 0.013605
1535.0590, 0.013713
1536.9880, 0.013845
1538.9160, 0.014254
1540.8450, 0.014404
1542.7730, 0.014351
1544.7020, 0.014316
1546.6300, 0.014299
1548.5590, 0.014307
1550.4870, 0.014549
1552.4160, 0.014888
1554.3440, 0.015116
1556.2730, 0.015199
1558.2010, 0.015453
1560.1300, 0.015566
1562.0580, 0.015479
1563.9860, 0.015520
1565.9150, 0.015616
1567.8430, 0.015678
1569.7720, 0.015910
1571.7000, 0.016047
1573.6290, 0.016166
1575.5570, 0.016526
1577.4860, 0.016604
1579.4140, 0.016508
1581.3430, 0.016738
1583.2710, 0.017006
1585.2000, 0.017066
1587.1280, 0.017251
1589.0570, 0.017509
1590.9850, 0.017486
1592.9130, 0.017553
1594.8420, 0.017715
1596.7700, 0.017892
1598.6990, 0.017930
1600.6270, 0.017949
1602.5560, 0.018251
1604.4840, 0.018500
1606.4130, 0.018591
1608.3410, 0.018702
1610.2700, 0.018808
1612.1980, 0.018885
1614.1270, 0.019054
1616.0550, 0.019361
1617.9840, 0.019460
1619.9120, 0.019505
1621.8400, 0.019585
1623.7690, 0.019525
1625.6970, 0.019378
1627.6260, 0.019419
1629.5540, 0.019614
1631.4830, 0.019570
1633.4110, 0.019582
1635.3400, 0.019894
1637.2680, 0.019819
1639.1970, 0.019575
1641.1250, 0.019440
1643.0540, 0.019379
1644.9820, 0.019469
1646.9110, 0.019415
1648.8390, 0.019099
1650.7670, 0.019121
1652.6960, 0.019403
1654.6240, 0.019144
1656.5530, 0.018620
1658.4810, 0.018472
1660.4100, 0.018513
1662.3380, 0.018522
1664.2670, 0.018324
1666.1950, 0.018276
1668.1240, 0.018226
1670.0520, 0.018024
1671.9810, 0.017675
1673.9090, 0.017444
1675.8380, 0.017433
1677.7660, 0.017367
1679.6940, 0.017278
1681.6230, 0.017291
1683.5510, 0.017557
1685.4800, 0.017257
1687.4080, 0.016734
1689.3370, 0.016461
1691.2650, 0.016406
1693.1940, 0.016429
1695.1220, 0.016599
1697.0510, 0.016554
1698.9790, 0.016613
1700.9080, 0.016502
1702.8360, 0.016065
1704.7650, 0.015985
1706.6930, 0.016008
1708.6210, 0.015947
1710.5500, 0.015752
1712.4780, 0.015746
1714.4070, 0.015844
1716.3350, 0.016062
1718.2640, 0.016034
1720.1920, 0.015567
1722.1210, 0.015288
1724.0490, 0.015322
1725.9780, 0.015256
1727.9060, 0.015096
1729.8350, 0.015131
1731.7630, 0.015393
1733.6920, 0.015760
1735.6200, 0.015438
1737.5480, 0.014973
1739.4770, 0.015079
1741.4050, 0.015028
1743.3340, 0.014996
1745.2620, 0.015041
1747.1910, 0.015084
1749.1190, 0.015123
1751.0480, 0.015098
1752.9760, 0.014962
1754.9050, 0.014845
1756.8330, 0.014767
1758.7620, 0.014747
1760.6900, 0.014779
1762.6190, 0.014946
1764.5470, 0.014930
1766.4750, 0.015017
1768.4040, 0.014917
1770.3320, 0.014798
1772.2610, 0.015029
1774.1890, 0.014887
1776.1180, 0.014759
1778.0460, 0.014963
1779.9750, 0.015073
1781.9030, 0.015100
1783.8320, 0.015117
1785.7600, 0.015103
1787.6890, 0.015163
1789.6170, 0.015240
1791.5460, 0.015219
1793.4740, 0.015159
1795.4020, 0.015279
1797.3310, 0.015440
1799.2590, 0.015448
1801.1880, 0.015408
1803.1160, 0.015399
1805.0450, 0.015255
1806.9730, 0.015275
1808.9020, 0.015471
1810.8300, 0.015431
1812.7590, 0.015380
1814.6870, 0.015784
1816.6160, 0.015916
1818.5440, 0.015885
1820.4730, 0.015761
1822.4010, 0.015612
1824.3290, 0.015651
1826.2580, 0.015564
1828.1860, 0.015266
1830.1150, 0.015385
1832.0430, 0.015904
1833.9720, 0.016179
1835.9000, 0.016166
1837.8290, 0.016241
1839.7570, 0.016296
1841.6860, 0.016185
1843.6140, 0.016194
1845.5430, 0.016424
1847.4710, 0.016386
1849.4000, 0.016271
1851.3280, 0.016309
1853.2560, 0.016309
1855.1850, 0.016495
1857.1130, 0.016559
1859.0420, 0.016582
1860.9700, 0.016592
1862.8990, 0.016204
1864.8270, 0.015787
1866.7560, 0.016186
1868.6840, 0.016403
1870.6130, 0.016208
1872.5410, 0.016143
1874.4700, 0.016064
1876.3980, 0.015933
1878.3270, 0.016087
1880.2550, 0.016478
1882.1830, 0.016693
1884.1120, 0.016651
1886.0400, 0.016338
1887.9690, 0.016123
1889.8970, 0.016795
1891.8260, 0.017460
1893.7540, 0.017462
1895.6830, 0.017188
1897.6110, 0.017162
1899.5400, 0.017099
1901.4680, 0.017149
1903.3970, 0.017616
1905.3250, 0.017484
1907.2540, 0.017268
1909.1820, 0.017330
1911.1100, 0.017101
1913.0390, 0.017060
1914.9670, 0.017355
1916.8960, 0.017677
1918.8240, 0.018080
1920.7530, 0.018387
1922.6810, 0.018493
1924.6100, 0.018721
1926.5380, 0.017995
1928.4670, 0.017888
1930.3950, 0.018380
1932.3240, 0.018261
1934.2520, 0.018058
1936.1810, 0.018398
1938.1090, 0.018300
1940.0370, 0.018416
1941.9660, 0.018943
1943.8940, 0.019282
1945.8230, 0.019517
1947.7510, 0.020488
1949.6800, 0.019735
1951.6080, 0.019180
1953.5370, 0.019601
1955.4650, 0.019627
1957.3940, 0.018590
1959.3220, 0.018874
1961.2510, 0.019723
1963.1790, 0.020033
1965.1080, 0.020425
1967.0360, 0.020008
1968.9640, 0.019918
1970.8930, 0.020103
1972.8210, 0.020265
1974.7500, 0.021101
1976.6780, 0.022783
1978.6070, 0.022896
1980.5350, 0.021790
1982.4640, 0.020718
1984.3920, 0.020195
1986.3210, 0.020222
1988.2490, 0.020182
1990.1780, 0.019909
1992.1060, 0.020084
1994.0350, 0.020367
1995.9630, 0.020246
1997.8910, 0.019934
1999.8200, 0.019516
2001.7480, 0.018915
2003.6770, 0.019210
2005.6050, 0.020206
2007.5340, 0.021074
2009.4620, 0.021963
2011.3910, 0.021016
2013.3190, 0.019773
2015.2480, 0.020033
2017.1760, 0.020995
2019.1050, 0.021765
2021.0330, 0.021621
2022.9620, 0.020894
2024.8900, 0.021103
2026.8180, 0.021765
2028.7470, 0.021572
2030.6750, 0.020349
2032.6040, 0.020595
2034.5320, 0.021345
2036.4610, 0.022388
2038.3890, 0.021982
2040.3180, 0.021264
2042.2460, 0.020580
2044.1750, 0.020328
2046.1030, 0.020420
2048.0320, 0.021242
2049.9600, 0.021341
2051.8890, 0.020058
2053.8170, 0.019883
2055.7460, 0.020240
2057.6740, 0.020010
2059.6030, 0.019980
2061.5310, 0.020107
2063.4590, 0.020165
2065.3880, 0.019900
2067.3160, 0.019394
2069.2450, 0.019083
2071.1730, 0.018443
2073.1020, 0.018449
2075.0300, 0.019238
2076.9590, 0.019815
2078.8870, 0.019809
2080.8160, 0.019627
2082.7440, 0.019169
2084.6730, 0.019135
2086.6010, 0.018896
2088.5300, 0.018895
2090.4580, 0.019635
2092.3860, 0.019813
2094.3150, 0.019468
2096.2430, 0.019458
2098.1720, 0.019997
2100.1000, 0.020477
2102.0290, 0.020632
2103.9570, 0.020260
2105.8860, 0.020130
2107.8140, 0.019934
2109.7430, 0.019966
2111.6710, 0.019567
2113.6000, 0.019315
2115.5280, 0.019759
2117.4570, 0.019764
2119.3850, 0.019617
2121.3130, 0.020058
2123.2420, 0.020077
2125.1700, 0.019824
2127.0990, 0.020031
2129.0270, 0.019927
2130.9560, 0.019311
2132.8840, 0.019203
2134.8130, 0.019646
2136.7410, 0.020276
2138.6700, 0.020242
2140.5980, 0.020556
2142.5270, 0.020277
2144.4550, 0.020059
2146.3840, 0.020888
2148.3120, 0.021936
2150.2400, 0.022288
2152.1690, 0.021671
2154.0970, 0.021254
2156.0260, 0.020483
2157.9540, 0.020947
2159.8830, 0.024751
2161.8110, 0.026244
2163.7400, 0.025438
2165.6680, 0.024521
2167.5970, 0.024361
2169.5250, 0.023223
2171.4540, 0.023079
2173.3820, 0.023601
2175.3110, 0.024640
2177.2390, 0.024510
2179.1670, 0.023403
2181.0960, 0.023218
2183.0240, 0.023574
2184.9530, 0.023141
2186.8810, 0.023024
2188.8100, 0.023026
2190.7380, 0.023638
2192.6670, 0.023716
2194.5950, 0.023727
2196.5240, 0.024135
2198.4520, 0.024186
2200.3810, 0.023890
2202.3090, 0.023270
2204.2380, 0.023228
2206.1660, 0.023628
2208.0940, 0.024047
2210.0230, 0.023238
2211.9510, 0.022542
2213.8800, 0.023270
2215.8080, 0.024153
2217.7370, 0.024116
2219.6650, 0.023740
2221.5940, 0.024136
2223.5220, 0.023971
2225.4510, 0.023042
2227.3790, 0.022985
2229.3080, 0.023732
2231.2360, 0.023956
2233.1650, 0.024337
2235.0930, 0.024088
2237.0210, 0.023376
2238.9500, 0.023721
2240.8780, 0.023826
2242.8070, 0.023693
2244.7350, 0.024066
2246.6640, 0.023747
2248.5920, 0.023062
2250.5210, 0.023059
2252.4490, 0.023320
2254.3780, 0.024068
2256.3060, 0.024934
2258.2350, 0.024437
2260.1630, 0.024411
2262.0920, 0.024608
2264.0200, 0.023994
2265.9480, 0.023659
2267.8770, 0.023595
2269.8050, 0.023558
2271.7340, 0.023883
2273.6620, 0.023862
2275.5910, 0.023750
2277.5190, 0.023648
2279.4480, 0.023432
2281.3760, 0.023383
2283.3050, 0.023313
2285.2330, 0.023305
2287.1620, 0.023123
2289.0900, 0.022776
2291.0190, 0.022613
2292.9470, 0.023076
2294.8750, 0.023582
2296.8040, 0.023690
2298.7320, 0.023598
2300.6610, 0.023406
2302.5890, 0.023306
2304.5180, 0.023379
2306.4460, 0.023386
2308.3750, 0.022969
2310.3030, 0.023012
2312.2320, 0.023236
2314.1600, 0.023508
2316.0890, 0.023824
2318.0170, 0.023906
2319.9460, 0.024080
2321.8740, 0.024150
2323.8020, 0.024333
2325.7310, 0.024165
2327.6590, 0.023816
2329.5880, 0.023881
2331.5160, 0.024346
2333.4450, 0.024759
2335.3730, 0.024735
2337.3020, 0.024502
2339.2300, 0.024312
2341.1590, 0.024412
2343.0870, 0.024575
2345.0160, 0.024100
2346.9440, 0.023066
2348.8730, 0.022786
2350.8010, 0.023341
2352.7290, 0.023812
2354.6580, 0.024459
2356.5860, 0.025050
2358.5150, 0.025490
2360.4430, 0.025576
2362.3720, 0.025660
2364.3000, 0.025825
2366.2290, 0.025780
2368.1570, 0.025383
2370.0860, 0.025131
2372.0140, 0.024932
2373.9420, 0.024123
2375.8710, 0.023352
2377.7990, 0.023022
2379.7280, 0.023047
2381.6560, 0.023080
2383.5850, 0.023056
2385.5130, 0.023117
2387.4420, 0.023129
2389.3700, 0.023164
2391.2990, 0.023172
2393.2270, 0.023564
2395.1560, 0.023686
2397.0840, 0.023020
2399.0120, 0.023109
2400.9410, 0.023334
2402.8690, 0.023520
2404.7980, 0.023779
2406.7260, 0.023774
2408.6550, 0.024154
2410.5830, 0.024524
2412.5120, 0.023885
2414.4400, 0.023508
2416.3690, 0.023745
2418.2970, 0.024161
2420.2260, 0.024177
2422.1540, 0.024106
2424.0830, 0.024556
2426.0110, 0.024783
2427.9390, 0.024488
2429.8680, 0.024388
2431.7960, 0.024316
2433.7250, 0.024101
2435.6530, 0.024176
2437.5820, 0.024808
2439.5100, 0.024936
2441.4390, 0.024854
2443.3670, 0.025192
2445.2960, 0.025631
2447.2240, 0.025580
2449.1530, 0.025580
2451.0810, 0.025805
2453.0100, 0.025687
2454.9380, 0.025552
2456.8660, 0.025158
2458.7950, 0.025018
2460.7230, 0.025074
2462.6520, 0.025000
2464.5800, 0.024861
2466.5090, 0.025366
2468.4370, 0.025428
2470.3660, 0.024916
2472.2940, 0.025213
2474.2230, 0.025574
2476.1510, 0.025427
2478.0800, 0.025780
2480.0080, 0.025887
2481.9370, 0.025533
2483.8650, 0.025774
2485.7930, 0.025953
2487.7220, 0.025544
2489.6500, 0.025056
2491.5790, 0.025663
2493.5070, 0.026235
2495.4360, 0.026078
2497.3640, 0.026020
2499.2930, 0.025926
2501.2210, 0.026044
2503.1500, 0.026306
2505.0780, 0.026154
2507.0070, 0.026134
2508.9350, 0.025954
2510.8640, 0.026030
2512.7920, 0.026197
2514.7200, 0.026333
2516.6490, 0.026440
2518.5770, 0.026585
2520.5060, 0.026549
2522.4340, 0.026617
2524.3630, 0.026497
2526.2910, 0.026684
2528.2200, 0.026529
2530.1480, 0.026006
2532.0770, 0.026166
2534.0050, 0.026454
2535.9340, 0.026482
2537.8620, 0.026390
2539.7910, 0.026467
2541.7190, 0.026575
2543.6470, 0.026644
2545.5760, 0.027008
2547.5040, 0.027030
2549.4330, 0.026997
2551.3610, 0.026653
2553.2900, 0.026286
2555.2180, 0.026751
2557.1470, 0.027162
2559.0750, 0.027082
2561.0040, 0.027055
2562.9320, 0.026729
2564.8610, 0.027091
2566.7890, 0.027410
2568.7180, 0.027164
2570.6460, 0.027315
2572.5740, 0.027278
2574.5030, 0.027639
2576.4310, 0.028247
2578.3600, 0.028098
2580.2880, 0.027498
2582.2170, 0.027205
2584.1450, 0.027575
2586.0740, 0.027427
2588.0020, 0.026827
2589.9310, 0.026410
2591.8590, 0.026727
2593.7880, 0.027297
2595.7160, 0.026933
2597.6450, 0.026478
2599.5730, 0.026832
2601.5010, 0.027081
2603.4300, 0.027077
2605.3580, 0.027436
2607.2870, 0.027659
2609.2150, 0.027484
2611.1440, 0.027133
2613.0720, 0.027409
2615.0010, 0.027681
2616.9290, 0.027132
2618.8580, 0.026785
2620.7860, 0.026834
2622.7150, 0.027109
2624.6430, 0.027481
2626.5720, 0.027882
2628.5000, 0.027733
2630.4280, 0.027813
2632.3570, 0.027594
2634.2850, 0.027101
2636.2140, 0.027106
2638.1420, 0.027326
2640.0710, 0.027368
2641.9990, 0.027683
2643.9280, 0.027641
2645.8560, 0.027240
2647.7850, 0.026797
2649.7130, 0.026864
2651.6420, 0.027210
2653.5700, 0.027382
2655.4990, 0.027526
2657.4270, 0.027486
2659.3550, 0.027396
2661.2840, 0.027078
2663.2120, 0.027023
2665.1410, 0.027434
2667.0690, 0.027418
2668.9980, 0.027156
2670.9260, 0.027324
2672.8550, 0.027456
2674.7830, 0.027565
2676.7120, 0.027692
2678.6400, 0.027429
2680.5690, 0.027208
2682.4970, 0.027692
2684.4260, 0.028131
2686.3540, 0.027919
2688.2820, 0.027532
2690.2110, 0.027670
2692.1390, 0.027943
2694.0680, 0.028167
2695.9960, 0.028198
2697.9250, 0.027900
2699.8530, 0.027843
2701.7820, 0.027758
2703.7100, 0.027900
2705.6390, 0.028123
2707.5670, 0.028134
2709.4960, 0.028376
2711.4240, 0.028671
2713.3530, 0.028620
2715.2810, 0.028644
2717.2090, 0.028648
2719.1380, 0.028295
2721.0660, 0.028224
2722.9950, 0.028330
2724.9230, 0.028638
2726.8520, 0.029004
2728.7800, 0.028960
2730.7090, 0.029013
2732.6370, 0.028884
2734.5660, 0.028634
2736.4940, 0.028820
2738.4230, 0.029194
2740.3510, 0.029269
2742.2800, 0.029378
2744.2080, 0.029516
2746.1360, 0.029649
2748.0650, 0.029830
2749.9930, 0.029938
2751.9220, 0.030084
2753.8500, 0.030081
2755.7790, 0.029944
2757.7070, 0.029824
2759.6360, 0.030179
2761.5640, 0.030095
2763.4930, 0.030191
2765.4210, 0.030468
2767.3500, 0.030337
2769.2780, 0.030050
2771.2070, 0.030001
2773.1350, 0.030460
2775.0630, 0.030890
2776.9920, 0.030908
2778.9200, 0.030837
2780.8490, 0.031044
2782.7770, 0.031071
2784.7060, 0.031269
2786.6340, 0.031435
2788.5630, 0.031379
2790.4910, 0.031143
2792.4200, 0.030936
2794.3480, 0.031023
2796.2770, 0.031328
2798.2050, 0.031970
2800.1340, 0.032197
2802.0620, 0.032056
2803.9900, 0.031611
2805.9190, 0.031489
2807.8470, 0.031588
2809.7760, 0.031766
2811.7040, 0.031992
2813.6330, 0.032031
2815.5610, 0.032247
2817.4900, 0.032560
2819.4180, 0.032635
2821.3470, 0.032513
2823.2750, 0.032137
2825.2040, 0.032053
2827.1320, 0.032606
2829.0610, 0.032869
2830.9890, 0.032715
2832.9170, 0.032499
2834.8460, 0.032701
2836.7740, 0.033259
2838.7030, 0.033335
2840.6310, 0.033152
2842.5600, 0.033213
2844.4880, 0.033348
2846.4170, 0.033568
2848.3450, 0.033529
2850.2740, 0.033291
2852.2020, 0.033267
2854.1310, 0.033869
2856.0590, 0.034191
2857.9880, 0.034013
2859.9160, 0.033879
2861.8440, 0.034257
2863.7730, 0.034711
2865.7010, 0.034502
2867.6300, 0.034250
2869.5580, 0.034428
2871.4870, 0.034842
2873.4150, 0.034883
2875.3440, 0.034926
2877.2720, 0.034900
2879.2010, 0.034968
2881.1290, 0.034933
2883.0580, 0.035086
2884.9860, 0.035370
2886.9150, 0.035362
2888.8430, 0.035484
2890.7710, 0.035775
2892.7000, 0.035570
2894.6280, 0.035550
2896.5570, 0.035261
2898.4850, 0.035473
2900.4140, 0.036045
2902.3420, 0.036655
2904.2710, 0.036857
2906.1990, 0.036564
2908.1280, 0.036355
2910.0560, 0.036189
2911.9850, 0.036257
2913.9130, 0.036910
2915.8420, 0.037097
2917.7700, 0.037241
2919.6980, 0.037521
2921.6270, 0.038172
2923.5550, 0.038344
2925.4840, 0.038084
2927.4120, 0.037976
2929.3410, 0.038456
2931.2690, 0.038868
2933.1980, 0.038764
2935.1260, 0.038588
2937.0550, 0.038536
2938.9830, 0.038516
2940.9120, 0.038613
2942.8400, 0.038476
2944.7690, 0.037938
2946.6970, 0.038039
2948.6250, 0.038414
2950.5540, 0.038581
2952.4820, 0.039006
2954.4110, 0.039237
2956.3390, 0.039628
2958.2680, 0.039792
2960.1960, 0.039295
2962.1250, 0.039503
2964.0530, 0.040370
2965.9820, 0.040397
2967.9100, 0.039592
2969.8390, 0.039040
2971.7670, 0.038965
2973.6960, 0.039053
2975.6240, 0.039490
2977.5520, 0.039916
2979.4810, 0.039985
2981.4090, 0.039723
2983.3380, 0.039296
2985.2660, 0.039193
2987.1950, 0.039612
2989.1230, 0.039723
2991.0520, 0.039306
2992.9800, 0.039946
2994.9090, 0.040628
2996.8370, 0.040619
2998.7660, 0.040754
3000.6940, 0.040875
3002.6230, 0.040836
3004.5510, 0.041113
3006.4790, 0.040852
3008.4080, 0.040652
3010.3360, 0.040658
3012.2650, 0.040764
3014.1930, 0.040434
3016.1220, 0.040319
3018.0500, 0.040468
3019.9790, 0.040561
3021.9070, 0.041056
3023.8360, 0.041223
3025.7640, 0.041204
3027.6930, 0.041141
3029.6210, 0.041213
3031.5500, 0.041814
3033.4780, 0.041936
3035.4060, 0.041999
3037.3350, 0.042395
3039.2630, 0.042872
3041.1920, 0.042685
3043.1200, 0.042599
3045.0490, 0.042659
3046.9770, 0.042782
3048.9060, 0.043111
3050.8340, 0.042931
3052.7630, 0.042578
3054.6910, 0.042509
3056.6200, 0.042659
3058.5480, 0.043185
3060.4770, 0.043626
3062.4050, 0.043568
3064.3330, 0.043703
3066.2620, 0.043875
3068.1900, 0.043545
3070.1190, 0.043453
3072.0470, 0.043836
3073.9760, 0.044081
3075.9040, 0.044140
3077.8330, 0.044241
3079.7610, 0.043978
3081.6900, 0.043998
3083.6180, 0.044395
3085.5470, 0.044448
3087.4750, 0.044537
3089.4040, 0.044577
3091.3320, 0.044785
3093.2600, 0.044496
3095.1890, 0.044204
3097.1170, 0.044902
3099.0460, 0.045557
3100.9740, 0.045861
3102.9030, 0.045649
3104.8310, 0.045725
3106.7600, 0.045943
3108.6880, 0.045848
3110.6170, 0.045987
3112.5450, 0.046188
3114.4740, 0.046224
3116.4020, 0.046245
3118.3310, 0.046266
3120.2590, 0.046268
3122.1880, 0.046401
3124.1160, 0.046259
3126.0440, 0.046312
3127.9730, 0.046837
3129.9010, 0.047058
3131.8300, 0.047241
3133.7580, 0.047005
3135.6870, 0.046796
3137.6150, 0.046551
3139.5440, 0.046772
3141.4720, 0.046801
3143.4010, 0.047126
3145.3290, 0.047297
3147.2580, 0.047375
3149.1860, 0.047588
3151.1150, 0.047759
3153.0430, 0.047763
3154.9710, 0.047806
3156.9000, 0.047840
3158.8280, 0.047792
3160.7570, 0.047566
3162.6850, 0.047798
3164.6140, 0.048138
3166.5420, 0.048011
3168.4710, 0.047725
3170.3990, 0.047403
3172.3280, 0.047601
3174.2560, 0.047828
3176.1850, 0.048069
3178.1130, 0.048581
3180.0420, 0.048585
3181.9700, 0.047796
3183.8980, 0.047855
3185.8270, 0.048385
3187.7550, 0.048344
3189.6840, 0.048478
3191.6120, 0.048540
3193.5410, 0.048252
3195.4690, 0.047879
3197.3980, 0.048014
3199.3260, 0.048597
3201.2550, 0.049067
3203.1830, 0.048953
3205.1120, 0.048672
3207.0400, 0.049003
3208.9690, 0.049115
3210.8970, 0.048990
3212.8250, 0.048647
3214.7540, 0.048518
3216.6820, 0.048712
3218.6110, 0.049053
3220.5390, 0.048514
3222.4680, 0.048264
3224.3960, 0.048649
3226.3250, 0.048823
3228.2530, 0.048755
3230.1820, 0.048915
3232.1100, 0.048536
3234.0390, 0.048340
3235.9670, 0.048515
3237.8960, 0.049163
3239.8240, 0.049551
3241.7520, 0.049017
3243.6810, 0.048679
3245.6090, 0.048923
3247.5380, 0.049228
3249.4660, 0.049831
3251.3950, 0.050050
3253.3230, 0.049682
3255.2520, 0.049494
3257.1800, 0.049572
3259.1090, 0.049499
3261.0370, 0.049805
3262.9660, 0.049890
3264.8940, 0.049716
3266.8230, 0.049599
3268.7510, 0.049340
3270.6790, 0.048759
3272.6080, 0.049115
3274.5360, 0.049913
3276.4650, 0.050137
3278.3930, 0.050087
3280.3220, 0.050088
3282.2500, 0.050210
3284.1790, 0.050259
3286.1070, 0.050328
3288.0360, 0.050495
3289.9640, 0.050906
3291.8930, 0.050681
3293.8210, 0.050506
3295.7500, 0.051136
3297.6780, 0.051132
3299.6060, 0.051030
3301.5350, 0.051444
3303.4630, 0.051704
3305.3920, 0.051261
3307.3200, 0.050873
3309.2490, 0.051123
3311.1770, 0.051692
3313.1060, 0.051923
3315.0340, 0.052100
3316.9630, 0.052075
3318.8910, 0.051929
3320.8200, 0.051628
3322.7480, 0.051640
3324.6770, 0.051334
3326.6050, 0.051424
3328.5330, 0.051464
3330.4620, 0.051512
3332.3900, 0.051650
3334.3190, 0.051842
3336.2470, 0.052437
3338.1760, 0.052531
3340.1040, 0.052287
3342.0330, 0.052017
3343.9610, 0.051950
3345.8900, 0.052108
3347.8180, 0.051876
3349.7470, 0.051648
3351.6750, 0.051550
3353.6040, 0.051325
3355.5320, 0.051087
3357.4600, 0.051185
3359.3890, 0.051192
3361.3170, 0.051332
3363.2460, 0.051751
3365.1740, 0.051512
3367.1030, 0.051246
3369.0310, 0.051908
3370.9600, 0.052330
3372.8880, 0.052223
3374.8170, 0.052084
3376.7450, 0.052065
3378.6740, 0.052710
3380.6020, 0.052572
3382.5310, 0.052432
3384.4590, 0.052725
3386.3870, 0.053392
3388.3160, 0.053819
3390.2440, 0.053612
3392.1730, 0.054109
3394.1010, 0.054714
3396.0300, 0.055457
3397.9580, 0.056657
3399.8870, 0.057165
3401.8150, 0.058314
3403.7440, 0.059259
3405.6720, 0.060356
3407.6010, 0.061619
3409.5290, 0.062454
3411.4580, 0.064063
3413.3860, 0.066005
3415.3140, 0.067453
3417.2430, 0.068216
3419.1710, 0.069643
3421.1000, 0.071126
3423.0280, 0.071704
3424.9570, 0.072069
3426.8850, 0.071905
3428.8140, 0.072029
3430.7420, 0.071784
3432.6710, 0.070984
3434.5990, 0.070161
3436.5280, 0.067915
3438.4560, 0.066188
3440.3850, 0.066009
3442.3130, 0.065618
3444.2410, 0.064730
3446.1700, 0.064179
3448.0980, 0.063517
3450.0270, 0.061820
3451.9550, 0.060440
3453.8840, 0.058822
3455.8120, 0.057618
3457.7410, 0.056728
3459.6690, 0.055365
3461.5980, 0.054024
3463.5260, 0.052872
3465.4550, 0.052344
3467.3830, 0.051467
3469.3120, 0.050420
3471.2400, 0.049264
3473.1680, 0.048925
3475.0970, 0.048668
3477.0250, 0.048042
3478.9540, 0.047637
3480.8820, 0.047595
3482.8110, 0.046861
3484.7390, 0.045923
3486.6680, 0.045393
3488.5960, 0.045162
3490.5250, 0.045441
3492.4530, 0.044882
3494.3820, 0.043956
3496.3100, 0.043643
3498.2390, 0.042902
3500.1670, 0.042894
3502.0950, 0.042926
3504.0240, 0.042254
3505.9520, 0.042015
3507.8810, 0.041413
3509.8090, 0.041068
3511.7380, 0.041123
3513.6660, 0.041326
3515.5950, 0.041553
3517.5230, 0.041384
3519.4520, 0.041075
3521.3800, 0.040594
3523.3090, 0.040389
3525.2370, 0.040278
3527.1660, 0.039837
3529.0940, 0.039273
3531.0220, 0.038602
3532.9510, 0.038549
3534.8790, 0.038946
3536.8080, 0.039574
3538.7360, 0.039505
3540.6650, 0.038790
3542.5930, 0.039501
3544.5220, 0.039548
3546.4500, 0.039453
3548.3790, 0.038710
3550.3070, 0.038568
3552.2360, 0.038561
3554.1640, 0.037749
3556.0930, 0.037387
3558.0210, 0.037829
3559.9490, 0.037847
3561.8780, 0.036665
3563.8060, 0.036527
3565.7350, 0.036931
3567.6630, 0.037076
3569.5920, 0.036290
3571.5200, 0.035605
3573.4490, 0.036442
3575.3770, 0.036051
3577.3060, 0.035944
3579.2340, 0.036807
3581.1630, 0.036032
3583.0910, 0.035441
3585.0200, 0.036112
3586.9480, 0.036019
3588.8760, 0.035136
3590.8050, 0.034614
3592.7330, 0.034603
3594.6620, 0.035417
3596.5900, 0.037110
3598.5190, 0.036590
3600.4470, 0.034843
3602.3760, 0.034607
3604.3040, 0.035055
3606.2330, 0.034315
3608.1610, 0.034233
3610.0900, 0.035219
3612.0180, 0.035115
3613.9470, 0.035270
3615.8750, 0.035276
3617.8030, 0.035079
3619.7320, 0.034830
3621.6600, 0.034569
3623.5890, 0.034530
3625.5170, 0.034434
3627.4460, 0.033781
3629.3740, 0.033830
3631.3030, 0.033927
3633.2310, 0.033358
3635.1600, 0.033402
3637.0880, 0.033645
3639.0170, 0.033688
3640.9450, 0.034685
3642.8740, 0.034929
3644.8020, 0.034730
3646.7300, 0.033501
3648.6590, 0.032376
3650.5870, 0.031706
3652.5160, 0.032309
3654.4440, 0.033222
3656.3730, 0.032510
3658.3010, 0.032599
3660.2300, 0.032186
3662.1580, 0.031872
3664.0870, 0.032412
3666.0150, 0.032796
3667.9440, 0.031972
3669.8720, 0.031890
3671.8010, 0.031733
3673.7290, 0.030970
3675.6570, 0.031359
3677.5860, 0.032028
3679.5140, 0.032025
3681.4430, 0.031897
3683.3710, 0.031844
3685.3000, 0.031148
3687.2280, 0.031739
3689.1570, 0.032489
3691.0850, 0.032036
3693.0140, 0.031302
3694.9420, 0.031098
3696.8710, 0.031434
3698.7990, 0.031417
3700.7280, 0.032202
3702.6560, 0.032354
3704.5840, 0.032209
3706.5130, 0.032662
3708.4410, 0.032043
3710.3700, 0.032305
3712.2980, 0.031930
3714.2270, 0.031315
3716.1550, 0.031058
3718.0840, 0.031021
3720.0120, 0.032092
3721.9410, 0.032338
3723.8690, 0.032006
3725.7980, 0.031985
3727.7260, 0.031783
3729.6550, 0.030980
3731.5830, 0.031507
3733.5110, 0.031827
3735.4400, 0.031473
3737.3680, 0.031567
3739.2970, 0.030913
3741.2250, 0.030515
3743.1540, 0.032200
3745.0820, 0.032723
3747.0110, 0.032791
3748.9390, 0.033647
3750.8680, 0.032882
3752.7960, 0.032052
3754.7250, 0.031243
3756.6530, 0.030525
3758.5820, 0.031038
3760.5100, 0.031802
3762.4380, 0.031237
3764.3670, 0.030971
3766.2950, 0.030852
3768.2240, 0.030876
3770.1520, 0.030807
3772.0810, 0.030995
3774.0090, 0.031302
3775.9380, 0.031259
3777.8660, 0.031538
3779.7950, 0.032360
3781.7230, 0.031639
3783.6520, 0.031122
3785.5800, 0.031252
3787.5090, 0.030321
3789.4370, 0.030006
3791.3650, 0.031225
3793.2940, 0.031596
3795.2220, 0.031852
3797.1510, 0.032167
3799.0790, 0.032353
3801.0080, 0.032571
3802.9360, 0.031911
3804.8650, 0.031780
3806.7930, 0.032157
3808.7220, 0.031199
3810.6500, 0.031241
3812.5790, 0.031587
3814.5070, 0.032226
3816.4360, 0.032309
3818.3640, 0.031745
3820.2920, 0.032284
3822.2210, 0.031459
3824.1490, 0.030468
3826.0780, 0.031383
3828.0060, 0.031159
3829.9350, 0.031249
3831.8630, 0.031342
3833.7920, 0.031392
3835.7200, 0.031228
3837.6490, 0.032258
3839.5770, 0.032507
3841.5060, 0.031958
3843.4340, 0.032411
3845.3630, 0.031677
3847.2910, 0.030844
3849.2190, 0.031527
3851.1480, 0.032098
3853.0760, 0.032114
3855.0050, 0.032350
3856.9330, 0.032578
3858.8620, 0.032756
3860.7900, 0.032467
3862.7190, 0.031980
3864.6470, 0.031627
3866.5760, 0.030882
3868.5040, 0.030657
3870.4330, 0.032127
3872.3610, 0.032737
3874.2900, 0.031426
3876.2180, 0.031365
3878.1460, 0.031939
3880.0750, 0.031849
3882.0030, 0.032810
3883.9320, 0.033349
3885.8600, 0.032395
3887.7890, 0.032148
3889.7170, 0.032546
3891.6460, 0.031949
3893.5740, 0.031376
3895.5030, 0.032160
3897.4310, 0.032411
3899.3600, 0.032461
3901.2880, 0.033123
3903.2170, 0.033493
3905.1450, 0.033264
3907.0730, 0.031871
3909.0020, 0.031444
3910.9300, 0.031277
3912.8590, 0.031302
3914.7870, 0.031844
3916.7160, 0.032629
3918.6440, 0.032060
3920.5730, 0.030730
3922.5010, 0.030610
3924.4300, 0.030204
3926.3580, 0.030768
3928.2870, 0.031549
3930.2150, 0.031244
3932.1440, 0.032228
3934.0720, 0.033103
3936.0000, 0.032622
3937.9290, 0.032069
3939.8570, 0.032901
3941.7860, 0.033052
3943.7140, 0.032558
3945.6430, 0.032403
3947.5710, 0.031763
3949.5000, 0.032418
3951.4280, 0.032875
3953.3570, 0.032719
3955.2850, 0.032579
3957.2140, 0.032309
3959.1420, 0.032438
3961.0710, 0.033611
3962.9990, 0.033350
3964.9270, 0.032847
3966.8560, 0.032762
3968.7840, 0.033329
3970.7130, 0.033333
3972.6410, 0.031888
3974.5700, 0.031368
3976.4980, 0.032157
3978.4270, 0.032447
3980.3550, 0.032656
3982.2840, 0.033605
3984.2120, 0.033794
3986.1410, 0.032561
3988.0690, 0.032266
3989.9980, 0.032141
3991.9260, 0.031959
3993.8540, 0.031976
3995.7830, 0.031899
3997.7110, 0.032494
##END=



