##NAMES=Axinite-(Fe)
##RRUFFID=R050026
##IDEAL CHEMISTRY=Ca_4_Fe^2+^_2_Al_4_[B_2_Si_8_O_30_](OH)_2_
##LOCALITY=Pouyva mine, Polar Urals, Western Siberian Region, Russia
##OWNER=RRUFF
##SOURCE=Rock Currier
##DESCRIPTION=Brown transparent flat crystal
##STATUS=The identification of this mineral has been confirmed by X-ray diffraction and chemical analysis
##URL=rruff.info/R050026
##MEASURED CHEMISTRY=Ca_2.00_(Fe^2+^_0.61_Mn_0.26_Mg_0.13_)Al_2.00_BSi_4_O_15_(OH)
3.991926e+002, 0.000000e+000
4.011211e+002, 1.233222e-001
4.030496e+002, 1.239186e-001
4.049780e+002, 1.291085e-001
4.069065e+002, 1.329067e-001
4.088350e+002, 1.309611e-001
4.107634e+002, 1.280972e-001
4.126919e+002, 1.284043e-001
4.146204e+002, 1.266107e-001
4.165488e+002, 1.256537e-001
4.184773e+002, 1.321033e-001
4.204058e+002, 1.385769e-001
4.223342e+002, 1.414740e-001
4.242627e+002, 1.441491e-001
4.261912e+002, 1.459939e-001
4.281196e+002, 1.450750e-001
4.300481e+002, 1.430567e-001
4.319766e+002, 1.406809e-001
4.339050e+002, 1.362320e-001
4.358335e+002, 1.304447e-001
4.377620e+002, 1.236572e-001
4.396904e+002, 1.202712e-001
4.416189e+002, 1.222134e-001
4.435474e+002, 1.267823e-001
4.454758e+002, 1.316116e-001
4.474043e+002, 1.350130e-001
4.493328e+002, 1.353000e-001
4.512612e+002, 1.338060e-001
4.531897e+002, 1.319271e-001
4.551182e+002, 1.295383e-001
4.570466e+002, 1.260649e-001
4.589751e+002, 1.222613e-001
4.609036e+002, 1.169523e-001
4.628320e+002, 1.121627e-001
4.647605e+002, 1.085480e-001
4.666890e+002, 1.049391e-001
4.686174e+002, 1.021496e-001
4.705459e+002, 9.999749e-002
4.724744e+002, 9.861114e-002
4.744028e+002, 9.846694e-002
4.763313e+002, 9.874824e-002
4.782598e+002, 9.802353e-002
4.801882e+002, 9.553661e-002
4.821167e+002, 9.176446e-002
4.840452e+002, 8.764028e-002
4.859736e+002, 8.357908e-002
4.879021e+002, 7.853582e-002
4.898306e+002, 7.289409e-002
4.917590e+002, 6.803651e-002
4.936875e+002, 6.506676e-002
4.956160e+002, 6.480692e-002
4.975444e+002, 6.765928e-002
4.994729e+002, 7.332813e-002
5.014014e+002, 7.970017e-002
5.033298e+002, 8.588020e-002
5.052583e+002, 9.264472e-002
5.071868e+002, 9.916206e-002
5.091152e+002, 1.035372e-001
5.110437e+002, 1.063300e-001
5.129722e+002, 1.082113e-001
5.149006e+002, 1.096209e-001
5.168291e+002, 1.102585e-001
5.187576e+002, 1.093159e-001
5.206860e+002, 1.063596e-001
5.226145e+002, 1.014561e-001
5.245430e+002, 9.645805e-002
5.264714e+002, 9.297279e-002
5.283999e+002, 9.301164e-002
5.303284e+002, 9.626789e-002
5.322568e+002, 1.013526e-001
5.341853e+002, 1.076888e-001
5.361138e+002, 1.133499e-001
5.380422e+002, 1.173254e-001
5.399707e+002, 1.198385e-001
5.418992e+002, 1.204424e-001
5.438276e+002, 1.193362e-001
5.457561e+002, 1.185338e-001
5.476846e+002, 1.187153e-001
5.496130e+002, 1.185423e-001
5.515415e+002, 1.184863e-001
5.534700e+002, 1.169391e-001
5.553984e+002, 1.146317e-001
5.573269e+002, 1.119682e-001
5.592554e+002, 1.092087e-001
5.611838e+002, 1.061362e-001
5.631123e+002, 1.043577e-001
5.650408e+002, 1.035125e-001
5.669692e+002, 1.029931e-001
5.688977e+002, 1.028232e-001
5.708262e+002, 1.029757e-001
5.727546e+002, 1.043565e-001
5.746831e+002, 1.067455e-001
5.766116e+002, 1.094753e-001
5.785400e+002, 1.114029e-001
5.804685e+002, 1.115717e-001
5.823970e+002, 1.100327e-001
5.843254e+002, 1.075931e-001
5.862539e+002, 1.036220e-001
5.881824e+002, 9.919820e-002
5.901108e+002, 9.551759e-002
5.920393e+002, 9.240545e-002
5.939678e+002, 9.011932e-002
5.958962e+002, 8.902702e-002
5.978247e+002, 8.827488e-002
5.997532e+002, 8.693144e-002
6.016816e+002, 8.564656e-002
6.036101e+002, 8.380681e-002
6.055386e+002, 8.084588e-002
6.074670e+002, 7.712825e-002
6.093955e+002, 7.247074e-002
6.113240e+002, 6.665003e-002
6.132524e+002, 6.094445e-002
6.151809e+002, 5.612104e-002
6.171094e+002, 5.209189e-002
6.190378e+002, 4.892437e-002
6.209663e+002, 4.620283e-002
6.228948e+002, 4.417346e-002
6.248232e+002, 4.242534e-002
6.267517e+002, 4.117020e-002
6.286802e+002, 4.026491e-002
6.306086e+002, 3.967765e-002
6.325371e+002, 3.950712e-002
6.344656e+002, 3.927595e-002
6.363940e+002, 3.886731e-002
6.383225e+002, 3.758592e-002
6.402510e+002, 3.503403e-002
6.421794e+002, 3.220656e-002
6.441079e+002, 2.947487e-002
6.460364e+002, 2.731751e-002
6.479648e+002, 2.618923e-002
6.498933e+002, 2.597683e-002
6.518218e+002, 2.679747e-002
6.537502e+002, 2.879040e-002
6.556787e+002, 3.198061e-002
6.576072e+002, 3.613294e-002
6.595356e+002, 4.079788e-002
6.614641e+002, 4.461553e-002
6.633926e+002, 4.653389e-002
6.653210e+002, 4.583184e-002
6.672495e+002, 4.280150e-002
6.691780e+002, 3.829389e-002
6.711064e+002, 3.408003e-002
6.730349e+002, 3.046989e-002
6.749634e+002, 2.854371e-002
6.768918e+002, 2.822257e-002
6.788203e+002, 2.801164e-002
6.807488e+002, 2.727130e-002
6.826772e+002, 2.625060e-002
6.846057e+002, 2.481366e-002
6.865342e+002, 2.332429e-002
6.884626e+002, 2.225133e-002
6.903911e+002, 2.139389e-002
6.923196e+002, 2.113134e-002
6.942480e+002, 2.098399e-002
6.961765e+002, 2.069755e-002
6.981050e+002, 2.078167e-002
7.000334e+002, 2.112088e-002
7.019619e+002, 2.154924e-002
7.038904e+002, 2.201069e-002
7.058188e+002, 2.250662e-002
7.077473e+002, 2.287840e-002
7.096758e+002, 2.339468e-002
7.116042e+002, 2.397195e-002
7.135327e+002, 2.476063e-002
7.154612e+002, 2.546542e-002
7.173896e+002, 2.644663e-002
7.193181e+002, 2.746440e-002
7.212466e+002, 2.829180e-002
7.231750e+002, 2.917858e-002
7.251035e+002, 3.010945e-002
7.270320e+002, 3.111629e-002
7.289604e+002, 3.237648e-002
7.308889e+002, 3.373435e-002
7.328174e+002, 3.529204e-002
7.347458e+002, 3.676054e-002
7.366743e+002, 3.822619e-002
7.386028e+002, 3.991346e-002
7.405313e+002, 4.168761e-002
7.424597e+002, 4.354836e-002
7.443882e+002, 4.549288e-002
7.463167e+002, 4.782099e-002
7.482451e+002, 5.004055e-002
7.501736e+002, 5.210195e-002
7.521021e+002, 5.470860e-002
7.540305e+002, 5.769762e-002
7.559590e+002, 6.087773e-002
7.578875e+002, 6.407649e-002
7.598159e+002, 6.701320e-002
7.617444e+002, 6.995023e-002
7.636729e+002, 7.291457e-002
7.656013e+002, 7.596812e-002
7.675298e+002, 7.894810e-002
7.694583e+002, 8.210425e-002
7.713867e+002, 8.541738e-002
7.733152e+002, 8.865311e-002
7.752437e+002, 9.102562e-002
7.771721e+002, 9.192135e-002
7.791006e+002, 9.150200e-002
7.810291e+002, 8.985350e-002
7.829575e+002, 8.736033e-002
7.848860e+002, 8.461528e-002
7.868145e+002, 8.269291e-002
7.887429e+002, 8.179619e-002
7.906714e+002, 8.213246e-002
7.925999e+002, 8.340489e-002
7.945283e+002, 8.550064e-002
7.964568e+002, 8.825063e-002
7.983853e+002, 9.112751e-002
8.003137e+002, 9.407528e-002
8.022422e+002, 9.742147e-002
8.041707e+002, 1.010694e-001
8.060991e+002, 1.048146e-001
8.080276e+002, 1.085059e-001
8.099561e+002, 1.124092e-001
8.118845e+002, 1.161957e-001
8.138130e+002, 1.197135e-001
8.157415e+002, 1.232212e-001
8.176699e+002, 1.267337e-001
8.195984e+002, 1.302986e-001
8.215269e+002, 1.334200e-001
8.234553e+002, 1.358021e-001
8.253838e+002, 1.374065e-001
8.273123e+002, 1.381671e-001
8.292407e+002, 1.380681e-001
8.311692e+002, 1.378684e-001
8.330977e+002, 1.381615e-001
8.350261e+002, 1.390933e-001
8.369546e+002, 1.411541e-001
8.388831e+002, 1.438873e-001
8.408115e+002, 1.466032e-001
8.427400e+002, 1.489361e-001
8.446685e+002, 1.515164e-001
8.465969e+002, 1.539368e-001
8.485254e+002, 1.555807e-001
8.504539e+002, 1.565808e-001
8.523823e+002, 1.571716e-001
8.543108e+002, 1.570429e-001
8.562393e+002, 1.561794e-001
8.581677e+002, 1.552997e-001
8.600962e+002, 1.551610e-001
8.620247e+002, 1.554020e-001
8.639531e+002, 1.560596e-001
8.658816e+002, 1.568898e-001
8.678101e+002, 1.578901e-001
8.697385e+002, 1.587986e-001
8.716670e+002, 1.592693e-001
8.735955e+002, 1.592451e-001
8.755239e+002, 1.587165e-001
8.774524e+002, 1.577769e-001
8.793809e+002, 1.565607e-001
8.813093e+002, 1.546259e-001
8.832378e+002, 1.525984e-001
8.851663e+002, 1.509567e-001
8.870947e+002, 1.497303e-001
8.890232e+002, 1.489166e-001
8.909517e+002, 1.477167e-001
8.928801e+002, 1.456893e-001
8.948085e+002, 1.427992e-001
8.967370e+002, 1.396965e-001
8.986655e+002, 1.365170e-001
9.005939e+002, 1.335405e-001
9.025224e+002, 1.315280e-001
9.044509e+002, 1.308641e-001
9.063793e+002, 1.316086e-001
9.083078e+002, 1.340282e-001
9.102363e+002, 1.375258e-001
9.121647e+002, 1.411792e-001
9.140932e+002, 1.447847e-001
9.160217e+002, 1.477069e-001
9.179501e+002, 1.495047e-001
9.198786e+002, 1.502863e-001
9.218071e+002, 1.505217e-001
9.237355e+002, 1.505290e-001
9.256640e+002, 1.500332e-001
9.275925e+002, 1.488926e-001
9.295209e+002, 1.475192e-001
9.314494e+002, 1.461869e-001
9.333779e+002, 1.443710e-001
9.353063e+002, 1.422778e-001
9.372348e+002, 1.401489e-001
9.391633e+002, 1.379945e-001
9.410917e+002, 1.357389e-001
9.430202e+002, 1.330124e-001
9.449487e+002, 1.301807e-001
9.468771e+002, 1.270984e-001
9.488056e+002, 1.236168e-001
9.507341e+002, 1.199519e-001
9.526625e+002, 1.156103e-001
9.545910e+002, 1.108517e-001
9.565195e+002, 1.061237e-001
9.584479e+002, 1.014603e-001
9.603764e+002, 9.701997e-002
9.623049e+002, 9.283435e-002
9.642333e+002, 8.924030e-002
9.661618e+002, 8.614077e-002
9.680903e+002, 8.351210e-002
9.700187e+002, 8.151988e-002
9.719472e+002, 8.039402e-002
9.738757e+002, 7.993692e-002
9.758041e+002, 7.991227e-002
9.777326e+002, 8.057025e-002
9.796611e+002, 8.148088e-002
9.815895e+002, 8.208848e-002
9.835180e+002, 8.266512e-002
9.854465e+002, 8.320934e-002
9.873749e+002, 8.371230e-002
9.893034e+002, 8.436769e-002
9.912319e+002, 8.578931e-002
9.931603e+002, 8.778138e-002
9.950888e+002, 9.031899e-002
9.970173e+002, 9.296769e-002
9.989457e+002, 9.514853e-002
1.000874e+003, 9.682516e-002
1.002803e+003, 9.791748e-002
1.004731e+003, 9.806867e-002
1.006660e+003, 9.695530e-002
1.008588e+003, 9.449119e-002
1.010517e+003, 9.062473e-002
1.012445e+003, 8.625849e-002
1.014373e+003, 8.264423e-002
1.016302e+003, 8.033684e-002
1.018230e+003, 7.947193e-002
1.020159e+003, 7.987778e-002
1.022087e+003, 8.183306e-002
1.024016e+003, 8.550507e-002
1.025944e+003, 9.026565e-002
1.027873e+003, 9.535354e-002
1.029801e+003, 1.004040e-001
1.031730e+003, 1.049103e-001
1.033658e+003, 1.083711e-001
1.035587e+003, 1.106382e-001
1.037515e+003, 1.116361e-001
1.039444e+003, 1.116494e-001
1.041372e+003, 1.105917e-001
1.043301e+003, 1.083336e-001
1.045229e+003, 1.056682e-001
1.047157e+003, 1.026549e-001
1.049086e+003, 9.962490e-002
1.051014e+003, 9.684733e-002
1.052943e+003, 9.432546e-002
1.054871e+003, 9.242614e-002
1.056800e+003, 9.133466e-002
1.058728e+003, 9.087566e-002
1.060657e+003, 9.089535e-002
1.062585e+003, 9.157353e-002
1.064514e+003, 9.225918e-002
1.066442e+003, 9.199204e-002
1.068371e+003, 9.102723e-002
1.070299e+003, 8.929041e-002
1.072228e+003, 8.651621e-002
1.074156e+003, 8.265731e-002
1.076084e+003, 7.835657e-002
1.078013e+003, 7.384531e-002
1.079941e+003, 6.911277e-002
1.081870e+003, 6.443454e-002
1.083798e+003, 6.044939e-002
1.085727e+003, 5.706053e-002
1.087655e+003, 5.430428e-002
1.089584e+003, 5.251064e-002
1.091512e+003, 5.154097e-002
1.093441e+003, 5.073461e-002
1.095369e+003, 4.990663e-002
1.097298e+003, 4.906413e-002
1.099226e+003, 4.786198e-002
1.101155e+003, 4.636265e-002
1.103083e+003, 4.487612e-002
1.105011e+003, 4.324093e-002
1.106940e+003, 4.164697e-002
1.108868e+003, 4.016492e-002
1.110797e+003, 3.854524e-002
1.112725e+003, 3.683497e-002
1.114654e+003, 3.504967e-002
1.116582e+003, 3.337203e-002
1.118511e+003, 3.185679e-002
1.120439e+003, 3.018429e-002
1.122368e+003, 2.842649e-002
1.124296e+003, 2.703699e-002
1.126225e+003, 2.555884e-002
1.128153e+003, 2.426751e-002
1.130082e+003, 2.322074e-002
1.132010e+003, 2.221898e-002
1.133938e+003, 2.141353e-002
1.135867e+003, 2.047550e-002
1.137795e+003, 1.949281e-002
1.139724e+003, 1.842558e-002
1.141652e+003, 1.735172e-002
1.143581e+003, 1.623102e-002
1.145509e+003, 1.489110e-002
1.147438e+003, 1.364617e-002
1.149366e+003, 1.270445e-002
1.151295e+003, 1.176540e-002
1.153223e+003, 1.077947e-002
1.155152e+003, 1.006267e-002
1.157080e+003, 9.355285e-003
1.159009e+003, 8.638265e-003
1.160937e+003, 8.277186e-003
1.162865e+003, 7.989615e-003
1.164794e+003, 7.537914e-003
1.166722e+003, 7.090932e-003
1.168651e+003, 6.647477e-003
1.170579e+003, 6.314764e-003
1.172508e+003, 6.289461e-003
1.174436e+003, 6.046650e-003
1.176365e+003, 5.702746e-003
1.178293e+003, 5.656107e-003
1.180222e+003, 5.542191e-003
1.182150e+003, 5.196497e-003
1.184079e+003, 4.789594e-003
1.186007e+003, 4.586533e-003
1.187936e+003, 4.575612e-003
1.189864e+003, 4.587678e-003
1.191792e+003, 4.510694e-003
1.193721e+003, 4.395180e-003
1.195649e+003, 4.467927e-003
1.197578e+003, 4.414453e-003
1.199506e+003, 4.252636e-003
1.201435e+003, 4.141487e-003
1.203363e+003, 3.906831e-003
1.205292e+003, 3.923668e-003
1.207220e+003, 4.116672e-003
1.209149e+003, 4.160166e-003
1.211077e+003, 3.990435e-003
1.213006e+003, 3.812560e-003
1.214934e+003, 3.926202e-003
1.216863e+003, 3.935046e-003
1.218791e+003, 3.779756e-003
1.220719e+003, 3.677387e-003
1.222648e+003, 3.755312e-003
1.224576e+003, 3.825074e-003
1.226505e+003, 3.788910e-003
1.228433e+003, 3.736103e-003
1.230362e+003, 3.699132e-003
1.232290e+003, 3.623042e-003
1.234219e+003, 3.558308e-003
1.236147e+003, 3.520182e-003
1.238076e+003, 3.454915e-003
1.240004e+003, 3.461862e-003
1.241933e+003, 3.500833e-003
1.243861e+003, 3.601814e-003
1.245790e+003, 3.804769e-003
1.247718e+003, 3.757986e-003
1.249646e+003, 3.552895e-003
1.251575e+003, 3.574775e-003
1.253503e+003, 3.470365e-003
1.255432e+003, 3.395514e-003
1.257360e+003, 3.473137e-003
1.259289e+003, 3.360025e-003
1.261217e+003, 3.170427e-003
1.263146e+003, 3.137950e-003
1.265074e+003, 3.288943e-003
1.267003e+003, 3.403322e-003
1.268931e+003, 3.476458e-003
1.270860e+003, 3.429476e-003
1.272788e+003, 3.413389e-003
1.274717e+003, 3.532419e-003
1.276645e+003, 3.645875e-003
1.278573e+003, 3.623490e-003
1.280502e+003, 3.652232e-003
1.282430e+003, 3.786277e-003
1.284359e+003, 3.851711e-003
1.286287e+003, 3.708372e-003
1.288216e+003, 3.633209e-003
1.290144e+003, 3.736923e-003
1.292073e+003, 3.876900e-003
1.294001e+003, 3.955035e-003
1.295930e+003, 4.069269e-003
1.297858e+003, 4.093905e-003
1.299787e+003, 4.264858e-003
1.301715e+003, 4.242955e-003
1.303644e+003, 4.118437e-003
1.305572e+003, 4.233321e-003
1.307500e+003, 4.434789e-003
1.309429e+003, 4.524791e-003
1.311357e+003, 4.632664e-003
1.313286e+003, 4.780202e-003
1.315214e+003, 4.926575e-003
1.317143e+003, 4.900588e-003
1.319071e+003, 4.685486e-003
1.321000e+003, 4.724824e-003
1.322928e+003, 5.013810e-003
1.324857e+003, 5.013773e-003
1.326785e+003, 5.048177e-003
1.328714e+003, 5.094388e-003
1.330642e+003, 5.163881e-003
1.332571e+003, 5.304825e-003
1.334499e+003, 5.526538e-003
1.336427e+003, 5.722930e-003
1.338356e+003, 5.841702e-003
1.340284e+003, 5.752201e-003
1.342213e+003, 5.962263e-003
1.344141e+003, 6.319473e-003
1.346070e+003, 6.290511e-003
1.347998e+003, 6.236030e-003
1.349927e+003, 6.347111e-003
1.351855e+003, 6.370469e-003
1.353784e+003, 6.464103e-003
1.355712e+003, 6.595278e-003
1.357641e+003, 6.780358e-003
1.359569e+003, 6.827362e-003
1.361498e+003, 6.792821e-003
1.363426e+003, 6.925162e-003
1.365354e+003, 7.332562e-003
1.367283e+003, 7.517658e-003
1.369211e+003, 7.468305e-003
1.371140e+003, 7.465019e-003
1.373068e+003, 7.578525e-003
1.374997e+003, 7.646366e-003
1.376925e+003, 7.842829e-003
1.378854e+003, 8.081317e-003
1.380782e+003, 8.315272e-003
1.382711e+003, 8.535284e-003
1.384639e+003, 8.560960e-003
1.386568e+003, 8.753843e-003
1.388496e+003, 9.199025e-003
1.390424e+003, 9.558507e-003
1.392353e+003, 9.849741e-003
1.394281e+003, 9.953632e-003
1.396210e+003, 1.002415e-002
1.398138e+003, 1.021492e-002
1.400067e+003, 1.036134e-002
1.401995e+003, 1.046289e-002
1.403924e+003, 1.063544e-002
1.405852e+003, 1.061534e-002
1.407781e+003, 1.055879e-002
1.409709e+003, 1.045102e-002
1.411638e+003, 1.044267e-002
1.413566e+003, 1.033357e-002
1.415495e+003, 1.016082e-002
1.417423e+003, 1.018428e-002
1.419351e+003, 1.027709e-002
1.421280e+003, 1.013144e-002
1.423208e+003, 9.985970e-003
1.425137e+003, 1.013955e-002
1.427065e+003, 1.016892e-002
1.428994e+003, 1.019910e-002
1.430922e+003, 1.041107e-002
1.432851e+003, 1.058603e-002
1.434779e+003, 1.048076e-002
1.436708e+003, 1.048317e-002
1.438636e+003, 1.060877e-002
1.440565e+003, 1.056527e-002
1.442493e+003, 1.044826e-002
1.444422e+003, 1.027368e-002
1.446350e+003, 1.023123e-002
1.448278e+003, 1.015554e-002
1.450207e+003, 1.013962e-002
1.452135e+003, 1.000912e-002
1.454064e+003, 9.690339e-003
1.455992e+003, 9.225210e-003
1.457921e+003, 9.001121e-003
1.459849e+003, 9.173011e-003
1.461778e+003, 9.248646e-003
1.463706e+003, 9.285547e-003
1.465635e+003, 9.203806e-003
1.467563e+003, 8.867509e-003
1.469492e+003, 8.554955e-003
1.471420e+003, 8.447513e-003
1.473349e+003, 8.309579e-003
1.475277e+003, 8.260778e-003
1.477205e+003, 8.275235e-003
1.479134e+003, 8.249366e-003
1.481062e+003, 8.188790e-003
1.482991e+003, 8.060952e-003
1.484919e+003, 7.914210e-003
1.486848e+003, 7.790790e-003
1.488776e+003, 7.595924e-003
1.490705e+003, 7.526937e-003
1.492633e+003, 7.623064e-003
1.494562e+003, 7.647611e-003
1.496490e+003, 7.584441e-003
1.498419e+003, 7.466527e-003
1.500347e+003, 7.562657e-003
1.502276e+003, 7.714534e-003
1.504204e+003, 7.358444e-003
1.506132e+003, 6.996188e-003
1.508061e+003, 7.120525e-003
1.509989e+003, 7.431529e-003
1.511918e+003, 7.518061e-003
1.513846e+003, 7.476876e-003
1.515775e+003, 7.374464e-003
1.517703e+003, 7.260593e-003
1.519632e+003, 7.245551e-003
1.521560e+003, 7.123126e-003
1.523489e+003, 7.183275e-003
1.525417e+003, 7.440997e-003
1.527346e+003, 7.570187e-003
1.529274e+003, 7.540422e-003
1.531203e+003, 7.364505e-003
1.533131e+003, 7.320089e-003
1.535059e+003, 7.700268e-003
1.536988e+003, 7.868139e-003
1.538916e+003, 7.549071e-003
1.540845e+003, 7.478570e-003
1.542773e+003, 7.757348e-003
1.544702e+003, 7.960875e-003
1.546630e+003, 8.105600e-003
1.548559e+003, 8.219091e-003
1.550487e+003, 8.122562e-003
1.552416e+003, 8.127043e-003
1.554344e+003, 8.212277e-003
1.556273e+003, 8.067665e-003
1.558201e+003, 7.916931e-003
1.560130e+003, 8.078755e-003
1.562058e+003, 8.303244e-003
1.563986e+003, 8.382563e-003
1.565915e+003, 8.613465e-003
1.567843e+003, 8.899149e-003
1.569772e+003, 8.745635e-003
1.571700e+003, 8.503272e-003
1.573629e+003, 8.266754e-003
1.575557e+003, 8.124677e-003
1.577486e+003, 8.367266e-003
1.579414e+003, 8.494223e-003
1.581343e+003, 8.456669e-003
1.583271e+003, 8.336842e-003
1.585200e+003, 8.203363e-003
1.587128e+003, 8.317320e-003
1.589057e+003, 8.588810e-003
1.590985e+003, 8.480647e-003
1.592913e+003, 8.100255e-003
1.594842e+003, 7.938060e-003
1.596770e+003, 7.865110e-003
1.598699e+003, 7.849857e-003
1.600627e+003, 7.848073e-003
1.602556e+003, 7.749888e-003
1.604484e+003, 7.763722e-003
1.606413e+003, 7.756820e-003
1.608341e+003, 7.646302e-003
1.610270e+003, 7.685278e-003
1.612198e+003, 7.691239e-003
1.614127e+003, 7.539733e-003
1.616055e+003, 7.398711e-003
1.617984e+003, 7.363372e-003
1.619912e+003, 7.354068e-003
1.621840e+003, 7.404109e-003
1.623769e+003, 7.547033e-003
1.625697e+003, 7.522867e-003
1.627626e+003, 7.387667e-003
1.629554e+003, 7.170286e-003
1.631483e+003, 7.164060e-003
1.633411e+003, 6.972167e-003
1.635340e+003, 6.720071e-003
1.637268e+003, 6.929010e-003
1.639197e+003, 7.123933e-003
1.641125e+003, 7.050507e-003
1.643054e+003, 6.937387e-003
1.644982e+003, 7.004071e-003
1.646911e+003, 7.062070e-003
1.648839e+003, 6.866714e-003
1.650767e+003, 6.654348e-003
1.652696e+003, 6.389332e-003
1.654624e+003, 6.663581e-003
1.656553e+003, 6.989368e-003
1.658481e+003, 6.958602e-003
1.660410e+003, 6.828616e-003
1.662338e+003, 6.975962e-003
1.664267e+003, 7.234418e-003
1.666195e+003, 7.255869e-003
1.668124e+003, 6.992308e-003
1.670052e+003, 6.915690e-003
1.671981e+003, 6.941550e-003
1.673909e+003, 6.780120e-003
1.675838e+003, 6.795023e-003
1.677766e+003, 6.853710e-003
1.679694e+003, 6.568365e-003
1.681623e+003, 6.532251e-003
1.683551e+003, 6.342203e-003
1.685480e+003, 6.436260e-003
1.687408e+003, 6.751533e-003
1.689337e+003, 6.885296e-003
1.691265e+003, 7.022038e-003
1.693194e+003, 7.108133e-003
1.695122e+003, 6.638767e-003
1.697051e+003, 6.401669e-003
1.698979e+003, 6.539658e-003
1.700908e+003, 6.165136e-003
1.702836e+003, 6.033982e-003
1.704765e+003, 6.218934e-003
1.706693e+003, 6.318436e-003
1.708621e+003, 6.470452e-003
1.710550e+003, 6.430928e-003
1.712478e+003, 6.432623e-003
1.714407e+003, 6.338079e-003
1.716335e+003, 6.183135e-003
1.718264e+003, 6.652121e-003
1.720192e+003, 6.916113e-003
1.722121e+003, 7.015450e-003
1.724049e+003, 7.404268e-003
1.725978e+003, 7.381608e-003
1.727906e+003, 6.747582e-003
1.729835e+003, 6.543259e-003
1.731763e+003, 6.741020e-003
1.733692e+003, 6.407987e-003
1.735620e+003, 6.410541e-003
1.737548e+003, 6.650860e-003
1.739477e+003, 6.596134e-003
1.741405e+003, 6.453431e-003
1.743334e+003, 6.459077e-003
1.745262e+003, 6.494233e-003
1.747191e+003, 6.767539e-003
1.749119e+003, 6.695339e-003
1.751048e+003, 6.649342e-003
1.752976e+003, 6.675993e-003
1.754905e+003, 6.958788e-003
1.756833e+003, 6.987209e-003
1.758762e+003, 7.016685e-003
1.760690e+003, 6.743014e-003
1.762619e+003, 6.582322e-003
1.764547e+003, 6.680536e-003
1.766475e+003, 6.628364e-003
1.768404e+003, 6.732144e-003
1.770332e+003, 6.949713e-003
1.772261e+003, 6.773795e-003
1.774189e+003, 6.719121e-003
1.776118e+003, 6.883776e-003
1.778046e+003, 6.913766e-003
1.779975e+003, 6.925436e-003
1.781903e+003, 7.125197e-003
1.783832e+003, 7.331215e-003
1.785760e+003, 7.160988e-003
1.787689e+003, 6.816806e-003
1.789617e+003, 7.108145e-003
1.791546e+003, 7.146628e-003
1.793474e+003, 6.855349e-003
1.795402e+003, 7.112764e-003
1.797331e+003, 7.156756e-003
1.799259e+003, 7.174052e-003
1.801188e+003, 6.910414e-003
1.803116e+003, 6.964643e-003
1.805045e+003, 6.858414e-003
1.806973e+003, 6.453485e-003
1.808902e+003, 6.597352e-003
1.810830e+003, 6.959509e-003
1.812759e+003, 6.519479e-003
1.814687e+003, 6.090488e-003
1.816616e+003, 6.234578e-003
1.818544e+003, 6.573384e-003
1.820473e+003, 7.094411e-003
1.822401e+003, 7.119796e-003
1.824329e+003, 6.759727e-003
1.826258e+003, 6.620539e-003
1.828186e+003, 6.857317e-003
1.830115e+003, 7.072934e-003
1.832043e+003, 6.924138e-003
1.833972e+003, 6.395994e-003
1.835900e+003, 6.629552e-003
1.837829e+003, 6.965070e-003
1.839757e+003, 6.739842e-003
1.841686e+003, 7.141187e-003
1.843614e+003, 7.055734e-003
1.845543e+003, 6.629087e-003
1.847471e+003, 7.000554e-003
1.849400e+003, 7.071770e-003
1.851328e+003, 6.863354e-003
1.853256e+003, 6.654599e-003
1.855185e+003, 7.195798e-003
1.857113e+003, 7.031487e-003
1.859042e+003, 6.527453e-003
1.860970e+003, 6.554089e-003
1.862899e+003, 6.279757e-003
1.864827e+003, 6.189777e-003
1.866756e+003, 6.346989e-003
1.868684e+003, 6.335728e-003
1.870613e+003, 6.412799e-003
1.872541e+003, 6.668888e-003
1.874470e+003, 6.594047e-003
1.876398e+003, 6.273492e-003
1.878327e+003, 5.780985e-003
1.880255e+003, 6.195258e-003
1.882183e+003, 6.396906e-003
1.884112e+003, 6.029841e-003
1.886040e+003, 6.108195e-003
1.887969e+003, 6.479889e-003
1.889897e+003, 6.499055e-003
1.891826e+003, 6.336866e-003
1.893754e+003, 6.298042e-003
1.895683e+003, 6.524284e-003
1.897611e+003, 6.943918e-003
1.899540e+003, 7.106298e-003
1.901468e+003, 6.781972e-003
1.903397e+003, 6.490749e-003
1.905325e+003, 6.679174e-003
1.907254e+003, 7.072155e-003
1.909182e+003, 7.049100e-003
1.911110e+003, 6.849464e-003
1.913039e+003, 7.138204e-003
1.914967e+003, 7.476742e-003
1.916896e+003, 7.957838e-003
1.918824e+003, 7.685210e-003
1.920753e+003, 7.655469e-003
1.922681e+003, 7.516944e-003
1.924610e+003, 6.643758e-003
1.926538e+003, 5.648999e-003
1.928467e+003, 5.481752e-003
1.930395e+003, 6.306274e-003
1.932324e+003, 6.408185e-003
1.934252e+003, 6.705396e-003
1.936181e+003, 6.586107e-003
1.938109e+003, 6.307746e-003
1.940037e+003, 7.077593e-003
1.941966e+003, 6.778524e-003
1.943894e+003, 6.219347e-003
1.945823e+003, 5.080922e-003
1.947751e+003, 4.443652e-003
1.949680e+003, 5.533768e-003
1.951608e+003, 5.365796e-003
1.953537e+003, 4.787220e-003
1.955465e+003, 4.875387e-003
1.957394e+003, 4.562756e-003
1.959322e+003, 4.165776e-003
1.961251e+003, 4.730045e-003
1.963179e+003, 5.366682e-003
1.965108e+003, 5.588962e-003
1.967036e+003, 5.058992e-003
1.968964e+003, 4.088361e-003
1.970893e+003, 2.898823e-003
1.972821e+003, 3.056213e-003
1.974750e+003, 4.338990e-003
1.976678e+003, 6.623504e-003
1.978607e+003, 7.637610e-003
1.980535e+003, 5.965011e-003
1.982464e+003, 6.263440e-003
1.984392e+003, 6.806851e-003
1.986321e+003, 6.774549e-003
1.988249e+003, 6.408023e-003
1.990178e+003, 5.971896e-003
1.992106e+003, 7.399676e-003
1.994035e+003, 6.788702e-003
1.995963e+003, 5.564911e-003
1.997891e+003, 4.797352e-003
1.999820e+003, 4.447144e-003
2.001748e+003, 4.280912e-003
2.003677e+003, 3.354553e-003
2.005605e+003, 2.562198e-003
2.007534e+003, 4.615955e-003
2.009462e+003, 5.817926e-003
2.011391e+003, 5.935287e-003
2.013319e+003, 5.488797e-003
2.015248e+003, 4.183890e-003
2.017176e+003, 2.802971e-003
2.019105e+003, 2.678520e-003
2.021033e+003, 3.108736e-003
2.022962e+003, 2.695225e-003
2.024890e+003, 2.315137e-003
2.026818e+003, 2.537673e-003
2.028747e+003, 4.074066e-003
2.030675e+003, 5.315869e-003
2.032604e+003, 5.785175e-003
2.034532e+003, 7.936438e-003
2.036461e+003, 7.421956e-003
2.038389e+003, 4.746832e-003
2.040318e+003, 4.906788e-003
2.042246e+003, 5.753754e-003
2.044175e+003, 5.513127e-003
2.046103e+003, 5.681286e-003
2.048032e+003, 6.802572e-003
2.049960e+003, 7.457844e-003
2.051889e+003, 6.071801e-003
2.053817e+003, 5.004673e-003
2.055746e+003, 5.472633e-003
2.057674e+003, 7.014651e-003
2.059603e+003, 8.299574e-003
2.061531e+003, 8.135710e-003
2.063459e+003, 6.745698e-003
2.065388e+003, 5.397347e-003
2.067316e+003, 5.410954e-003
2.069245e+003, 5.637358e-003
2.071173e+003, 6.425254e-003
2.073102e+003, 7.129096e-003
2.075030e+003, 8.025979e-003
2.076959e+003, 8.121194e-003
2.078887e+003, 7.170975e-003
2.080816e+003, 6.749105e-003
2.082744e+003, 7.722907e-003
2.084673e+003, 8.250666e-003
2.086601e+003, 7.377194e-003
2.088530e+003, 6.915819e-003
2.090458e+003, 5.609161e-003
2.092386e+003, 5.002131e-003
2.094315e+003, 5.362229e-003
2.096243e+003, 6.185866e-003
2.098172e+003, 6.906971e-003
2.100100e+003, 7.182375e-003
2.102029e+003, 7.401066e-003
2.103957e+003, 7.168188e-003
2.105886e+003, 6.718658e-003
2.107814e+003, 7.099816e-003
2.109743e+003, 8.044775e-003
2.111671e+003, 8.237099e-003
2.113600e+003, 7.601409e-003
2.115528e+003, 7.109833e-003
2.117457e+003, 7.648476e-003
2.119385e+003, 7.787966e-003
2.121313e+003, 7.788072e-003
2.123242e+003, 7.443986e-003
2.125170e+003, 7.126298e-003
2.127099e+003, 6.221028e-003
2.129027e+003, 5.176037e-003
2.130956e+003, 4.586830e-003
2.132884e+003, 4.083074e-003
2.134813e+003, 4.058158e-003
2.136741e+003, 4.918697e-003
2.138670e+003, 5.274332e-003
2.140598e+003, 5.810808e-003
2.142527e+003, 7.094522e-003
2.144455e+003, 6.809256e-003
2.146384e+003, 3.127648e-003
2.148312e+003, 1.993766e-003
2.150240e+003, 3.590586e-003
2.152169e+003, 3.853709e-003
2.154097e+003, 2.099195e-003
2.156026e+003, -1.300886e-003
2.157954e+003, 8.948439e-004
2.159883e+003, 7.078679e-003
2.161811e+003, 9.324273e-003
2.163740e+003, 9.545276e-003
2.165668e+003, 8.350429e-003
2.167597e+003, 8.591874e-003
2.169525e+003, 8.105138e-003
2.171454e+003, 5.923078e-003
2.173382e+003, 7.129221e-003
2.175311e+003, 9.076855e-003
2.177239e+003, 8.890173e-003
2.179167e+003, 8.260798e-003
2.181096e+003, 8.695913e-003
2.183024e+003, 9.099915e-003
2.184953e+003, 8.932843e-003
2.186881e+003, 1.083395e-002
2.188810e+003, 9.177440e-003
2.190738e+003, 8.166514e-003
2.192667e+003, 9.546805e-003
2.194595e+003, 9.501462e-003
2.196524e+003, 8.324185e-003
2.198452e+003, 7.124339e-003
2.200381e+003, 7.600799e-003
2.202309e+003, 9.186397e-003
2.204238e+003, 9.869263e-003
2.206166e+003, 1.074425e-002
2.208094e+003, 1.107095e-002
2.210023e+003, 1.046878e-002
2.211951e+003, 9.500585e-003
2.213880e+003, 9.760991e-003
2.215808e+003, 9.640066e-003
2.217737e+003, 9.316999e-003
2.219665e+003, 1.111516e-002
2.221594e+003, 1.224811e-002
2.223522e+003, 1.054074e-002
2.225451e+003, 1.012123e-002
2.227379e+003, 1.026432e-002
2.229308e+003, 9.709352e-003
2.231236e+003, 1.016775e-002
2.233165e+003, 1.198230e-002
2.235093e+003, 1.228447e-002
2.237021e+003, 1.160902e-002
2.238950e+003, 1.102714e-002
2.240878e+003, 1.158739e-002
2.242807e+003, 1.221151e-002
2.244735e+003, 1.177414e-002
2.246664e+003, 1.087495e-002
2.248592e+003, 1.033920e-002
2.250521e+003, 1.035961e-002
2.252449e+003, 1.058635e-002
2.254378e+003, 1.135633e-002
2.256306e+003, 1.162335e-002
2.258235e+003, 1.187330e-002
2.260163e+003, 1.294865e-002
2.262092e+003, 1.237320e-002
2.264020e+003, 1.110475e-002
2.265948e+003, 1.096793e-002
2.267877e+003, 1.091855e-002
2.269805e+003, 1.114374e-002
2.271734e+003, 1.131468e-002
2.273662e+003, 1.191272e-002
2.275591e+003, 1.335995e-002
2.277519e+003, 1.277685e-002
2.279448e+003, 1.280236e-002
2.281376e+003, 1.446500e-002
2.283305e+003, 1.385522e-002
2.285233e+003, 1.342044e-002
2.287162e+003, 1.312430e-002
2.289090e+003, 1.340547e-002
2.291019e+003, 1.350259e-002
2.292947e+003, 1.301860e-002
2.294875e+003, 1.274111e-002
2.296804e+003, 1.326537e-002
2.298732e+003, 1.276892e-002
2.300661e+003, 1.277964e-002
2.302589e+003, 1.312647e-002
2.304518e+003, 1.281396e-002
2.306446e+003, 1.242451e-002
2.308375e+003, 1.283611e-002
2.310303e+003, 1.303595e-002
2.312232e+003, 1.302260e-002
2.314160e+003, 1.333861e-002
2.316089e+003, 1.347476e-002
2.318017e+003, 1.377849e-002
2.319946e+003, 1.435190e-002
2.321874e+003, 1.452488e-002
2.323802e+003, 1.457395e-002
2.325731e+003, 1.375202e-002
2.327659e+003, 1.347413e-002
2.329588e+003, 1.393114e-002
2.331516e+003, 1.317001e-002
2.333445e+003, 1.274502e-002
2.335373e+003, 1.317775e-002
2.337302e+003, 1.317088e-002
2.339230e+003, 1.259060e-002
2.341159e+003, 1.247952e-002
2.343087e+003, 1.321880e-002
2.345016e+003, 1.381459e-002
2.346944e+003, 1.340069e-002
2.348873e+003, 1.266396e-002
2.350801e+003, 1.220393e-002
2.352729e+003, 1.214805e-002
2.354658e+003, 1.285190e-002
2.356586e+003, 1.277884e-002
2.358515e+003, 1.289009e-002
2.360443e+003, 1.373000e-002
2.362372e+003, 1.320336e-002
2.364300e+003, 1.213615e-002
2.366229e+003, 1.193550e-002
2.368157e+003, 1.219436e-002
2.370086e+003, 1.220270e-002
2.372014e+003, 1.229654e-002
2.373942e+003, 1.227687e-002
2.375871e+003, 1.269652e-002
2.377799e+003, 1.286707e-002
2.379728e+003, 1.259044e-002
2.381656e+003, 1.336498e-002
2.383585e+003, 1.353939e-002
2.385513e+003, 1.241834e-002
2.387442e+003, 1.256335e-002
2.389370e+003, 1.266900e-002
2.391299e+003, 1.288895e-002
2.393227e+003, 1.324765e-002
2.395156e+003, 1.270776e-002
2.397084e+003, 1.220182e-002
2.399012e+003, 1.230716e-002
2.400941e+003, 1.278132e-002
2.402869e+003, 1.313702e-002
2.404798e+003, 1.332382e-002
2.406726e+003, 1.304492e-002
2.408655e+003, 1.316121e-002
2.410583e+003, 1.351481e-002
2.412512e+003, 1.332745e-002
2.414440e+003, 1.301173e-002
2.416369e+003, 1.275722e-002
2.418297e+003, 1.207106e-002
2.420226e+003, 1.184754e-002
2.422154e+003, 1.245939e-002
2.424083e+003, 1.291463e-002
2.426011e+003, 1.337154e-002
2.427939e+003, 1.306119e-002
2.429868e+003, 1.330658e-002
2.431796e+003, 1.328264e-002
2.433725e+003, 1.320830e-002
2.435653e+003, 1.340087e-002
2.437582e+003, 1.334399e-002
2.439510e+003, 1.280707e-002
2.441439e+003, 1.317534e-002
2.443367e+003, 1.349334e-002
2.445296e+003, 1.322167e-002
2.447224e+003, 1.242544e-002
2.449153e+003, 1.194593e-002
2.451081e+003, 1.275373e-002
2.453010e+003, 1.302517e-002
2.454938e+003, 1.355238e-002
2.456866e+003, 1.405876e-002
2.458795e+003, 1.411327e-002
2.460723e+003, 1.439072e-002
2.462652e+003, 1.341619e-002
2.464580e+003, 1.259155e-002
2.466509e+003, 1.311848e-002
2.468437e+003, 1.315338e-002
2.470366e+003, 1.216970e-002
2.472294e+003, 1.281026e-002
2.474223e+003, 1.363492e-002
2.476151e+003, 1.345115e-002
2.478080e+003, 1.312706e-002
2.480008e+003, 1.309073e-002
2.481937e+003, 1.312205e-002
2.483865e+003, 1.333527e-002
2.485793e+003, 1.406722e-002
2.487722e+003, 1.431086e-002
2.489650e+003, 1.330537e-002
2.491579e+003, 1.323668e-002
2.493507e+003, 1.351898e-002
2.495436e+003, 1.361808e-002
2.497364e+003, 1.389241e-002
2.499293e+003, 1.410197e-002
2.501221e+003, 1.394621e-002
2.503150e+003, 1.390840e-002
2.505078e+003, 1.300469e-002
2.507007e+003, 1.293906e-002
2.508935e+003, 1.312966e-002
2.510864e+003, 1.329804e-002
2.512792e+003, 1.351814e-002
2.514720e+003, 1.406505e-002
2.516649e+003, 1.439354e-002
2.518577e+003, 1.445471e-002
2.520506e+003, 1.372089e-002
2.522434e+003, 1.326788e-002
2.524363e+003, 1.334789e-002
2.526291e+003, 1.344808e-002
2.528220e+003, 1.376873e-002
2.530148e+003, 1.465495e-002
2.532077e+003, 1.458418e-002
2.534005e+003, 1.335956e-002
2.535934e+003, 1.330154e-002
2.537862e+003, 1.475514e-002
2.539791e+003, 1.441333e-002
2.541719e+003, 1.371673e-002
2.543647e+003, 1.422313e-002
2.545576e+003, 1.378551e-002
2.547504e+003, 1.376695e-002
2.549433e+003, 1.518075e-002
2.551361e+003, 1.571934e-002
2.553290e+003, 1.464298e-002
2.555218e+003, 1.351951e-002
2.557147e+003, 1.363707e-002
2.559075e+003, 1.359963e-002
2.561004e+003, 1.397588e-002
2.562932e+003, 1.392853e-002
2.564861e+003, 1.328771e-002
2.566789e+003, 1.365402e-002
2.568718e+003, 1.449272e-002
2.570646e+003, 1.397357e-002
2.572574e+003, 1.383352e-002
2.574503e+003, 1.444850e-002
2.576431e+003, 1.491825e-002
2.578360e+003, 1.450321e-002
2.580288e+003, 1.400203e-002
2.582217e+003, 1.406911e-002
2.584145e+003, 1.454200e-002
2.586074e+003, 1.483576e-002
2.588002e+003, 1.457503e-002
2.589931e+003, 1.458379e-002
2.591859e+003, 1.487659e-002
2.593788e+003, 1.469957e-002
2.595716e+003, 1.380518e-002
2.597645e+003, 1.397509e-002
2.599573e+003, 1.522707e-002
2.601501e+003, 1.532603e-002
2.603430e+003, 1.382767e-002
2.605358e+003, 1.376683e-002
2.607287e+003, 1.482923e-002
2.609215e+003, 1.488008e-002
2.611144e+003, 1.469412e-002
2.613072e+003, 1.486346e-002
2.615001e+003, 1.496944e-002
2.616929e+003, 1.513571e-002
2.618858e+003, 1.491484e-002
2.620786e+003, 1.404850e-002
2.622715e+003, 1.428785e-002
2.624643e+003, 1.443840e-002
2.626572e+003, 1.426544e-002
2.628500e+003, 1.430723e-002
2.630428e+003, 1.449706e-002
2.632357e+003, 1.458724e-002
2.634285e+003, 1.503272e-002
2.636214e+003, 1.593808e-002
2.638142e+003, 1.590905e-002
2.640071e+003, 1.537309e-002
2.641999e+003, 1.500991e-002
2.643928e+003, 1.535832e-002
2.645856e+003, 1.560779e-002
2.647785e+003, 1.535590e-002
2.649713e+003, 1.548012e-002
2.651642e+003, 1.471464e-002
2.653570e+003, 1.332889e-002
2.655499e+003, 1.335873e-002
2.657427e+003, 1.433251e-002
2.659355e+003, 1.478949e-002
2.661284e+003, 1.481533e-002
2.663212e+003, 1.483024e-002
2.665141e+003, 1.449723e-002
2.667069e+003, 1.420245e-002
2.668998e+003, 1.374686e-002
2.670926e+003, 1.356292e-002
2.672855e+003, 1.435434e-002
2.674783e+003, 1.494932e-002
2.676712e+003, 1.487087e-002
2.678640e+003, 1.486369e-002
2.680569e+003, 1.481098e-002
2.682497e+003, 1.421697e-002
2.684426e+003, 1.382616e-002
2.686354e+003, 1.381383e-002
2.688282e+003, 1.429660e-002
2.690211e+003, 1.451809e-002
2.692139e+003, 1.399858e-002
2.694068e+003, 1.362604e-002
2.695996e+003, 1.373379e-002
2.697925e+003, 1.441797e-002
2.699853e+003, 1.519440e-002
2.701782e+003, 1.515799e-002
2.703710e+003, 1.426848e-002
2.705639e+003, 1.367540e-002
2.707567e+003, 1.375089e-002
2.709496e+003, 1.408158e-002
2.711424e+003, 1.420551e-002
2.713353e+003, 1.390076e-002
2.715281e+003, 1.401650e-002
2.717209e+003, 1.481101e-002
2.719138e+003, 1.475123e-002
2.721066e+003, 1.468946e-002
2.722995e+003, 1.466719e-002
2.724923e+003, 1.432249e-002
2.726852e+003, 1.438012e-002
2.728780e+003, 1.395965e-002
2.730709e+003, 1.446503e-002
2.732637e+003, 1.534825e-002
2.734566e+003, 1.546141e-002
2.736494e+003, 1.489977e-002
2.738423e+003, 1.475478e-002
2.740351e+003, 1.426580e-002
2.742280e+003, 1.340873e-002
2.744208e+003, 1.360164e-002
2.746136e+003, 1.401131e-002
2.748065e+003, 1.435695e-002
2.749993e+003, 1.430017e-002
2.751922e+003, 1.450357e-002
2.753850e+003, 1.485828e-002
2.755779e+003, 1.475336e-002
2.757707e+003, 1.432698e-002
2.759636e+003, 1.480892e-002
2.761564e+003, 1.556073e-002
2.763493e+003, 1.531701e-002
2.765421e+003, 1.492075e-002
2.767350e+003, 1.514281e-002
2.769278e+003, 1.556684e-002
2.771207e+003, 1.523909e-002
2.773135e+003, 1.503223e-002
2.775063e+003, 1.547191e-002
2.776992e+003, 1.543629e-002
2.778920e+003, 1.522246e-002
2.780849e+003, 1.526916e-002
2.782777e+003, 1.542507e-002
2.784706e+003, 1.529981e-002
2.786634e+003, 1.485105e-002
2.788563e+003, 1.449590e-002
2.790491e+003, 1.377131e-002
2.792420e+003, 1.382486e-002
2.794348e+003, 1.477390e-002
2.796277e+003, 1.545781e-002
2.798205e+003, 1.563911e-002
2.800134e+003, 1.572585e-002
2.802062e+003, 1.566236e-002
2.803990e+003, 1.570348e-002
2.805919e+003, 1.591714e-002
2.807847e+003, 1.573825e-002
2.809776e+003, 1.486041e-002
2.811704e+003, 1.494282e-002
2.813633e+003, 1.567089e-002
2.815561e+003, 1.608923e-002
2.817490e+003, 1.529823e-002
2.819418e+003, 1.486645e-002
2.821347e+003, 1.532112e-002
2.823275e+003, 1.568962e-002
2.825204e+003, 1.588499e-002
2.827132e+003, 1.586607e-002
2.829061e+003, 1.563441e-002
2.830989e+003, 1.568368e-002
2.832917e+003, 1.539664e-002
2.834846e+003, 1.433167e-002
2.836774e+003, 1.409413e-002
2.838703e+003, 1.486219e-002
2.840631e+003, 1.569086e-002
2.842560e+003, 1.573331e-002
2.844488e+003, 1.529302e-002
2.846417e+003, 1.532969e-002
2.848345e+003, 1.547930e-002
2.850274e+003, 1.507869e-002
2.852202e+003, 1.443677e-002
2.854131e+003, 1.370862e-002
2.856059e+003, 1.278052e-002
2.857988e+003, 1.301203e-002
2.859916e+003, 1.356820e-002
2.861844e+003, 1.364410e-002
2.863773e+003, 1.371302e-002
2.865701e+003, 1.475029e-002
2.867630e+003, 1.505027e-002
2.869558e+003, 1.434857e-002
2.871487e+003, 1.376423e-002
2.873415e+003, 1.384610e-002
2.875344e+003, 1.484746e-002
2.877272e+003, 1.638566e-002
2.879201e+003, 1.704043e-002
2.881129e+003, 1.615412e-002
2.883058e+003, 1.558985e-002
2.884986e+003, 1.598909e-002
2.886915e+003, 1.600697e-002
2.888843e+003, 1.510699e-002
2.890771e+003, 1.493920e-002
2.892700e+003, 1.565288e-002
2.894628e+003, 1.559267e-002
2.896557e+003, 1.567882e-002
2.898485e+003, 1.564964e-002
2.900414e+003, 1.502657e-002
2.902342e+003, 1.520446e-002
2.904271e+003, 1.541317e-002
2.906199e+003, 1.601587e-002
2.908128e+003, 1.683800e-002
2.910056e+003, 1.678652e-002
2.911985e+003, 1.678916e-002
2.913913e+003, 1.582226e-002
2.915842e+003, 1.552100e-002
2.917770e+003, 1.582703e-002
2.919698e+003, 1.524263e-002
2.921627e+003, 1.482439e-002
2.923555e+003, 1.499170e-002
2.925484e+003, 1.345877e-002
2.927412e+003, 1.222782e-002
2.929341e+003, 1.210929e-002
2.931269e+003, 1.218300e-002
2.933198e+003, 1.292320e-002
2.935126e+003, 1.387599e-002
2.937055e+003, 1.534590e-002
2.938983e+003, 1.580692e-002
2.940912e+003, 1.533583e-002
2.942840e+003, 1.463332e-002
2.944769e+003, 1.448387e-002
2.946697e+003, 1.562983e-002
2.948625e+003, 1.477755e-002
2.950554e+003, 1.364355e-002
2.952482e+003, 1.421732e-002
2.954411e+003, 1.500213e-002
2.956339e+003, 1.470883e-002
2.958268e+003, 1.356750e-002
2.960196e+003, 1.294015e-002
2.962125e+003, 1.376024e-002
2.964053e+003, 1.390292e-002
2.965982e+003, 1.418359e-002
2.967910e+003, 1.498112e-002
2.969839e+003, 1.589402e-002
2.971767e+003, 1.588994e-002
2.973696e+003, 1.519431e-002
2.975624e+003, 1.449012e-002
2.977552e+003, 1.508411e-002
2.979481e+003, 1.650036e-002
2.981409e+003, 1.680651e-002
2.983338e+003, 1.625476e-002
2.985266e+003, 1.611177e-002
2.987195e+003, 1.564481e-002
2.989123e+003, 1.568097e-002
2.991052e+003, 1.635209e-002
2.992980e+003, 1.687676e-002
2.994909e+003, 1.644042e-002
2.996837e+003, 1.602783e-002
2.998766e+003, 1.617588e-002
3.000694e+003, 1.587507e-002
3.002623e+003, 1.681170e-002
3.004551e+003, 1.711364e-002
3.006479e+003, 1.604063e-002
3.008408e+003, 1.597254e-002
3.010336e+003, 1.605252e-002
3.012265e+003, 1.547646e-002
3.014193e+003, 1.577074e-002
3.016122e+003, 1.571497e-002
3.018050e+003, 1.616534e-002
3.019979e+003, 1.689510e-002
3.021907e+003, 1.576742e-002
3.023836e+003, 1.475057e-002
3.025764e+003, 1.490281e-002
3.027693e+003, 1.487790e-002
3.029621e+003, 1.627086e-002
3.031550e+003, 1.731902e-002
3.033478e+003, 1.626348e-002
3.035406e+003, 1.535155e-002
3.037335e+003, 1.579957e-002
3.039263e+003, 1.519644e-002
3.041192e+003, 1.607134e-002
3.043120e+003, 1.718439e-002
3.045049e+003, 1.671640e-002
3.046977e+003, 1.713673e-002
3.048906e+003, 1.761174e-002
3.050834e+003, 1.632243e-002
3.052763e+003, 1.584643e-002
3.054691e+003, 1.636788e-002
3.056620e+003, 1.629224e-002
3.058548e+003, 1.575375e-002
3.060477e+003, 1.607317e-002
3.062405e+003, 1.636375e-002
3.064333e+003, 1.600868e-002
3.066262e+003, 1.693787e-002
3.068190e+003, 1.878630e-002
3.070119e+003, 1.817488e-002
3.072047e+003, 1.711638e-002
3.073976e+003, 1.588976e-002
3.075904e+003, 1.618849e-002
3.077833e+003, 1.765650e-002
3.079761e+003, 1.819031e-002
3.081690e+003, 1.829097e-002
3.083618e+003, 1.841072e-002
3.085547e+003, 1.796700e-002
3.087475e+003, 1.750012e-002
3.089404e+003, 1.730463e-002
3.091332e+003, 1.675400e-002
3.093260e+003, 1.669691e-002
3.095189e+003, 1.617332e-002
3.097117e+003, 1.652711e-002
3.099046e+003, 1.721908e-002
3.100974e+003, 1.644016e-002
3.102903e+003, 1.616059e-002
3.104831e+003, 1.669853e-002
3.106760e+003, 1.688088e-002
3.108688e+003, 1.769907e-002
3.110617e+003, 1.890162e-002
3.112545e+003, 1.790585e-002
3.114474e+003, 1.702016e-002
3.116402e+003, 1.769476e-002
3.118331e+003, 1.864041e-002
3.120259e+003, 1.945199e-002
3.122188e+003, 1.822967e-002
3.124116e+003, 1.747867e-002
3.126044e+003, 1.683379e-002
3.127973e+003, 1.703150e-002
3.129901e+003, 1.712552e-002
3.131830e+003, 1.683398e-002
3.133758e+003, 1.783963e-002
3.135687e+003, 1.819305e-002
3.137615e+003, 1.929027e-002
3.139544e+003, 1.966904e-002
3.141472e+003, 1.829709e-002
3.143401e+003, 1.742108e-002
3.145329e+003, 1.806762e-002
3.147258e+003, 1.789822e-002
3.149186e+003, 1.610565e-002
3.151115e+003, 1.667632e-002
3.153043e+003, 1.822083e-002
3.154971e+003, 1.834517e-002
3.156900e+003, 1.861539e-002
3.158828e+003, 1.841639e-002
3.160757e+003, 1.779146e-002
3.162685e+003, 1.878198e-002
3.164614e+003, 1.912335e-002
3.166542e+003, 1.876344e-002
3.168471e+003, 2.001210e-002
3.170399e+003, 2.019150e-002
3.172328e+003, 2.033501e-002
3.174256e+003, 1.937164e-002
3.176185e+003, 1.888233e-002
3.178113e+003, 1.817347e-002
3.180042e+003, 1.776634e-002
3.181970e+003, 1.811172e-002
3.183898e+003, 1.749925e-002
3.185827e+003, 1.706697e-002
3.187755e+003, 1.767245e-002
3.189684e+003, 1.903671e-002
3.191612e+003, 1.988595e-002
3.193541e+003, 2.069041e-002
3.195469e+003, 2.065561e-002
3.197398e+003, 1.875686e-002
3.199326e+003, 1.786253e-002
3.201255e+003, 1.772184e-002
3.203183e+003, 1.658600e-002
3.205112e+003, 1.738623e-002
3.207040e+003, 1.981990e-002
3.208969e+003, 2.030850e-002
3.210897e+003, 1.975037e-002
3.212825e+003, 2.039043e-002
3.214754e+003, 1.979049e-002
3.216682e+003, 1.769153e-002
3.218611e+003, 1.782189e-002
3.220539e+003, 1.877817e-002
3.222468e+003, 1.970100e-002
3.224396e+003, 2.013603e-002
3.226325e+003, 1.881910e-002
3.228253e+003, 1.918800e-002
3.230182e+003, 2.096689e-002
3.232110e+003, 2.161639e-002
3.234039e+003, 2.038730e-002
3.235967e+003, 2.116536e-002
3.237896e+003, 1.994030e-002
3.239824e+003, 1.797289e-002
3.241752e+003, 1.783807e-002
3.243681e+003, 1.881257e-002
3.245609e+003, 2.001708e-002
3.247538e+003, 2.055673e-002
3.249466e+003, 2.192396e-002
3.251395e+003, 2.237816e-002
3.253323e+003, 2.085363e-002
3.255252e+003, 2.025169e-002
3.257180e+003, 2.011625e-002
3.259109e+003, 2.127466e-002
3.261037e+003, 2.260384e-002
3.262966e+003, 2.314055e-002
3.264894e+003, 2.293633e-002
3.266823e+003, 2.179147e-002
3.268751e+003, 2.190372e-002
3.270679e+003, 2.119004e-002
3.272608e+003, 2.075607e-002
3.274536e+003, 2.100811e-002
3.276465e+003, 2.134268e-002
3.278393e+003, 2.205805e-002
3.280322e+003, 2.236742e-002
3.282250e+003, 2.267318e-002
3.284179e+003, 2.227535e-002
3.286107e+003, 2.288229e-002
3.288036e+003, 2.443087e-002
3.289964e+003, 2.485558e-002
3.291893e+003, 2.277239e-002
3.293821e+003, 2.215166e-002
3.295750e+003, 2.411431e-002
3.297678e+003, 2.489803e-002
3.299606e+003, 2.429354e-002
3.301535e+003, 2.478881e-002
3.303463e+003, 2.356524e-002
3.305392e+003, 2.142727e-002
3.307320e+003, 2.293983e-002
3.309249e+003, 2.384998e-002
3.311177e+003, 2.255151e-002
3.313106e+003, 2.344391e-002
3.315034e+003, 2.440329e-002
3.316963e+003, 2.610136e-002
3.318891e+003, 2.678831e-002
3.320820e+003, 2.612626e-002
3.322748e+003, 2.576260e-002
3.324677e+003, 2.539450e-002
3.326605e+003, 2.529195e-002
3.328533e+003, 2.572737e-002
3.330462e+003, 2.657989e-002
3.332390e+003, 2.666407e-002
3.334319e+003, 2.792335e-002
3.336247e+003, 3.053963e-002
3.338176e+003, 2.951519e-002
3.340104e+003, 2.924205e-002
3.342033e+003, 2.909683e-002
3.343961e+003, 3.022651e-002
3.345890e+003, 3.123138e-002
3.347818e+003, 2.967514e-002
3.349747e+003, 2.970139e-002
3.351675e+003, 3.151756e-002
3.353604e+003, 3.340246e-002
3.355532e+003, 3.554732e-002
3.357460e+003, 3.629426e-002
3.359389e+003, 3.566476e-002
3.361317e+003, 3.613441e-002
3.363246e+003, 3.681800e-002
3.365174e+003, 3.969447e-002
3.367103e+003, 4.068192e-002
3.369031e+003, 4.079237e-002
3.370960e+003, 4.101000e-002
3.372888e+003, 4.113364e-002
3.374817e+003, 4.378260e-002
3.376745e+003, 4.565777e-002
3.378674e+003, 4.505273e-002
3.380602e+003, 4.278547e-002
3.382531e+003, 4.283131e-002
3.384459e+003, 4.416328e-002
3.386387e+003, 4.291331e-002
3.388316e+003, 3.953899e-002
3.390244e+003, 3.805280e-002
3.392173e+003, 3.685340e-002
3.394101e+003, 3.250091e-002
3.396030e+003, 2.996787e-002
3.397958e+003, 2.963218e-002
3.399887e+003, 2.792162e-002
3.401815e+003, 2.706623e-002
3.403744e+003, 2.607263e-002
3.405672e+003, 2.476015e-002
3.407601e+003, 2.475050e-002
3.409529e+003, 2.415558e-002
3.411458e+003, 2.451323e-002
3.413386e+003, 2.351386e-002
3.415314e+003, 2.156701e-002
3.417243e+003, 1.816078e-002
3.419171e+003, 1.696279e-002
3.421100e+003, 1.841819e-002
3.423028e+003, 1.972373e-002
3.424957e+003, 2.101464e-002
3.426885e+003, 2.014954e-002
3.428814e+003, 1.952855e-002
3.430742e+003, 1.780195e-002
3.432671e+003, 1.788235e-002
3.434599e+003, 1.902206e-002
3.436528e+003, 1.762785e-002
3.438456e+003, 1.767782e-002
3.440385e+003, 1.848264e-002
3.442313e+003, 2.046806e-002
3.444241e+003, 2.147712e-002
3.446170e+003, 2.031530e-002
3.448098e+003, 1.973649e-002
3.450027e+003, 2.214317e-002
3.451955e+003, 2.181532e-002
3.453884e+003, 1.991845e-002
3.455812e+003, 1.854916e-002
3.457741e+003, 1.703268e-002
3.459669e+003, 1.872505e-002
3.461598e+003, 1.919376e-002
3.463526e+003, 1.848843e-002
3.465455e+003, 1.898930e-002
3.467383e+003, 1.849470e-002
3.469312e+003, 1.808956e-002
3.471240e+003, 1.989949e-002
3.473168e+003, 2.013746e-002
3.475097e+003, 1.919582e-002
3.477025e+003, 2.029555e-002
3.478954e+003, 2.034459e-002
3.480882e+003, 1.923725e-002
3.482811e+003, 1.912210e-002
3.484739e+003, 1.859549e-002
3.486668e+003, 1.727184e-002
3.488596e+003, 1.681926e-002
3.490525e+003, 1.656616e-002
3.492453e+003, 1.585204e-002
3.494382e+003, 1.818219e-002
3.496310e+003, 1.803349e-002
3.498239e+003, 1.845638e-002
3.500167e+003, 2.026511e-002
3.502095e+003, 1.943889e-002
3.504024e+003, 1.813210e-002
3.505952e+003, 1.743123e-002
3.507881e+003, 2.044440e-002
3.509809e+003, 2.226290e-002
3.511738e+003, 2.069801e-002
3.513666e+003, 1.983314e-002
3.515595e+003, 2.022939e-002
3.517523e+003, 2.052465e-002
3.519452e+003, 1.869023e-002
3.521380e+003, 1.684502e-002
3.523309e+003, 1.590673e-002
3.525237e+003, 1.797357e-002
3.527166e+003, 1.972650e-002
3.529094e+003, 1.880316e-002
3.531022e+003, 1.827469e-002
3.532951e+003, 1.792623e-002
3.534879e+003, 1.783783e-002
3.536808e+003, 1.947922e-002
3.538736e+003, 1.992398e-002
3.540665e+003, 1.948714e-002
3.542593e+003, 1.801960e-002
3.544522e+003, 1.708138e-002
3.546450e+003, 1.682830e-002
3.548379e+003, 1.548203e-002
3.550307e+003, 1.362868e-002
3.552236e+003, 1.609331e-002
3.554164e+003, 1.992076e-002
3.556093e+003, 1.882346e-002
3.558021e+003, 1.992885e-002
3.559949e+003, 2.156057e-002
3.561878e+003, 2.050186e-002
3.563806e+003, 1.962445e-002
3.565735e+003, 2.082971e-002
3.567663e+003, 2.141833e-002
3.569592e+003, 1.922387e-002
3.571520e+003, 1.761679e-002
3.573449e+003, 1.861249e-002
3.575377e+003, 2.007996e-002
3.577306e+003, 1.818153e-002
3.579234e+003, 1.716898e-002
3.581163e+003, 1.567654e-002
3.583091e+003, 1.772385e-002
3.585020e+003, 2.017094e-002
3.586948e+003, 1.963649e-002
3.588876e+003, 1.777267e-002
3.590805e+003, 1.805657e-002
3.592733e+003, 1.840423e-002
3.594662e+003, 1.674517e-002
3.596590e+003, 1.841110e-002
3.598519e+003, 2.062322e-002
3.600447e+003, 1.856807e-002
3.602376e+003, 1.963206e-002
3.604304e+003, 2.145899e-002
3.606233e+003, 2.027638e-002
3.608161e+003, 1.934829e-002
3.610090e+003, 1.807515e-002
3.612018e+003, 1.906288e-002
3.613947e+003, 1.971412e-002
3.615875e+003, 1.913395e-002
3.617803e+003, 1.737290e-002
3.619732e+003, 1.666029e-002
3.621660e+003, 1.890570e-002
3.623589e+003, 1.961985e-002
3.625517e+003, 1.967492e-002
3.627446e+003, 1.696283e-002
3.629374e+003, 1.424715e-002
3.631303e+003, 1.486879e-002
3.633231e+003, 1.524905e-002
3.635160e+003, 1.778323e-002
3.637088e+003, 1.597970e-002
3.639017e+003, 1.364043e-002
3.640945e+003, 1.667341e-002
3.642874e+003, 1.681883e-002
3.644802e+003, 1.583480e-002
3.646730e+003, 1.532874e-002
3.648659e+003, 1.717611e-002
3.650587e+003, 1.610804e-002
3.652516e+003, 1.600782e-002
3.654444e+003, 1.654493e-002
3.656373e+003, 1.506696e-002
3.658301e+003, 1.780070e-002
3.660230e+003, 1.805246e-002
3.662158e+003, 1.708776e-002
3.664087e+003, 1.732679e-002
3.666015e+003, 1.474517e-002
3.667944e+003, 1.500315e-002
3.669872e+003, 1.780788e-002
3.671801e+003, 1.795621e-002
3.673729e+003, 1.905355e-002
3.675657e+003, 1.634607e-002
3.677586e+003, 1.507269e-002
3.679514e+003, 1.655282e-002
3.681443e+003, 2.040048e-002
3.683371e+003, 2.015773e-002
3.685300e+003, 1.672807e-002
3.687228e+003, 1.572187e-002
3.689157e+003, 1.458402e-002
3.691085e+003, 1.538974e-002
3.693014e+003, 1.751952e-002
3.694942e+003, 1.907077e-002
3.696871e+003, 2.073971e-002
3.698799e+003, 2.083790e-002
3.700728e+003, 1.860908e-002
3.702656e+003, 1.605114e-002
3.704584e+003, 1.530569e-002
3.706513e+003, 1.607910e-002
3.708441e+003, 1.758608e-002
3.710370e+003, 1.819906e-002
3.712298e+003, 1.727571e-002
3.714227e+003, 1.948003e-002
3.716155e+003, 2.147586e-002
3.718084e+003, 2.109348e-002
3.720012e+003, 1.893793e-002
3.721941e+003, 1.727485e-002
3.723869e+003, 1.790877e-002
3.725798e+003, 1.803082e-002
3.727726e+003, 1.650702e-002
3.729655e+003, 1.684862e-002
3.731583e+003, 1.671674e-002
3.733511e+003, 1.627745e-002
3.735440e+003, 1.770921e-002
3.737368e+003, 1.858453e-002
3.739297e+003, 1.755214e-002
3.741225e+003, 1.597945e-002
3.743154e+003, 1.944685e-002
3.745082e+003, 2.064089e-002
3.747011e+003, 2.097271e-002
3.748939e+003, 1.587223e-002
3.750868e+003, 1.391610e-002
3.752796e+003, 1.693405e-002
3.754725e+003, 1.865044e-002
3.756653e+003, 1.546477e-002
3.758582e+003, 1.510551e-002
3.760510e+003, 1.857229e-002
3.762438e+003, 2.011083e-002
3.764367e+003, 1.796310e-002
3.766295e+003, 1.715360e-002
3.768224e+003, 1.867303e-002
3.770152e+003, 2.117201e-002
3.772081e+003, 2.086629e-002
3.774009e+003, 1.742653e-002
3.775938e+003, 1.799482e-002
3.777866e+003, 2.041088e-002
3.779795e+003, 1.865116e-002
3.781723e+003, 2.020613e-002
3.783652e+003, 2.515076e-002
3.785580e+003, 2.394053e-002
3.787509e+003, 1.834543e-002
3.789437e+003, 1.660657e-002
3.791365e+003, 1.726821e-002
3.793294e+003, 1.885854e-002
3.795222e+003, 2.156840e-002
3.797151e+003, 2.237624e-002
3.799079e+003, 2.430810e-002
3.801008e+003, 2.332670e-002
3.802936e+003, 2.108765e-002
3.804865e+003, 2.214909e-002
3.806793e+003, 2.163242e-002
3.808722e+003, 2.253424e-002
3.810650e+003, 2.320394e-002
3.812579e+003, 1.945532e-002
3.814507e+003, 1.876851e-002
3.816436e+003, 2.014203e-002
3.818364e+003, 2.136152e-002
3.820292e+003, 1.893304e-002
3.822221e+003, 1.874298e-002
3.824149e+003, 2.149399e-002
3.826078e+003, 2.278962e-002
3.828006e+003, 2.218592e-002
3.829935e+003, 1.815402e-002
3.831863e+003, 1.623556e-002
3.833792e+003, 1.980555e-002
3.835720e+003, 2.060835e-002
3.837649e+003, 1.747657e-002
3.839577e+003, 1.909183e-002
3.841506e+003, 2.320065e-002
3.843434e+003, 2.215638e-002
3.845363e+003, 1.895628e-002
3.847291e+003, 1.910522e-002
3.849219e+003, 2.008125e-002
3.851148e+003, 1.906405e-002
3.853076e+003, 1.640904e-002
3.855005e+003, 1.629229e-002
3.856933e+003, 1.870620e-002
3.858862e+003, 1.897484e-002
3.860790e+003, 1.852198e-002
3.862719e+003, 2.071112e-002
3.864647e+003, 2.071551e-002
3.866576e+003, 1.678052e-002
3.868504e+003, 1.567421e-002
3.870433e+003, 1.682436e-002
3.872361e+003, 1.869829e-002
3.874290e+003, 1.948373e-002
3.876218e+003, 2.132378e-002
3.878146e+003, 2.110577e-002
3.880075e+003, 1.895503e-002
3.882003e+003, 1.859544e-002
3.883932e+003, 1.975293e-002
3.885860e+003, 1.835215e-002
3.887789e+003, 2.229636e-002
3.889717e+003, 2.495679e-002
3.891646e+003, 2.134578e-002
3.893574e+003, 1.965021e-002
3.895503e+003, 1.874496e-002
3.897431e+003, 1.686610e-002
3.899360e+003, 1.808999e-002
3.901288e+003, 2.191474e-002
3.903217e+003, 2.292663e-002
3.905145e+003, 2.111877e-002
3.907073e+003, 2.069586e-002
3.909002e+003, 2.205511e-002
3.910930e+003, 2.138739e-002
3.912859e+003, 2.163742e-002
3.914787e+003, 2.342883e-002
3.916716e+003, 2.383233e-002
3.918644e+003, 2.192045e-002
3.920573e+003, 1.915657e-002
3.922501e+003, 1.894011e-002
3.924430e+003, 1.710544e-002
3.926358e+003, 2.059439e-002
3.928287e+003, 2.472940e-002
3.930215e+003, 2.158099e-002
3.932144e+003, 1.811539e-002
3.934072e+003, 1.799332e-002
3.936000e+003, 1.845758e-002
3.937929e+003, 2.100280e-002
3.939857e+003, 2.204517e-002
3.941786e+003, 1.621679e-002
3.943714e+003, 1.614767e-002
3.945643e+003, 2.036101e-002
3.947571e+003, 2.186391e-002
3.949500e+003, 2.379802e-002
3.951428e+003, 2.453654e-002
3.953357e+003, 2.280850e-002
3.955285e+003, 2.082106e-002
3.957214e+003, 2.176751e-002
3.959142e+003, 2.387410e-002
3.961071e+003, 2.174100e-002
3.962999e+003, 1.852602e-002
3.964927e+003, 1.845453e-002
3.966856e+003, 2.020287e-002
3.968784e+003, 2.257803e-002
3.970713e+003, 2.410576e-002
3.972641e+003, 2.586353e-002
3.974570e+003, 2.557608e-002
3.976498e+003, 2.267394e-002
3.978427e+003, 2.292025e-002
3.980355e+003, 2.146720e-002
3.982284e+003, 1.852861e-002
3.984212e+003, 1.865103e-002
3.986141e+003, 1.941177e-002
3.988069e+003, 2.304967e-002
3.989998e+003, 2.282502e-002
3.991926e+003, 2.461933e-002
3.993854e+003, 2.733439e-002
3.995783e+003, 2.344589e-002
3.997711e+003, 2.297422e-002
3.999640e+003, 2.298781e-002
4.001568e+003, 0.000000e+000
##END=



