##NAMES=Monazite-(Ce)
##RRUFFID=R040106
##IDEAL CHEMISTRY=CePO_4_
##LOCALITY=Angola
##OWNER=RRUFF
##SOURCE=University of Arizona Mineral Museum
##DESCRIPTION=Brown massive fragment
##STATUS=The identification of this mineral has been confirmed by X-ray diffraction and chemical analysis
##URL=rruff.info/R040106
##MEASURED CHEMISTRY=(Ce_0.41_La_0.17_Nd_0.17_Th_0.14_Ca_0.06_Y_0.04_)(P_0.95_Si_0.05_)O_4_
3.991926e+002, 0.000000e+000
4.011211e+002, 3.391624e-002
4.030496e+002, 3.407298e-002
4.049780e+002, 3.359308e-002
4.069065e+002, 3.397960e-002
4.088350e+002, 3.458977e-002
4.107634e+002, 3.472460e-002
4.126919e+002, 3.479849e-002
4.146204e+002, 3.626345e-002
4.165488e+002, 3.633159e-002
4.184773e+002, 3.715608e-002
4.204058e+002, 3.927230e-002
4.223342e+002, 4.084215e-002
4.242627e+002, 4.120779e-002
4.261912e+002, 4.279872e-002
4.281196e+002, 4.431246e-002
4.300481e+002, 4.386630e-002
4.319766e+002, 4.564821e-002
4.339050e+002, 4.857316e-002
4.358335e+002, 4.998778e-002
4.377620e+002, 5.179312e-002
4.396904e+002, 5.533281e-002
4.416189e+002, 5.785462e-002
4.435474e+002, 5.911454e-002
4.454758e+002, 6.080461e-002
4.474043e+002, 6.355086e-002
4.493328e+002, 6.626248e-002
4.512612e+002, 6.851889e-002
4.531897e+002, 7.127269e-002
4.551182e+002, 7.467154e-002
4.570466e+002, 7.800186e-002
4.589751e+002, 8.002438e-002
4.609036e+002, 8.185817e-002
4.628320e+002, 8.445776e-002
4.647605e+002, 8.763035e-002
4.666890e+002, 9.072354e-002
4.686174e+002, 9.369045e-002
4.705459e+002, 9.648940e-002
4.724744e+002, 9.860787e-002
4.744028e+002, 1.001531e-001
4.763313e+002, 1.009396e-001
4.782598e+002, 1.024277e-001
4.801882e+002, 1.034945e-001
4.821167e+002, 1.037635e-001
4.840452e+002, 1.044279e-001
4.859736e+002, 1.052384e-001
4.879021e+002, 1.066799e-001
4.898306e+002, 1.081625e-001
4.917590e+002, 1.095030e-001
4.936875e+002, 1.110507e-001
4.956160e+002, 1.134176e-001
4.975444e+002, 1.161686e-001
4.994729e+002, 1.186765e-001
5.014014e+002, 1.215980e-001
5.033298e+002, 1.250988e-001
5.052583e+002, 1.287584e-001
5.071868e+002, 1.334710e-001
5.091152e+002, 1.391246e-001
5.110437e+002, 1.437219e-001
5.129722e+002, 1.482160e-001
5.149006e+002, 1.535944e-001
5.168291e+002, 1.590391e-001
5.187576e+002, 1.651927e-001
5.206860e+002, 1.727179e-001
5.226145e+002, 1.813154e-001
5.245430e+002, 1.902576e-001
5.264714e+002, 1.987409e-001
5.283999e+002, 2.066218e-001
5.303284e+002, 2.119200e-001
5.322568e+002, 2.131190e-001
5.341853e+002, 2.105337e-001
5.361138e+002, 2.057207e-001
5.380422e+002, 2.002719e-001
5.399707e+002, 1.935825e-001
5.418992e+002, 1.864227e-001
5.438276e+002, 1.795554e-001
5.457561e+002, 1.728016e-001
5.476846e+002, 1.664208e-001
5.496130e+002, 1.617415e-001
5.515415e+002, 1.584542e-001
5.534700e+002, 1.564536e-001
5.553984e+002, 1.562896e-001
5.573269e+002, 1.573131e-001
5.592554e+002, 1.578953e-001
5.611838e+002, 1.564811e-001
5.631123e+002, 1.534469e-001
5.650408e+002, 1.493062e-001
5.669692e+002, 1.434588e-001
5.688977e+002, 1.380744e-001
5.708262e+002, 1.351305e-001
5.727546e+002, 1.335010e-001
5.746831e+002, 1.331246e-001
5.766116e+002, 1.333711e-001
5.785400e+002, 1.323212e-001
5.804685e+002, 1.302423e-001
5.823970e+002, 1.272843e-001
5.843254e+002, 1.235339e-001
5.862539e+002, 1.195540e-001
5.881824e+002, 1.153539e-001
5.901108e+002, 1.113787e-001
5.920393e+002, 1.074651e-001
5.939678e+002, 1.036070e-001
5.958962e+002, 1.005870e-001
5.978247e+002, 9.859218e-002
5.997532e+002, 9.773602e-002
6.016816e+002, 9.845740e-002
6.036101e+002, 1.012756e-001
6.055386e+002, 1.061233e-001
6.074670e+002, 1.119741e-001
6.093955e+002, 1.185703e-001
6.113240e+002, 1.254229e-001
6.132524e+002, 1.304206e-001
6.151809e+002, 1.326044e-001
6.171094e+002, 1.325745e-001
6.190378e+002, 1.306715e-001
6.209663e+002, 1.274435e-001
6.228948e+002, 1.233235e-001
6.248232e+002, 1.189499e-001
6.267517e+002, 1.146789e-001
6.286802e+002, 1.101414e-001
6.306086e+002, 1.051743e-001
6.325371e+002, 9.970413e-002
6.344656e+002, 9.405240e-002
6.363940e+002, 8.821297e-002
6.383225e+002, 8.192398e-002
6.402510e+002, 7.552497e-002
6.421794e+002, 6.954013e-002
6.441079e+002, 6.360102e-002
6.460364e+002, 5.777660e-002
6.479648e+002, 5.247173e-002
6.498933e+002, 4.753187e-002
6.518218e+002, 4.325476e-002
6.537502e+002, 3.944683e-002
6.556787e+002, 3.593022e-002
6.576072e+002, 3.290127e-002
6.595356e+002, 3.042890e-002
6.614641e+002, 2.850086e-002
6.633926e+002, 2.702883e-002
6.653210e+002, 2.610024e-002
6.672495e+002, 2.570556e-002
6.691780e+002, 2.548192e-002
6.711064e+002, 2.517653e-002
6.730349e+002, 2.493338e-002
6.749634e+002, 2.463920e-002
6.768918e+002, 2.478554e-002
6.788203e+002, 2.515219e-002
6.807488e+002, 2.540408e-002
6.826772e+002, 2.549670e-002
6.846057e+002, 2.556621e-002
6.865342e+002, 2.556884e-002
6.884626e+002, 2.574314e-002
6.903911e+002, 2.598868e-002
6.923196e+002, 2.633110e-002
6.942480e+002, 2.664777e-002
6.961765e+002, 2.699275e-002
6.981050e+002, 2.734160e-002
7.000334e+002, 2.757275e-002
7.019619e+002, 2.786105e-002
7.038904e+002, 2.797191e-002
7.058188e+002, 2.815254e-002
7.077473e+002, 2.860585e-002
7.096758e+002, 2.900071e-002
7.116042e+002, 2.953349e-002
7.135327e+002, 3.005831e-002
7.154612e+002, 3.004594e-002
7.173896e+002, 3.032310e-002
7.193181e+002, 3.076526e-002
7.212466e+002, 3.116433e-002
7.231750e+002, 3.160664e-002
7.251035e+002, 3.216381e-002
7.270320e+002, 3.280372e-002
7.289604e+002, 3.337723e-002
7.308889e+002, 3.383864e-002
7.328174e+002, 3.451266e-002
7.347458e+002, 3.508001e-002
7.366743e+002, 3.570660e-002
7.386028e+002, 3.647850e-002
7.405313e+002, 3.741477e-002
7.424597e+002, 3.823334e-002
7.443882e+002, 3.895712e-002
7.463167e+002, 3.986542e-002
7.482451e+002, 4.060768e-002
7.501736e+002, 4.141604e-002
7.521021e+002, 4.246776e-002
7.540305e+002, 4.324983e-002
7.559590e+002, 4.407306e-002
7.578875e+002, 4.523135e-002
7.598159e+002, 4.645989e-002
7.617444e+002, 4.776523e-002
7.636729e+002, 4.894252e-002
7.656013e+002, 4.989867e-002
7.675298e+002, 5.085757e-002
7.694583e+002, 5.192005e-002
7.713867e+002, 5.329737e-002
7.733152e+002, 5.474197e-002
7.752437e+002, 5.586549e-002
7.771721e+002, 5.719889e-002
7.791006e+002, 5.841283e-002
7.810291e+002, 5.963789e-002
7.829575e+002, 6.124859e-002
7.848860e+002, 6.266681e-002
7.868145e+002, 6.414965e-002
7.887429e+002, 6.550391e-002
7.906714e+002, 6.690589e-002
7.925999e+002, 6.867909e-002
7.945283e+002, 7.050299e-002
7.964568e+002, 7.236853e-002
7.983853e+002, 7.439668e-002
8.003137e+002, 7.652828e-002
8.022422e+002, 7.845220e-002
8.041707e+002, 8.007079e-002
8.060991e+002, 8.192880e-002
8.080276e+002, 8.418006e-002
8.099561e+002, 8.637829e-002
8.118845e+002, 8.874556e-002
8.138130e+002, 9.117709e-002
8.157415e+002, 9.337442e-002
8.176699e+002, 9.540523e-002
8.195984e+002, 9.768438e-002
8.215269e+002, 1.003407e-001
8.234553e+002, 1.028744e-001
8.253838e+002, 1.053283e-001
8.273123e+002, 1.078291e-001
8.292407e+002, 1.101958e-001
8.311692e+002, 1.125162e-001
8.330977e+002, 1.147574e-001
8.350261e+002, 1.170331e-001
8.369546e+002, 1.194424e-001
8.388831e+002, 1.217422e-001
8.408115e+002, 1.239568e-001
8.427400e+002, 1.262835e-001
8.446685e+002, 1.286634e-001
8.465969e+002, 1.308981e-001
8.485254e+002, 1.329030e-001
8.504539e+002, 1.347336e-001
8.523823e+002, 1.365221e-001
8.543108e+002, 1.385289e-001
8.562393e+002, 1.404989e-001
8.581677e+002, 1.423613e-001
8.600962e+002, 1.444161e-001
8.620247e+002, 1.468122e-001
8.639531e+002, 1.491811e-001
8.658816e+002, 1.517232e-001
8.678101e+002, 1.541498e-001
8.697385e+002, 1.567546e-001
8.716670e+002, 1.595908e-001
8.735955e+002, 1.625760e-001
8.755239e+002, 1.654096e-001
8.774524e+002, 1.682351e-001
8.793809e+002, 1.711358e-001
8.813093e+002, 1.740501e-001
8.832378e+002, 1.769846e-001
8.851663e+002, 1.801100e-001
8.870947e+002, 1.833018e-001
8.890232e+002, 1.864410e-001
8.909517e+002, 1.897035e-001
8.928801e+002, 1.932253e-001
8.948085e+002, 1.973260e-001
8.967370e+002, 2.015411e-001
8.986655e+002, 2.050583e-001
9.005939e+002, 2.084261e-001
9.025224e+002, 2.123689e-001
9.044509e+002, 2.164002e-001
9.063793e+002, 2.198074e-001
9.083078e+002, 2.230728e-001
9.102363e+002, 2.262399e-001
9.121647e+002, 2.293071e-001
9.140932e+002, 2.320466e-001
9.160217e+002, 2.345385e-001
9.179501e+002, 2.371573e-001
9.198786e+002, 2.396297e-001
9.218071e+002, 2.419476e-001
9.237355e+002, 2.442654e-001
9.256640e+002, 2.463008e-001
9.275925e+002, 2.481088e-001
9.295209e+002, 2.499886e-001
9.314494e+002, 2.517962e-001
9.333779e+002, 2.533191e-001
9.353063e+002, 2.547553e-001
9.372348e+002, 2.561783e-001
9.391633e+002, 2.573158e-001
9.410917e+002, 2.579547e-001
9.430202e+002, 2.579679e-001
9.449487e+002, 2.573408e-001
9.468771e+002, 2.564950e-001
9.488056e+002, 2.554283e-001
9.507341e+002, 2.537382e-001
9.526625e+002, 2.516980e-001
9.545910e+002, 2.495490e-001
9.565195e+002, 2.476342e-001
9.584479e+002, 2.459311e-001
9.603764e+002, 2.449077e-001
9.623049e+002, 2.448672e-001
9.642333e+002, 2.460478e-001
9.661618e+002, 2.484681e-001
9.680903e+002, 2.515436e-001
9.700187e+002, 2.550065e-001
9.719472e+002, 2.591351e-001
9.738757e+002, 2.639014e-001
9.758041e+002, 2.687530e-001
9.777326e+002, 2.731289e-001
9.796611e+002, 2.768334e-001
9.815895e+002, 2.797973e-001
9.835180e+002, 2.818314e-001
9.854465e+002, 2.829396e-001
9.873749e+002, 2.837296e-001
9.893034e+002, 2.837537e-001
9.912319e+002, 2.830300e-001
9.931603e+002, 2.816071e-001
9.950888e+002, 2.799183e-001
9.970173e+002, 2.782477e-001
9.989457e+002, 2.764714e-001
1.000874e+003, 2.744069e-001
1.002803e+003, 2.722741e-001
1.004731e+003, 2.704665e-001
1.006660e+003, 2.686208e-001
1.008588e+003, 2.665921e-001
1.010517e+003, 2.648790e-001
1.012445e+003, 2.633733e-001
1.014373e+003, 2.620001e-001
1.016302e+003, 2.607794e-001
1.018230e+003, 2.594828e-001
1.020159e+003, 2.581687e-001
1.022087e+003, 2.570414e-001
1.024016e+003, 2.559917e-001
1.025944e+003, 2.548123e-001
1.027873e+003, 2.535828e-001
1.029801e+003, 2.523085e-001
1.031730e+003, 2.511912e-001
1.033658e+003, 2.498432e-001
1.035587e+003, 2.481419e-001
1.037515e+003, 2.464587e-001
1.039444e+003, 2.446144e-001
1.041372e+003, 2.425273e-001
1.043301e+003, 2.402389e-001
1.045229e+003, 2.378754e-001
1.047157e+003, 2.353527e-001
1.049086e+003, 2.327633e-001
1.051014e+003, 2.301080e-001
1.052943e+003, 2.273091e-001
1.054871e+003, 2.246947e-001
1.056800e+003, 2.222964e-001
1.058728e+003, 2.196267e-001
1.060657e+003, 2.171191e-001
1.062585e+003, 2.146686e-001
1.064514e+003, 2.120076e-001
1.066442e+003, 2.097190e-001
1.068371e+003, 2.076079e-001
1.070299e+003, 2.053296e-001
1.072228e+003, 2.030637e-001
1.074156e+003, 2.011152e-001
1.076084e+003, 1.993445e-001
1.078013e+003, 1.973139e-001
1.079941e+003, 1.952764e-001
1.081870e+003, 1.932487e-001
1.083798e+003, 1.915521e-001
1.085727e+003, 1.900960e-001
1.087655e+003, 1.882197e-001
1.089584e+003, 1.861220e-001
1.091512e+003, 1.840879e-001
1.093441e+003, 1.816352e-001
1.095369e+003, 1.783352e-001
1.097298e+003, 1.744149e-001
1.099226e+003, 1.701837e-001
1.101155e+003, 1.654687e-001
1.103083e+003, 1.603594e-001
1.105011e+003, 1.549723e-001
1.106940e+003, 1.496513e-001
1.108868e+003, 1.444084e-001
1.110797e+003, 1.394143e-001
1.112725e+003, 1.345350e-001
1.114654e+003, 1.297549e-001
1.116582e+003, 1.253167e-001
1.118511e+003, 1.210320e-001
1.120439e+003, 1.168580e-001
1.122368e+003, 1.129976e-001
1.124296e+003, 1.094180e-001
1.126225e+003, 1.058276e-001
1.128153e+003, 1.022398e-001
1.130082e+003, 9.889670e-002
1.132010e+003, 9.566791e-002
1.133938e+003, 9.238253e-002
1.135867e+003, 8.908314e-002
1.137795e+003, 8.573509e-002
1.139724e+003, 8.260135e-002
1.141652e+003, 7.941233e-002
1.143581e+003, 7.611622e-002
1.145509e+003, 7.274263e-002
1.147438e+003, 6.951404e-002
1.149366e+003, 6.643268e-002
1.151295e+003, 6.323149e-002
1.153223e+003, 5.992827e-002
1.155152e+003, 5.680094e-002
1.157080e+003, 5.399726e-002
1.159009e+003, 5.118098e-002
1.160937e+003, 4.829198e-002
1.162865e+003, 4.566491e-002
1.164794e+003, 4.334776e-002
1.166722e+003, 4.099857e-002
1.168651e+003, 3.870072e-002
1.170579e+003, 3.663768e-002
1.172508e+003, 3.480779e-002
1.174436e+003, 3.306782e-002
1.176365e+003, 3.144595e-002
1.178293e+003, 3.002904e-002
1.180222e+003, 2.869320e-002
1.182150e+003, 2.758617e-002
1.184079e+003, 2.661591e-002
1.186007e+003, 2.560449e-002
1.187936e+003, 2.462309e-002
1.189864e+003, 2.377070e-002
1.191792e+003, 2.281882e-002
1.193721e+003, 2.185654e-002
1.195649e+003, 2.117445e-002
1.197578e+003, 2.033170e-002
1.199506e+003, 1.937765e-002
1.201435e+003, 1.863055e-002
1.203363e+003, 1.806118e-002
1.205292e+003, 1.741683e-002
1.207220e+003, 1.665329e-002
1.209149e+003, 1.595966e-002
1.211077e+003, 1.534726e-002
1.213006e+003, 1.468574e-002
1.214934e+003, 1.404005e-002
1.216863e+003, 1.358827e-002
1.218791e+003, 1.311754e-002
1.220719e+003, 1.260862e-002
1.222648e+003, 1.193319e-002
1.224576e+003, 1.137940e-002
1.226505e+003, 1.112035e-002
1.228433e+003, 1.083032e-002
1.230362e+003, 1.041345e-002
1.232290e+003, 1.014166e-002
1.234219e+003, 9.953271e-003
1.236147e+003, 9.685368e-003
1.238076e+003, 9.356074e-003
1.240004e+003, 9.186056e-003
1.241933e+003, 9.041766e-003
1.243861e+003, 8.864391e-003
1.245790e+003, 8.628461e-003
1.247718e+003, 8.278925e-003
1.249646e+003, 7.943890e-003
1.251575e+003, 7.768476e-003
1.253503e+003, 7.436394e-003
1.255432e+003, 7.147038e-003
1.257360e+003, 6.876715e-003
1.259289e+003, 6.714860e-003
1.261217e+003, 6.744121e-003
1.263146e+003, 6.586441e-003
1.265074e+003, 6.391676e-003
1.267003e+003, 6.110131e-003
1.268931e+003, 6.131968e-003
1.270860e+003, 6.181162e-003
1.272788e+003, 6.050420e-003
1.274717e+003, 5.954516e-003
1.276645e+003, 5.784980e-003
1.278573e+003, 5.719905e-003
1.280502e+003, 5.582710e-003
1.282430e+003, 5.428320e-003
1.284359e+003, 5.488479e-003
1.286287e+003, 5.486167e-003
1.288216e+003, 5.481573e-003
1.290144e+003, 5.463266e-003
1.292073e+003, 5.361887e-003
1.294001e+003, 5.395261e-003
1.295930e+003, 5.445575e-003
1.297858e+003, 5.424040e-003
1.299787e+003, 5.432240e-003
1.301715e+003, 5.559164e-003
1.303644e+003, 5.456571e-003
1.305572e+003, 5.286036e-003
1.307500e+003, 5.263343e-003
1.309429e+003, 5.395056e-003
1.311357e+003, 5.638063e-003
1.313286e+003, 5.571208e-003
1.315214e+003, 5.353156e-003
1.317143e+003, 5.254911e-003
1.319071e+003, 5.335110e-003
1.321000e+003, 5.464242e-003
1.322928e+003, 5.477673e-003
1.324857e+003, 5.642816e-003
1.326785e+003, 5.805762e-003
1.328714e+003, 5.784079e-003
1.330642e+003, 5.833575e-003
1.332571e+003, 5.890709e-003
1.334499e+003, 5.945218e-003
1.336427e+003, 5.990341e-003
1.338356e+003, 6.113819e-003
1.340284e+003, 6.221222e-003
1.342213e+003, 6.397491e-003
1.344141e+003, 6.573212e-003
1.346070e+003, 6.522220e-003
1.347998e+003, 6.465618e-003
1.349927e+003, 6.604454e-003
1.351855e+003, 6.690040e-003
1.353784e+003, 6.735336e-003
1.355712e+003, 6.717897e-003
1.357641e+003, 6.587814e-003
1.359569e+003, 6.486736e-003
1.361498e+003, 6.649237e-003
1.363426e+003, 6.741480e-003
1.365354e+003, 6.729526e-003
1.367283e+003, 6.704266e-003
1.369211e+003, 6.805445e-003
1.371140e+003, 6.964915e-003
1.373068e+003, 7.021015e-003
1.374997e+003, 7.075114e-003
1.376925e+003, 7.219149e-003
1.378854e+003, 7.120519e-003
1.380782e+003, 7.141728e-003
1.382711e+003, 7.291018e-003
1.384639e+003, 7.509868e-003
1.386568e+003, 7.727167e-003
1.388496e+003, 7.674907e-003
1.390424e+003, 7.735610e-003
1.392353e+003, 7.680087e-003
1.394281e+003, 7.709322e-003
1.396210e+003, 7.893809e-003
1.398138e+003, 7.763580e-003
1.400067e+003, 7.704142e-003
1.401995e+003, 7.916988e-003
1.403924e+003, 7.807831e-003
1.405852e+003, 8.043244e-003
1.407781e+003, 8.474408e-003
1.409709e+003, 8.603273e-003
1.411638e+003, 8.594483e-003
1.413566e+003, 8.432628e-003
1.415495e+003, 8.531153e-003
1.417423e+003, 8.739089e-003
1.419351e+003, 8.736271e-003
1.421280e+003, 8.892857e-003
1.423208e+003, 8.936245e-003
1.425137e+003, 8.845605e-003
1.427065e+003, 9.048507e-003
1.428994e+003, 9.110001e-003
1.430922e+003, 8.923198e-003
1.432851e+003, 9.019507e-003
1.434779e+003, 9.125583e-003
1.436708e+003, 9.167479e-003
1.438636e+003, 9.230321e-003
1.440565e+003, 9.257447e-003
1.442493e+003, 9.249130e-003
1.444422e+003, 9.191036e-003
1.446350e+003, 9.332346e-003
1.448278e+003, 9.399998e-003
1.450207e+003, 9.448216e-003
1.452135e+003, 9.517526e-003
1.454064e+003, 9.763870e-003
1.455992e+003, 9.798011e-003
1.457921e+003, 9.623469e-003
1.459849e+003, 9.692485e-003
1.461778e+003, 9.800799e-003
1.463706e+003, 9.839615e-003
1.465635e+003, 9.603091e-003
1.467563e+003, 9.485745e-003
1.469492e+003, 9.610955e-003
1.471420e+003, 9.705862e-003
1.473349e+003, 9.599822e-003
1.475277e+003, 9.569448e-003
1.477205e+003, 9.793090e-003
1.479134e+003, 1.017325e-002
1.481062e+003, 1.018682e-002
1.482991e+003, 9.842970e-003
1.484919e+003, 9.704219e-003
1.486848e+003, 9.706144e-003
1.488776e+003, 9.789361e-003
1.490705e+003, 9.786991e-003
1.492633e+003, 9.805370e-003
1.494562e+003, 9.839340e-003
1.496490e+003, 9.893937e-003
1.498419e+003, 1.013319e-002
1.500347e+003, 1.017560e-002
1.502276e+003, 1.023693e-002
1.504204e+003, 1.038184e-002
1.506132e+003, 1.039546e-002
1.508061e+003, 1.038752e-002
1.509989e+003, 1.056657e-002
1.511918e+003, 1.080630e-002
1.513846e+003, 1.085287e-002
1.515775e+003, 1.090942e-002
1.517703e+003, 1.090212e-002
1.519632e+003, 1.087241e-002
1.521560e+003, 1.100404e-002
1.523489e+003, 1.130671e-002
1.525417e+003, 1.134699e-002
1.527346e+003, 1.146944e-002
1.529274e+003, 1.138937e-002
1.531203e+003, 1.126352e-002
1.533131e+003, 1.166715e-002
1.535059e+003, 1.190886e-002
1.536988e+003, 1.194011e-002
1.538916e+003, 1.190700e-002
1.540845e+003, 1.199091e-002
1.542773e+003, 1.228711e-002
1.544702e+003, 1.258927e-002
1.546630e+003, 1.259689e-002
1.548559e+003, 1.262549e-002
1.550487e+003, 1.265909e-002
1.552416e+003, 1.268343e-002
1.554344e+003, 1.272164e-002
1.556273e+003, 1.288593e-002
1.558201e+003, 1.285329e-002
1.560130e+003, 1.279485e-002
1.562058e+003, 1.299916e-002
1.563986e+003, 1.309239e-002
1.565915e+003, 1.302571e-002
1.567843e+003, 1.314060e-002
1.569772e+003, 1.330522e-002
1.571700e+003, 1.340184e-002
1.573629e+003, 1.336878e-002
1.575557e+003, 1.341206e-002
1.577486e+003, 1.348731e-002
1.579414e+003, 1.351464e-002
1.581343e+003, 1.335816e-002
1.583271e+003, 1.349755e-002
1.585200e+003, 1.390988e-002
1.587128e+003, 1.394838e-002
1.589057e+003, 1.385782e-002
1.590985e+003, 1.367512e-002
1.592913e+003, 1.358968e-002
1.594842e+003, 1.363242e-002
1.596770e+003, 1.373737e-002
1.598699e+003, 1.373681e-002
1.600627e+003, 1.351314e-002
1.602556e+003, 1.362202e-002
1.604484e+003, 1.381604e-002
1.606413e+003, 1.349369e-002
1.608341e+003, 1.345520e-002
1.610270e+003, 1.352242e-002
1.612198e+003, 1.353886e-002
1.614127e+003, 1.378881e-002
1.616055e+003, 1.380560e-002
1.617984e+003, 1.378741e-002
1.619912e+003, 1.374442e-002
1.621840e+003, 1.356384e-002
1.623769e+003, 1.359977e-002
1.625697e+003, 1.389979e-002
1.627626e+003, 1.385225e-002
1.629554e+003, 1.384663e-002
1.631483e+003, 1.403912e-002
1.633411e+003, 1.412804e-002
1.635340e+003, 1.383653e-002
1.637268e+003, 1.361834e-002
1.639197e+003, 1.388728e-002
1.641125e+003, 1.421960e-002
1.643054e+003, 1.394910e-002
1.644982e+003, 1.372379e-002
1.646911e+003, 1.368334e-002
1.648839e+003, 1.382684e-002
1.650767e+003, 1.404986e-002
1.652696e+003, 1.394168e-002
1.654624e+003, 1.389195e-002
1.656553e+003, 1.396944e-002
1.658481e+003, 1.403899e-002
1.660410e+003, 1.422362e-002
1.662338e+003, 1.403921e-002
1.664267e+003, 1.383557e-002
1.666195e+003, 1.394816e-002
1.668124e+003, 1.399976e-002
1.670052e+003, 1.394000e-002
1.671981e+003, 1.409495e-002
1.673909e+003, 1.398042e-002
1.675838e+003, 1.376845e-002
1.677766e+003, 1.391987e-002
1.679694e+003, 1.398412e-002
1.681623e+003, 1.391648e-002
1.683551e+003, 1.379280e-002
1.685480e+003, 1.366837e-002
1.687408e+003, 1.393230e-002
1.689337e+003, 1.392645e-002
1.691265e+003, 1.388176e-002
1.693194e+003, 1.400001e-002
1.695122e+003, 1.404176e-002
1.697051e+003, 1.372138e-002
1.698979e+003, 1.369628e-002
1.700908e+003, 1.362077e-002
1.702836e+003, 1.403948e-002
1.704765e+003, 1.416049e-002
1.706693e+003, 1.397819e-002
1.708621e+003, 1.400673e-002
1.710550e+003, 1.396567e-002
1.712478e+003, 1.412215e-002
1.714407e+003, 1.441934e-002
1.716335e+003, 1.436196e-002
1.718264e+003, 1.397833e-002
1.720192e+003, 1.412309e-002
1.722121e+003, 1.422135e-002
1.724049e+003, 1.411465e-002
1.725978e+003, 1.444321e-002
1.727906e+003, 1.465508e-002
1.729835e+003, 1.431712e-002
1.731763e+003, 1.413105e-002
1.733692e+003, 1.425007e-002
1.735620e+003, 1.425071e-002
1.737548e+003, 1.413084e-002
1.739477e+003, 1.426376e-002
1.741405e+003, 1.433120e-002
1.743334e+003, 1.416975e-002
1.745262e+003, 1.431846e-002
1.747191e+003, 1.442590e-002
1.749119e+003, 1.436263e-002
1.751048e+003, 1.430650e-002
1.752976e+003, 1.421502e-002
1.754905e+003, 1.435462e-002
1.756833e+003, 1.452437e-002
1.758762e+003, 1.466495e-002
1.760690e+003, 1.462125e-002
1.762619e+003, 1.453189e-002
1.764547e+003, 1.445172e-002
1.766475e+003, 1.459489e-002
1.768404e+003, 1.467227e-002
1.770332e+003, 1.464607e-002
1.772261e+003, 1.483331e-002
1.774189e+003, 1.494662e-002
1.776118e+003, 1.492323e-002
1.778046e+003, 1.484881e-002
1.779975e+003, 1.459737e-002
1.781903e+003, 1.474811e-002
1.783832e+003, 1.496619e-002
1.785760e+003, 1.479156e-002
1.787689e+003, 1.508157e-002
1.789617e+003, 1.532180e-002
1.791546e+003, 1.520189e-002
1.793474e+003, 1.491095e-002
1.795402e+003, 1.492060e-002
1.797331e+003, 1.492071e-002
1.799259e+003, 1.492848e-002
1.801188e+003, 1.498072e-002
1.803116e+003, 1.517859e-002
1.805045e+003, 1.552867e-002
1.806973e+003, 1.562123e-002
1.808902e+003, 1.568104e-002
1.810830e+003, 1.547253e-002
1.812759e+003, 1.485145e-002
1.814687e+003, 1.480072e-002
1.816616e+003, 1.514904e-002
1.818544e+003, 1.543215e-002
1.820473e+003, 1.539523e-002
1.822401e+003, 1.540053e-002
1.824329e+003, 1.541308e-002
1.826258e+003, 1.536922e-002
1.828186e+003, 1.524974e-002
1.830115e+003, 1.542066e-002
1.832043e+003, 1.586178e-002
1.833972e+003, 1.531705e-002
1.835900e+003, 1.525990e-002
1.837829e+003, 1.584067e-002
1.839757e+003, 1.616673e-002
1.841686e+003, 1.605992e-002
1.843614e+003, 1.594008e-002
1.845543e+003, 1.558206e-002
1.847471e+003, 1.550801e-002
1.849400e+003, 1.582669e-002
1.851328e+003, 1.576412e-002
1.853256e+003, 1.559263e-002
1.855185e+003, 1.598829e-002
1.857113e+003, 1.604187e-002
1.859042e+003, 1.601398e-002
1.860970e+003, 1.594168e-002
1.862899e+003, 1.596418e-002
1.864827e+003, 1.584257e-002
1.866756e+003, 1.564103e-002
1.868684e+003, 1.582831e-002
1.870613e+003, 1.613369e-002
1.872541e+003, 1.611973e-002
1.874470e+003, 1.581383e-002
1.876398e+003, 1.538224e-002
1.878327e+003, 1.553654e-002
1.880255e+003, 1.602162e-002
1.882183e+003, 1.622262e-002
1.884112e+003, 1.609543e-002
1.886040e+003, 1.603465e-002
1.887969e+003, 1.604795e-002
1.889897e+003, 1.542347e-002
1.891826e+003, 1.536285e-002
1.893754e+003, 1.588047e-002
1.895683e+003, 1.543069e-002
1.897611e+003, 1.518989e-002
1.899540e+003, 1.599091e-002
1.901468e+003, 1.629390e-002
1.903397e+003, 1.558007e-002
1.905325e+003, 1.543009e-002
1.907254e+003, 1.637739e-002
1.909182e+003, 1.721467e-002
1.911110e+003, 1.648855e-002
1.913039e+003, 1.606146e-002
1.914967e+003, 1.634040e-002
1.916896e+003, 1.597836e-002
1.918824e+003, 1.613824e-002
1.920753e+003, 1.666482e-002
1.922681e+003, 1.658234e-002
1.924610e+003, 1.583841e-002
1.926538e+003, 1.562750e-002
1.928467e+003, 1.559227e-002
1.930395e+003, 1.566649e-002
1.932324e+003, 1.562114e-002
1.934252e+003, 1.533778e-002
1.936181e+003, 1.518527e-002
1.938109e+003, 1.536533e-002
1.940037e+003, 1.630767e-002
1.941966e+003, 1.604717e-002
1.943894e+003, 1.481181e-002
1.945823e+003, 1.421233e-002
1.947751e+003, 1.342935e-002
1.949680e+003, 1.317914e-002
1.951608e+003, 1.380879e-002
1.953537e+003, 1.342191e-002
1.955465e+003, 1.199227e-002
1.957394e+003, 1.202667e-002
1.959322e+003, 1.279367e-002
1.961251e+003, 1.261606e-002
1.963179e+003, 1.188789e-002
1.965108e+003, 1.159510e-002
1.967036e+003, 1.249453e-002
1.968964e+003, 1.207756e-002
1.970893e+003, 1.053290e-002
1.972821e+003, 1.033653e-002
1.974750e+003, 1.124437e-002
1.976678e+003, 1.198695e-002
1.978607e+003, 1.248113e-002
1.980535e+003, 1.390664e-002
1.982464e+003, 1.447830e-002
1.984392e+003, 1.389861e-002
1.986321e+003, 1.386786e-002
1.988249e+003, 1.560028e-002
1.990178e+003, 1.571047e-002
1.992106e+003, 1.486951e-002
1.994035e+003, 1.432887e-002
1.995963e+003, 1.467395e-002
1.997891e+003, 1.484514e-002
1.999820e+003, 1.288640e-002
2.001748e+003, 1.214744e-002
2.003677e+003, 1.348164e-002
2.005605e+003, 1.355412e-002
2.007534e+003, 1.437523e-002
2.009462e+003, 1.393302e-002
2.011391e+003, 1.204106e-002
2.013319e+003, 1.295605e-002
2.015248e+003, 1.564862e-002
2.017176e+003, 1.551099e-002
2.019105e+003, 1.327915e-002
2.021033e+003, 1.259367e-002
2.022962e+003, 1.253623e-002
2.024890e+003, 1.263154e-002
2.026818e+003, 1.237652e-002
2.028747e+003, 1.270345e-002
2.030675e+003, 1.300186e-002
2.032604e+003, 1.345609e-002
2.034532e+003, 1.377389e-002
2.036461e+003, 1.370997e-002
2.038389e+003, 1.457781e-002
2.040318e+003, 1.594975e-002
2.042246e+003, 1.772407e-002
2.044175e+003, 1.792627e-002
2.046103e+003, 1.714399e-002
2.048032e+003, 1.785303e-002
2.049960e+003, 1.859155e-002
2.051889e+003, 1.697199e-002
2.053817e+003, 1.626894e-002
2.055746e+003, 1.641577e-002
2.057674e+003, 1.718348e-002
2.059603e+003, 1.759861e-002
2.061531e+003, 1.593320e-002
2.063459e+003, 1.678205e-002
2.065388e+003, 1.885224e-002
2.067316e+003, 1.842376e-002
2.069245e+003, 1.748214e-002
2.071173e+003, 1.697070e-002
2.073102e+003, 1.660264e-002
2.075030e+003, 1.798633e-002
2.076959e+003, 1.942435e-002
2.078887e+003, 1.940861e-002
2.080816e+003, 1.825574e-002
2.082744e+003, 1.812121e-002
2.084673e+003, 1.847836e-002
2.086601e+003, 1.836238e-002
2.088530e+003, 1.841728e-002
2.090458e+003, 1.819844e-002
2.092386e+003, 1.744887e-002
2.094315e+003, 1.799976e-002
2.096243e+003, 1.899651e-002
2.098172e+003, 1.980449e-002
2.100100e+003, 1.989943e-002
2.102029e+003, 1.932115e-002
2.103957e+003, 1.911141e-002
2.105886e+003, 2.003192e-002
2.107814e+003, 1.996896e-002
2.109743e+003, 1.869368e-002
2.111671e+003, 1.842424e-002
2.113600e+003, 1.912621e-002
2.115528e+003, 1.952020e-002
2.117457e+003, 1.958774e-002
2.119385e+003, 1.917240e-002
2.121313e+003, 1.816321e-002
2.123242e+003, 1.798494e-002
2.125170e+003, 1.855820e-002
2.127099e+003, 1.838881e-002
2.129027e+003, 1.720651e-002
2.130956e+003, 1.566303e-002
2.132884e+003, 1.470665e-002
2.134813e+003, 1.448893e-002
2.136741e+003, 1.427321e-002
2.138670e+003, 1.493304e-002
2.140598e+003, 1.503293e-002
2.142527e+003, 1.420445e-002
2.144455e+003, 1.238764e-002
2.146384e+003, 1.310671e-002
2.148312e+003, 1.437972e-002
2.150240e+003, 1.380082e-002
2.152169e+003, 1.330934e-002
2.154097e+003, 1.161055e-002
2.156026e+003, 8.055072e-003
2.157954e+003, 8.759717e-003
2.159883e+003, 1.476901e-002
2.161811e+003, 1.579442e-002
2.163740e+003, 1.545503e-002
2.165668e+003, 1.830571e-002
2.167597e+003, 1.779876e-002
2.169525e+003, 1.463693e-002
2.171454e+003, 1.392217e-002
2.173382e+003, 1.412523e-002
2.175311e+003, 1.415423e-002
2.177239e+003, 1.496458e-002
2.179167e+003, 1.633848e-002
2.181096e+003, 1.627516e-002
2.183024e+003, 1.582386e-002
2.184953e+003, 1.650223e-002
2.186881e+003, 1.755528e-002
2.188810e+003, 1.787134e-002
2.190738e+003, 1.936860e-002
2.192667e+003, 1.854090e-002
2.194595e+003, 1.817292e-002
2.196524e+003, 1.898102e-002
2.198452e+003, 1.947784e-002
2.200381e+003, 2.003113e-002
2.202309e+003, 1.912474e-002
2.204238e+003, 1.876494e-002
2.206166e+003, 2.095521e-002
2.208094e+003, 2.126736e-002
2.210023e+003, 2.040814e-002
2.211951e+003, 1.968621e-002
2.213880e+003, 1.878059e-002
2.215808e+003, 1.925257e-002
2.217737e+003, 1.978027e-002
2.219665e+003, 1.974342e-002
2.221594e+003, 1.992377e-002
2.223522e+003, 1.957837e-002
2.225451e+003, 1.965489e-002
2.227379e+003, 2.054348e-002
2.229308e+003, 2.107440e-002
2.231236e+003, 2.186924e-002
2.233165e+003, 2.347584e-002
2.235093e+003, 2.304371e-002
2.237021e+003, 2.207723e-002
2.238950e+003, 2.195839e-002
2.240878e+003, 2.213377e-002
2.242807e+003, 2.315421e-002
2.244735e+003, 2.297539e-002
2.246664e+003, 2.185046e-002
2.248592e+003, 2.183912e-002
2.250521e+003, 2.268701e-002
2.252449e+003, 2.306538e-002
2.254378e+003, 2.283155e-002
2.256306e+003, 2.345021e-002
2.258235e+003, 2.423255e-002
2.260163e+003, 2.381499e-002
2.262092e+003, 2.403593e-002
2.264020e+003, 2.463169e-002
2.265948e+003, 2.420967e-002
2.267877e+003, 2.359529e-002
2.269805e+003, 2.282323e-002
2.271734e+003, 2.346343e-002
2.273662e+003, 2.473957e-002
2.275591e+003, 2.559609e-002
2.277519e+003, 2.544781e-002
2.279448e+003, 2.479800e-002
2.281376e+003, 2.525536e-002
2.283305e+003, 2.648037e-002
2.285233e+003, 2.651300e-002
2.287162e+003, 2.649175e-002
2.289090e+003, 2.724943e-002
2.291019e+003, 2.731586e-002
2.292947e+003, 2.749046e-002
2.294875e+003, 2.791147e-002
2.296804e+003, 2.755663e-002
2.298732e+003, 2.724893e-002
2.300661e+003, 2.723782e-002
2.302589e+003, 2.751170e-002
2.304518e+003, 2.715674e-002
2.306446e+003, 2.710204e-002
2.308375e+003, 2.733262e-002
2.310303e+003, 2.718037e-002
2.312232e+003, 2.719715e-002
2.314160e+003, 2.756424e-002
2.316089e+003, 2.794160e-002
2.318017e+003, 2.856108e-002
2.319946e+003, 2.850043e-002
2.321874e+003, 2.888154e-002
2.323802e+003, 2.943865e-002
2.325731e+003, 2.776088e-002
2.327659e+003, 2.694741e-002
2.329588e+003, 2.766992e-002
2.331516e+003, 2.805305e-002
2.333445e+003, 2.760738e-002
2.335373e+003, 2.723640e-002
2.337302e+003, 2.719838e-002
2.339230e+003, 2.699145e-002
2.341159e+003, 2.754602e-002
2.343087e+003, 2.818396e-002
2.345016e+003, 2.862643e-002
2.346944e+003, 2.833781e-002
2.348873e+003, 2.808314e-002
2.350801e+003, 2.777258e-002
2.352729e+003, 2.779880e-002
2.354658e+003, 2.822112e-002
2.356586e+003, 2.804297e-002
2.358515e+003, 2.770431e-002
2.360443e+003, 2.772549e-002
2.362372e+003, 2.749390e-002
2.364300e+003, 2.719062e-002
2.366229e+003, 2.708287e-002
2.368157e+003, 2.723274e-002
2.370086e+003, 2.734316e-002
2.372014e+003, 2.755510e-002
2.373942e+003, 2.722227e-002
2.375871e+003, 2.721312e-002
2.377799e+003, 2.768628e-002
2.379728e+003, 2.766192e-002
2.381656e+003, 2.754087e-002
2.383585e+003, 2.718886e-002
2.385513e+003, 2.724940e-002
2.387442e+003, 2.828662e-002
2.389370e+003, 2.827341e-002
2.391299e+003, 2.750992e-002
2.393227e+003, 2.784145e-002
2.395156e+003, 2.857888e-002
2.397084e+003, 2.853817e-002
2.399012e+003, 2.821113e-002
2.400941e+003, 2.820354e-002
2.402869e+003, 2.846820e-002
2.404798e+003, 2.803800e-002
2.406726e+003, 2.802109e-002
2.408655e+003, 2.797075e-002
2.410583e+003, 2.755762e-002
2.412512e+003, 2.845365e-002
2.414440e+003, 2.904169e-002
2.416369e+003, 2.811872e-002
2.418297e+003, 2.797879e-002
2.420226e+003, 2.845927e-002
2.422154e+003, 2.829553e-002
2.424083e+003, 2.806841e-002
2.426011e+003, 2.874553e-002
2.427939e+003, 2.908746e-002
2.429868e+003, 2.884460e-002
2.431796e+003, 2.861289e-002
2.433725e+003, 2.880055e-002
2.435653e+003, 2.903197e-002
2.437582e+003, 2.905147e-002
2.439510e+003, 2.903874e-002
2.441439e+003, 2.894497e-002
2.443367e+003, 2.824699e-002
2.445296e+003, 2.826836e-002
2.447224e+003, 2.905639e-002
2.449153e+003, 2.945199e-002
2.451081e+003, 2.938392e-002
2.453010e+003, 2.875202e-002
2.454938e+003, 2.831334e-002
2.456866e+003, 2.836501e-002
2.458795e+003, 2.916967e-002
2.460723e+003, 2.931011e-002
2.462652e+003, 2.972062e-002
2.464580e+003, 2.934984e-002
2.466509e+003, 2.879741e-002
2.468437e+003, 2.905680e-002
2.470366e+003, 2.917942e-002
2.472294e+003, 2.907679e-002
2.474223e+003, 2.873936e-002
2.476151e+003, 2.885024e-002
2.478080e+003, 2.908384e-002
2.480008e+003, 2.904839e-002
2.481937e+003, 2.939342e-002
2.483865e+003, 2.924467e-002
2.485793e+003, 2.903324e-002
2.487722e+003, 2.928873e-002
2.489650e+003, 2.941943e-002
2.491579e+003, 2.961605e-002
2.493507e+003, 2.925150e-002
2.495436e+003, 2.951634e-002
2.497364e+003, 3.018465e-002
2.499293e+003, 2.967575e-002
2.501221e+003, 2.954602e-002
2.503150e+003, 2.953173e-002
2.505078e+003, 2.956873e-002
2.507007e+003, 2.946091e-002
2.508935e+003, 2.959845e-002
2.510864e+003, 2.984212e-002
2.512792e+003, 2.992879e-002
2.514720e+003, 3.006704e-002
2.516649e+003, 3.027980e-002
2.518577e+003, 3.012045e-002
2.520506e+003, 2.983683e-002
2.522434e+003, 2.970997e-002
2.524363e+003, 2.978957e-002
2.526291e+003, 2.990179e-002
2.528220e+003, 3.010369e-002
2.530148e+003, 3.014569e-002
2.532077e+003, 2.968157e-002
2.534005e+003, 2.995358e-002
2.535934e+003, 3.016454e-002
2.537862e+003, 3.035922e-002
2.539791e+003, 3.076392e-002
2.541719e+003, 2.992491e-002
2.543647e+003, 2.894874e-002
2.545576e+003, 3.007233e-002
2.547504e+003, 3.145329e-002
2.549433e+003, 3.104655e-002
2.551361e+003, 3.030592e-002
2.553290e+003, 3.063762e-002
2.555218e+003, 3.050114e-002
2.557147e+003, 3.088120e-002
2.559075e+003, 3.163394e-002
2.561004e+003, 3.172239e-002
2.562932e+003, 3.139962e-002
2.564861e+003, 3.096484e-002
2.566789e+003, 3.118717e-002
2.568718e+003, 3.185814e-002
2.570646e+003, 3.192474e-002
2.572574e+003, 3.198316e-002
2.574503e+003, 3.187293e-002
2.576431e+003, 3.173959e-002
2.578360e+003, 3.188587e-002
2.580288e+003, 3.211408e-002
2.582217e+003, 3.258800e-002
2.584145e+003, 3.241156e-002
2.586074e+003, 3.154918e-002
2.588002e+003, 3.139959e-002
2.589931e+003, 3.206341e-002
2.591859e+003, 3.238854e-002
2.593788e+003, 3.191221e-002
2.595716e+003, 3.143916e-002
2.597645e+003, 3.177727e-002
2.599573e+003, 3.261482e-002
2.601501e+003, 3.282154e-002
2.603430e+003, 3.284134e-002
2.605358e+003, 3.326894e-002
2.607287e+003, 3.282961e-002
2.609215e+003, 3.215548e-002
2.611144e+003, 3.247506e-002
2.613072e+003, 3.267779e-002
2.615001e+003, 3.301933e-002
2.616929e+003, 3.267721e-002
2.618858e+003, 3.240243e-002
2.620786e+003, 3.264556e-002
2.622715e+003, 3.278970e-002
2.624643e+003, 3.311029e-002
2.626572e+003, 3.295571e-002
2.628500e+003, 3.273826e-002
2.630428e+003, 3.303147e-002
2.632357e+003, 3.332192e-002
2.634285e+003, 3.336026e-002
2.636214e+003, 3.313101e-002
2.638142e+003, 3.311970e-002
2.640071e+003, 3.331105e-002
2.641999e+003, 3.343001e-002
2.643928e+003, 3.402846e-002
2.645856e+003, 3.450381e-002
2.647785e+003, 3.400608e-002
2.649713e+003, 3.367153e-002
2.651642e+003, 3.345542e-002
2.653570e+003, 3.351432e-002
2.655499e+003, 3.321271e-002
2.657427e+003, 3.296617e-002
2.659355e+003, 3.331818e-002
2.661284e+003, 3.345416e-002
2.663212e+003, 3.349050e-002
2.665141e+003, 3.314011e-002
2.667069e+003, 3.290604e-002
2.668998e+003, 3.294021e-002
2.670926e+003, 3.243185e-002
2.672855e+003, 3.256711e-002
2.674783e+003, 3.336654e-002
2.676712e+003, 3.352150e-002
2.678640e+003, 3.355825e-002
2.680569e+003, 3.348396e-002
2.682497e+003, 3.327792e-002
2.684426e+003, 3.389617e-002
2.686354e+003, 3.413909e-002
2.688282e+003, 3.342513e-002
2.690211e+003, 3.320193e-002
2.692139e+003, 3.329915e-002
2.694068e+003, 3.302042e-002
2.695996e+003, 3.277753e-002
2.697925e+003, 3.291359e-002
2.699853e+003, 3.330704e-002
2.701782e+003, 3.337771e-002
2.703710e+003, 3.368260e-002
2.705639e+003, 3.419670e-002
2.707567e+003, 3.402197e-002
2.709496e+003, 3.363273e-002
2.711424e+003, 3.370797e-002
2.713353e+003, 3.351771e-002
2.715281e+003, 3.364502e-002
2.717209e+003, 3.382159e-002
2.719138e+003, 3.384931e-002
2.721066e+003, 3.378591e-002
2.722995e+003, 3.356850e-002
2.724923e+003, 3.395292e-002
2.726852e+003, 3.426392e-002
2.728780e+003, 3.430277e-002
2.730709e+003, 3.425632e-002
2.732637e+003, 3.393695e-002
2.734566e+003, 3.431134e-002
2.736494e+003, 3.475148e-002
2.738423e+003, 3.439018e-002
2.740351e+003, 3.384207e-002
2.742280e+003, 3.371436e-002
2.744208e+003, 3.448024e-002
2.746136e+003, 3.503884e-002
2.748065e+003, 3.518056e-002
2.749993e+003, 3.498258e-002
2.751922e+003, 3.484169e-002
2.753850e+003, 3.488180e-002
2.755779e+003, 3.511251e-002
2.757707e+003, 3.508269e-002
2.759636e+003, 3.511692e-002
2.761564e+003, 3.544707e-002
2.763493e+003, 3.493795e-002
2.765421e+003, 3.465398e-002
2.767350e+003, 3.525956e-002
2.769278e+003, 3.517217e-002
2.771207e+003, 3.516764e-002
2.773135e+003, 3.530376e-002
2.775063e+003, 3.500955e-002
2.776992e+003, 3.458885e-002
2.778920e+003, 3.476174e-002
2.780849e+003, 3.486410e-002
2.782777e+003, 3.501745e-002
2.784706e+003, 3.504875e-002
2.786634e+003, 3.454230e-002
2.788563e+003, 3.437674e-002
2.790491e+003, 3.458184e-002
2.792420e+003, 3.477559e-002
2.794348e+003, 3.511198e-002
2.796277e+003, 3.567442e-002
2.798205e+003, 3.574112e-002
2.800134e+003, 3.552949e-002
2.802062e+003, 3.557346e-002
2.803990e+003, 3.580603e-002
2.805919e+003, 3.507230e-002
2.807847e+003, 3.458443e-002
2.809776e+003, 3.527354e-002
2.811704e+003, 3.563996e-002
2.813633e+003, 3.577364e-002
2.815561e+003, 3.617613e-002
2.817490e+003, 3.609264e-002
2.819418e+003, 3.551422e-002
2.821347e+003, 3.569288e-002
2.823275e+003, 3.612524e-002
2.825204e+003, 3.573272e-002
2.827132e+003, 3.543108e-002
2.829061e+003, 3.562700e-002
2.830989e+003, 3.539311e-002
2.832917e+003, 3.536650e-002
2.834846e+003, 3.607992e-002
2.836774e+003, 3.594100e-002
2.838703e+003, 3.548413e-002
2.840631e+003, 3.611993e-002
2.842560e+003, 3.647250e-002
2.844488e+003, 3.593909e-002
2.846417e+003, 3.600520e-002
2.848345e+003, 3.593923e-002
2.850274e+003, 3.537287e-002
2.852202e+003, 3.510870e-002
2.854131e+003, 3.559114e-002
2.856059e+003, 3.648352e-002
2.857988e+003, 3.672459e-002
2.859916e+003, 3.627977e-002
2.861844e+003, 3.591776e-002
2.863773e+003, 3.603974e-002
2.865701e+003, 3.576270e-002
2.867630e+003, 3.594587e-002
2.869558e+003, 3.623989e-002
2.871487e+003, 3.576792e-002
2.873415e+003, 3.577128e-002
2.875344e+003, 3.637249e-002
2.877272e+003, 3.664721e-002
2.879201e+003, 3.663169e-002
2.881129e+003, 3.680752e-002
2.883058e+003, 3.720773e-002
2.884986e+003, 3.687669e-002
2.886915e+003, 3.682902e-002
2.888843e+003, 3.717512e-002
2.890771e+003, 3.678463e-002
2.892700e+003, 3.618911e-002
2.894628e+003, 3.601573e-002
2.896557e+003, 3.604407e-002
2.898485e+003, 3.616215e-002
2.900414e+003, 3.641688e-002
2.902342e+003, 3.658691e-002
2.904271e+003, 3.658864e-002
2.906199e+003, 3.697897e-002
2.908128e+003, 3.687512e-002
2.910056e+003, 3.654678e-002
2.911985e+003, 3.690923e-002
2.913913e+003, 3.709333e-002
2.915842e+003, 3.652706e-002
2.917770e+003, 3.549818e-002
2.919698e+003, 3.504626e-002
2.921627e+003, 3.556004e-002
2.923555e+003, 3.565624e-002
2.925484e+003, 3.570328e-002
2.927412e+003, 3.607992e-002
2.929341e+003, 3.646942e-002
2.931269e+003, 3.620920e-002
2.933198e+003, 3.702802e-002
2.935126e+003, 3.748917e-002
2.937055e+003, 3.683468e-002
2.938983e+003, 3.653074e-002
2.940912e+003, 3.663163e-002
2.942840e+003, 3.659303e-002
2.944769e+003, 3.683330e-002
2.946697e+003, 3.693481e-002
2.948625e+003, 3.744629e-002
2.950554e+003, 3.796726e-002
2.952482e+003, 3.801112e-002
2.954411e+003, 3.801648e-002
2.956339e+003, 3.732712e-002
2.958268e+003, 3.691550e-002
2.960196e+003, 3.689364e-002
2.962125e+003, 3.719779e-002
2.964053e+003, 3.776813e-002
2.965982e+003, 3.857370e-002
2.967910e+003, 3.941546e-002
2.969839e+003, 3.962339e-002
2.971767e+003, 3.869745e-002
2.973696e+003, 3.809354e-002
2.975624e+003, 3.733078e-002
2.977552e+003, 3.707900e-002
2.979481e+003, 3.773996e-002
2.981409e+003, 3.838039e-002
2.983338e+003, 3.858333e-002
2.985266e+003, 3.833937e-002
2.987195e+003, 3.792318e-002
2.989123e+003, 3.763177e-002
2.991052e+003, 3.803919e-002
2.992980e+003, 3.886793e-002
2.994909e+003, 3.909758e-002
2.996837e+003, 3.863690e-002
2.998766e+003, 3.901647e-002
3.000694e+003, 3.892959e-002
3.002623e+003, 3.880886e-002
3.004551e+003, 3.916797e-002
3.006479e+003, 3.922482e-002
3.008408e+003, 3.845353e-002
3.010336e+003, 3.789360e-002
3.012265e+003, 3.816181e-002
3.014193e+003, 3.840982e-002
3.016122e+003, 3.843367e-002
3.018050e+003, 3.908780e-002
3.019979e+003, 3.954862e-002
3.021907e+003, 3.920935e-002
3.023836e+003, 3.934297e-002
3.025764e+003, 3.925185e-002
3.027693e+003, 3.919056e-002
3.029621e+003, 3.881494e-002
3.031550e+003, 3.912976e-002
3.033478e+003, 3.954517e-002
3.035406e+003, 3.887456e-002
3.037335e+003, 3.904386e-002
3.039263e+003, 3.940623e-002
3.041192e+003, 3.932451e-002
3.043120e+003, 3.882964e-002
3.045049e+003, 3.870868e-002
3.046977e+003, 3.896858e-002
3.048906e+003, 3.907731e-002
3.050834e+003, 3.989218e-002
3.052763e+003, 4.013914e-002
3.054691e+003, 3.914604e-002
3.056620e+003, 3.893201e-002
3.058548e+003, 3.968374e-002
3.060477e+003, 4.086388e-002
3.062405e+003, 4.081618e-002
3.064333e+003, 3.947324e-002
3.066262e+003, 3.923427e-002
3.068190e+003, 3.912933e-002
3.070119e+003, 3.846291e-002
3.072047e+003, 3.906521e-002
3.073976e+003, 3.982987e-002
3.075904e+003, 4.047589e-002
3.077833e+003, 4.002380e-002
3.079761e+003, 4.067591e-002
3.081690e+003, 4.154469e-002
3.083618e+003, 4.078710e-002
3.085547e+003, 4.068656e-002
3.087475e+003, 4.062024e-002
3.089404e+003, 4.048314e-002
3.091332e+003, 4.008452e-002
3.093260e+003, 3.929983e-002
3.095189e+003, 3.880139e-002
3.097117e+003, 3.973267e-002
3.099046e+003, 4.097084e-002
3.100974e+003, 4.062067e-002
3.102903e+003, 4.013245e-002
3.104831e+003, 4.010895e-002
3.106760e+003, 4.062390e-002
3.108688e+003, 4.049033e-002
3.110617e+003, 4.015513e-002
3.112545e+003, 4.111210e-002
3.114474e+003, 4.207726e-002
3.116402e+003, 4.156431e-002
3.118331e+003, 4.034008e-002
3.120259e+003, 4.047549e-002
3.122188e+003, 4.139667e-002
3.124116e+003, 4.127508e-002
3.126044e+003, 4.127781e-002
3.127973e+003, 4.142306e-002
3.129901e+003, 4.146848e-002
3.131830e+003, 4.110263e-002
3.133758e+003, 4.130025e-002
3.135687e+003, 4.211180e-002
3.137615e+003, 4.257685e-002
3.139544e+003, 4.156535e-002
3.141472e+003, 4.105185e-002
3.143401e+003, 4.163413e-002
3.145329e+003, 4.222807e-002
3.147258e+003, 4.194703e-002
3.149186e+003, 4.196392e-002
3.151115e+003, 4.244046e-002
3.153043e+003, 4.274924e-002
3.154971e+003, 4.350477e-002
3.156900e+003, 4.203241e-002
3.158828e+003, 4.041345e-002
3.160757e+003, 4.125368e-002
3.162685e+003, 4.191992e-002
3.164614e+003, 4.125302e-002
3.166542e+003, 4.114010e-002
3.168471e+003, 4.148171e-002
3.170399e+003, 4.057869e-002
3.172328e+003, 4.147977e-002
3.174256e+003, 4.260169e-002
3.176185e+003, 4.222906e-002
3.178113e+003, 4.230270e-002
3.180042e+003, 4.302290e-002
3.181970e+003, 4.192241e-002
3.183898e+003, 4.133593e-002
3.185827e+003, 4.185789e-002
3.187755e+003, 4.138600e-002
3.189684e+003, 4.137532e-002
3.191612e+003, 4.271477e-002
3.193541e+003, 4.303602e-002
3.195469e+003, 4.232337e-002
3.197398e+003, 4.224002e-002
3.199326e+003, 4.232789e-002
3.201255e+003, 4.309730e-002
3.203183e+003, 4.279455e-002
3.205112e+003, 4.249159e-002
3.207040e+003, 4.305057e-002
3.208969e+003, 4.270256e-002
3.210897e+003, 4.258748e-002
3.212825e+003, 4.220758e-002
3.214754e+003, 4.151737e-002
3.216682e+003, 4.196573e-002
3.218611e+003, 4.254929e-002
3.220539e+003, 4.211040e-002
3.222468e+003, 4.104624e-002
3.224396e+003, 4.063234e-002
3.226325e+003, 4.268333e-002
3.228253e+003, 4.398806e-002
3.230182e+003, 4.302161e-002
3.232110e+003, 4.238245e-002
3.234039e+003, 4.225876e-002
3.235967e+003, 4.243933e-002
3.237896e+003, 4.335259e-002
3.239824e+003, 4.364668e-002
3.241752e+003, 4.256303e-002
3.243681e+003, 4.212594e-002
3.245609e+003, 4.241018e-002
3.247538e+003, 4.299183e-002
3.249466e+003, 4.365121e-002
3.251395e+003, 4.344879e-002
3.253323e+003, 4.270440e-002
3.255252e+003, 4.297153e-002
3.257180e+003, 4.346800e-002
3.259109e+003, 4.335600e-002
3.261037e+003, 4.308343e-002
3.262966e+003, 4.317445e-002
3.264894e+003, 4.441824e-002
3.266823e+003, 4.380622e-002
3.268751e+003, 4.298953e-002
3.270679e+003, 4.347864e-002
3.272608e+003, 4.360882e-002
3.274536e+003, 4.300187e-002
3.276465e+003, 4.238349e-002
3.278393e+003, 4.300818e-002
3.280322e+003, 4.420585e-002
3.282250e+003, 4.374897e-002
3.284179e+003, 4.319265e-002
3.286107e+003, 4.321275e-002
3.288036e+003, 4.356829e-002
3.289964e+003, 4.253443e-002
3.291893e+003, 4.339564e-002
3.293821e+003, 4.468748e-002
3.295750e+003, 4.438211e-002
3.297678e+003, 4.284389e-002
3.299606e+003, 4.121530e-002
3.301535e+003, 4.255387e-002
3.303463e+003, 4.428989e-002
3.305392e+003, 4.410916e-002
3.307320e+003, 4.352548e-002
3.309249e+003, 4.317127e-002
3.311177e+003, 4.315120e-002
3.313106e+003, 4.246182e-002
3.315034e+003, 4.399127e-002
3.316963e+003, 4.472843e-002
3.318891e+003, 4.381390e-002
3.320820e+003, 4.363792e-002
3.322748e+003, 4.438415e-002
3.324677e+003, 4.539233e-002
3.326605e+003, 4.551159e-002
3.328533e+003, 4.408286e-002
3.330462e+003, 4.360154e-002
3.332390e+003, 4.430972e-002
3.334319e+003, 4.400334e-002
3.336247e+003, 4.358159e-002
3.338176e+003, 4.384503e-002
3.340104e+003, 4.381127e-002
3.342033e+003, 4.286587e-002
3.343961e+003, 4.299971e-002
3.345890e+003, 4.409308e-002
3.347818e+003, 4.515871e-002
3.349747e+003, 4.553385e-002
3.351675e+003, 4.515373e-002
3.353604e+003, 4.437931e-002
3.355532e+003, 4.442262e-002
3.357460e+003, 4.441933e-002
3.359389e+003, 4.432173e-002
3.361317e+003, 4.495848e-002
3.363246e+003, 4.609571e-002
3.365174e+003, 4.682856e-002
3.367103e+003, 4.687734e-002
3.369031e+003, 4.562361e-002
3.370960e+003, 4.401131e-002
3.372888e+003, 4.440654e-002
3.374817e+003, 4.534507e-002
3.376745e+003, 4.580795e-002
3.378674e+003, 4.578082e-002
3.380602e+003, 4.456314e-002
3.382531e+003, 4.403665e-002
3.384459e+003, 4.473430e-002
3.386387e+003, 4.499792e-002
3.388316e+003, 4.501311e-002
3.390244e+003, 4.407772e-002
3.392173e+003, 4.328529e-002
3.394101e+003, 4.390582e-002
3.396030e+003, 4.382013e-002
3.397958e+003, 4.336840e-002
3.399887e+003, 4.441568e-002
3.401815e+003, 4.550315e-002
3.403744e+003, 4.546800e-002
3.405672e+003, 4.459877e-002
3.407601e+003, 4.462807e-002
3.409529e+003, 4.544923e-002
3.411458e+003, 4.536241e-002
3.413386e+003, 4.393699e-002
3.415314e+003, 4.350443e-002
3.417243e+003, 4.462947e-002
3.419171e+003, 4.590279e-002
3.421100e+003, 4.610103e-002
3.423028e+003, 4.570584e-002
3.424957e+003, 4.435265e-002
3.426885e+003, 4.409199e-002
3.428814e+003, 4.564578e-002
3.430742e+003, 4.595492e-002
3.432671e+003, 4.463529e-002
3.434599e+003, 4.380693e-002
3.436528e+003, 4.375415e-002
3.438456e+003, 4.333613e-002
3.440385e+003, 4.395770e-002
3.442313e+003, 4.429371e-002
3.444241e+003, 4.392521e-002
3.446170e+003, 4.452701e-002
3.448098e+003, 4.496742e-002
3.450027e+003, 4.389457e-002
3.451955e+003, 4.291435e-002
3.453884e+003, 4.348000e-002
3.455812e+003, 4.481190e-002
3.457741e+003, 4.556312e-002
3.459669e+003, 4.578532e-002
3.461598e+003, 4.572806e-002
3.463526e+003, 4.492708e-002
3.465455e+003, 4.532327e-002
3.467383e+003, 4.545197e-002
3.469312e+003, 4.346519e-002
3.471240e+003, 4.311667e-002
3.473168e+003, 4.455968e-002
3.475097e+003, 4.559146e-002
3.477025e+003, 4.586944e-002
3.478954e+003, 4.548325e-002
3.480882e+003, 4.541916e-002
3.482811e+003, 4.472551e-002
3.484739e+003, 4.453197e-002
3.486668e+003, 4.516050e-002
3.488596e+003, 4.417432e-002
3.490525e+003, 4.398719e-002
3.492453e+003, 4.444161e-002
3.494382e+003, 4.427491e-002
3.496310e+003, 4.352432e-002
3.498239e+003, 4.423212e-002
3.500167e+003, 4.497956e-002
3.502095e+003, 4.532912e-002
3.504024e+003, 4.460270e-002
3.505952e+003, 4.488988e-002
3.507881e+003, 4.615650e-002
3.509809e+003, 4.563382e-002
3.511738e+003, 4.630903e-002
3.513666e+003, 4.645368e-002
3.515595e+003, 4.628642e-002
3.517523e+003, 4.581636e-002
3.519452e+003, 4.546846e-002
3.521380e+003, 4.585975e-002
3.523309e+003, 4.532400e-002
3.525237e+003, 4.436064e-002
3.527166e+003, 4.481972e-002
3.529094e+003, 4.582726e-002
3.531022e+003, 4.596612e-002
3.532951e+003, 4.572540e-002
3.534879e+003, 4.589329e-002
3.536808e+003, 4.505070e-002
3.538736e+003, 4.387996e-002
3.540665e+003, 4.469544e-002
3.542593e+003, 4.596156e-002
3.544522e+003, 4.554765e-002
3.546450e+003, 4.544760e-002
3.548379e+003, 4.525948e-002
3.550307e+003, 4.366554e-002
3.552236e+003, 4.429290e-002
3.554164e+003, 4.600700e-002
3.556093e+003, 4.524360e-002
3.558021e+003, 4.364732e-002
3.559949e+003, 4.529293e-002
3.561878e+003, 4.562318e-002
3.563806e+003, 4.536241e-002
3.565735e+003, 4.459590e-002
3.567663e+003, 4.466179e-002
3.569592e+003, 4.494167e-002
3.571520e+003, 4.462549e-002
3.573449e+003, 4.426447e-002
3.575377e+003, 4.418642e-002
3.577306e+003, 4.398558e-002
3.579234e+003, 4.449723e-002
3.581163e+003, 4.455558e-002
3.583091e+003, 4.489067e-002
3.585020e+003, 4.450883e-002
3.586948e+003, 4.349333e-002
3.588876e+003, 4.295367e-002
3.590805e+003, 4.500358e-002
3.592733e+003, 4.613511e-002
3.594662e+003, 4.624829e-002
3.596590e+003, 4.586363e-002
3.598519e+003, 4.503231e-002
3.600447e+003, 4.495994e-002
3.602376e+003, 4.487798e-002
3.604304e+003, 4.413232e-002
3.606233e+003, 4.345105e-002
3.608161e+003, 4.223142e-002
3.610090e+003, 4.384351e-002
3.612018e+003, 4.359328e-002
3.613947e+003, 4.270140e-002
3.615875e+003, 4.384527e-002
3.617803e+003, 4.479570e-002
3.619732e+003, 4.593728e-002
3.621660e+003, 4.673343e-002
3.623589e+003, 4.532883e-002
3.625517e+003, 4.472910e-002
3.627446e+003, 4.608050e-002
3.629374e+003, 4.525139e-002
3.631303e+003, 4.346419e-002
3.633231e+003, 4.339645e-002
3.635160e+003, 4.337661e-002
3.637088e+003, 4.499033e-002
3.639017e+003, 4.611646e-002
3.640945e+003, 4.446075e-002
3.642874e+003, 4.280719e-002
3.644802e+003, 4.186334e-002
3.646730e+003, 4.279128e-002
3.648659e+003, 4.492684e-002
3.650587e+003, 4.615166e-002
3.652516e+003, 4.591459e-002
3.654444e+003, 4.582860e-002
3.656373e+003, 4.645893e-002
3.658301e+003, 4.542555e-002
3.660230e+003, 4.465001e-002
3.662158e+003, 4.464870e-002
3.664087e+003, 4.581867e-002
3.666015e+003, 4.585066e-002
3.667944e+003, 4.635205e-002
3.669872e+003, 4.626457e-002
3.671801e+003, 4.635995e-002
3.673729e+003, 4.686568e-002
3.675657e+003, 4.524990e-002
3.677586e+003, 4.423901e-002
3.679514e+003, 4.397877e-002
3.681443e+003, 4.291642e-002
3.683371e+003, 4.527109e-002
3.685300e+003, 4.588610e-002
3.687228e+003, 4.610405e-002
3.689157e+003, 4.559711e-002
3.691085e+003, 4.596847e-002
3.693014e+003, 4.788280e-002
3.694942e+003, 4.791697e-002
3.696871e+003, 4.747219e-002
3.698799e+003, 4.753647e-002
3.700728e+003, 4.723093e-002
3.702656e+003, 4.546272e-002
3.704584e+003, 4.354408e-002
3.706513e+003, 4.361836e-002
3.708441e+003, 4.340940e-002
3.710370e+003, 4.550489e-002
3.712298e+003, 4.798593e-002
3.714227e+003, 4.740364e-002
3.716155e+003, 4.683059e-002
3.718084e+003, 4.638518e-002
3.720012e+003, 4.481295e-002
3.721941e+003, 4.563836e-002
3.723869e+003, 4.761845e-002
3.725798e+003, 4.717817e-002
3.727726e+003, 4.778816e-002
3.729655e+003, 4.734790e-002
3.731583e+003, 4.726727e-002
3.733511e+003, 4.724034e-002
3.735440e+003, 4.612003e-002
3.737368e+003, 4.573318e-002
3.739297e+003, 4.598219e-002
3.741225e+003, 4.614806e-002
3.743154e+003, 4.588795e-002
3.745082e+003, 4.723821e-002
3.747011e+003, 4.700737e-002
3.748939e+003, 4.666727e-002
3.750868e+003, 4.628390e-002
3.752796e+003, 4.607172e-002
3.754725e+003, 4.711293e-002
3.756653e+003, 4.816837e-002
3.758582e+003, 4.877689e-002
3.760510e+003, 4.733460e-002
3.762438e+003, 4.591042e-002
3.764367e+003, 4.595411e-002
3.766295e+003, 4.734196e-002
3.768224e+003, 4.753936e-002
3.770152e+003, 4.805198e-002
3.772081e+003, 4.890718e-002
3.774009e+003, 4.901387e-002
3.775938e+003, 4.907137e-002
3.777866e+003, 4.712204e-002
3.779795e+003, 4.621858e-002
3.781723e+003, 4.583673e-002
3.783652e+003, 4.711342e-002
3.785580e+003, 4.924209e-002
3.787509e+003, 5.028705e-002
3.789437e+003, 4.890838e-002
3.791365e+003, 4.781862e-002
3.793294e+003, 4.694919e-002
3.795222e+003, 4.566373e-002
3.797151e+003, 4.643296e-002
3.799079e+003, 4.666904e-002
3.801008e+003, 4.737650e-002
3.802936e+003, 4.959352e-002
3.804865e+003, 4.954341e-002
3.806793e+003, 4.813106e-002
3.808722e+003, 4.828360e-002
3.810650e+003, 4.723508e-002
3.812579e+003, 4.714786e-002
3.814507e+003, 4.592500e-002
3.816436e+003, 4.628490e-002
3.818364e+003, 4.758605e-002
3.820292e+003, 4.733198e-002
3.822221e+003, 4.741297e-002
3.824149e+003, 4.710029e-002
3.826078e+003, 4.692064e-002
3.828006e+003, 4.705068e-002
3.829935e+003, 4.687650e-002
3.831863e+003, 4.594536e-002
3.833792e+003, 4.580433e-002
3.835720e+003, 4.760065e-002
3.837649e+003, 4.888929e-002
3.839577e+003, 4.737142e-002
3.841506e+003, 4.656310e-002
3.843434e+003, 4.675061e-002
3.845363e+003, 4.515710e-002
3.847291e+003, 4.524058e-002
3.849219e+003, 4.724258e-002
3.851148e+003, 4.865514e-002
3.853076e+003, 4.915955e-002
3.855005e+003, 4.931826e-002
3.856933e+003, 4.904513e-002
3.858862e+003, 4.873219e-002
3.860790e+003, 4.920717e-002
3.862719e+003, 5.069576e-002
3.864647e+003, 4.953787e-002
3.866576e+003, 4.899614e-002
3.868504e+003, 4.875146e-002
3.870433e+003, 4.793601e-002
3.872361e+003, 4.815007e-002
3.874290e+003, 4.764050e-002
3.876218e+003, 4.757496e-002
3.878146e+003, 4.696738e-002
3.880075e+003, 4.727618e-002
3.882003e+003, 4.857388e-002
3.883932e+003, 4.912462e-002
3.885860e+003, 4.783044e-002
3.887789e+003, 4.756700e-002
3.889717e+003, 5.020437e-002
3.891646e+003, 4.911676e-002
3.893574e+003, 4.857643e-002
3.895503e+003, 4.989754e-002
3.897431e+003, 4.858100e-002
3.899360e+003, 4.814784e-002
3.901288e+003, 4.906554e-002
3.903217e+003, 4.966351e-002
3.905145e+003, 4.865452e-002
3.907073e+003, 4.687178e-002
3.909002e+003, 4.856000e-002
3.910930e+003, 4.995154e-002
3.912859e+003, 4.778118e-002
3.914787e+003, 4.600278e-002
3.916716e+003, 4.700680e-002
3.918644e+003, 4.712877e-002
3.920573e+003, 4.757084e-002
3.922501e+003, 4.759297e-002
3.924430e+003, 4.751683e-002
3.926358e+003, 4.842034e-002
3.928287e+003, 4.987302e-002
3.930215e+003, 5.088880e-002
3.932144e+003, 5.136232e-002
3.934072e+003, 5.106133e-002
3.936000e+003, 4.902598e-002
3.937929e+003, 4.721279e-002
3.939857e+003, 4.812631e-002
3.941786e+003, 4.854265e-002
3.943714e+003, 4.722640e-002
3.945643e+003, 4.796328e-002
3.947571e+003, 4.990305e-002
3.949500e+003, 5.071898e-002
3.951428e+003, 4.924891e-002
3.953357e+003, 4.815539e-002
3.955285e+003, 5.074436e-002
3.957214e+003, 5.147147e-002
3.959142e+003, 4.951812e-002
3.961071e+003, 4.680842e-002
3.962999e+003, 4.635989e-002
3.964927e+003, 4.765622e-002
3.966856e+003, 4.994861e-002
3.968784e+003, 5.072990e-002
3.970713e+003, 4.925993e-002
3.972641e+003, 4.861780e-002
3.974570e+003, 5.020585e-002
3.976498e+003, 5.155717e-002
3.978427e+003, 5.087509e-002
3.980355e+003, 5.073664e-002
3.982284e+003, 5.076852e-002
3.984212e+003, 5.006419e-002
3.986141e+003, 4.940885e-002
3.988069e+003, 4.863427e-002
3.989998e+003, 4.868937e-002
3.991926e+003, 4.906615e-002
3.993854e+003, 5.025902e-002
3.995783e+003, 5.219081e-002
3.997711e+003, 5.361149e-002
3.999640e+003, 5.363663e-002
##END=



