##NAMES=Powellite
##RRUFFID=R050355
##IDEAL CHEMISTRY=CaMo^6+^O_4_
##LOCALITY=Nasik, India
##OWNER=RRUFF
##SOURCE=George Rossman
##DESCRIPTION=Light brown fragment
##STATUS=The identification of this mineral has been confirmed by X-ray diffraction and chemical analysis
##URL=rruff.info/R050355
##MEASURED CHEMISTRY=Ca_1.00_Mo_1.00_O_4_
399.1926, 3.5119530E-02
401.1211, 3.6272701E-02
403.0496, 3.6447089E-02
404.9780, 4.1454289E-02
406.9065, 4.4419501E-02
408.8350, 4.8983991E-02
410.7634, 5.9046712E-02
412.6919, 6.6248544E-02
414.6204, 7.2696917E-02
416.5488, 8.2185268E-02
418.4773, 9.2435718E-02
420.4058, 0.1074388
422.3342, 0.1275854
424.2627, 0.1466835
426.1912, 0.1622115
428.1196, 0.1693102
430.0481, 0.1655110
431.9766, 0.1537137
433.9050, 0.1366701
435.8335, 0.1179421
437.7620, 0.1027795
439.6904, 8.9670263E-02
441.6189, 7.6940447E-02
443.5474, 6.6841677E-02
445.4758, 6.1750311E-02
447.4043, 5.8516171E-02
449.3328, 5.5156410E-02
451.2612, 5.1654048E-02
453.1897, 4.9405091E-02
455.1182, 4.7445200E-02
457.0466, 4.5072421E-02
458.9751, 4.5048110E-02
460.9036, 4.6045929E-02
462.8320, 4.6341050E-02
464.7605, 4.5802739E-02
466.6890, 4.4956941E-02
468.6174, 4.4160921E-02
470.5459, 4.4657461E-02
472.4744, 4.5249701E-02
474.4028, 4.6174910E-02
476.3313, 4.7638159E-02
478.2598, 4.8376732E-02
480.1882, 4.8919041E-02
482.1167, 5.1111951E-02
484.0452, 5.3124931E-02
485.9736, 5.4692131E-02
487.9021, 5.6545030E-02
489.8306, 5.8620479E-02
491.7590, 5.9818350E-02
493.6875, 6.1274592E-02
495.6160, 6.3828103E-02
497.5444, 6.6277757E-02
499.4729, 6.8731159E-02
501.4014, 7.1905978E-02
503.3298, 7.3204719E-02
505.2583, 7.4796014E-02
507.1868, 7.7589244E-02
509.1152, 8.0573983E-02
511.0437, 8.3295628E-02
512.9722, 8.5596420E-02
514.9006, 8.8075534E-02
516.8291, 9.0752311E-02
518.7576, 9.3328491E-02
520.6860, 9.6374556E-02
522.6145, 9.9710964E-02
524.5430, 0.1029873
526.4714, 0.1059710
528.3999, 0.1089567
530.3284, 0.1117490
532.2568, 0.1148692
534.1853, 0.1184074
536.1138, 0.1216686
538.0422, 0.1249385
539.9707, 0.1281595
541.8992, 0.1317652
543.8276, 0.1354644
545.7561, 0.1398666
547.6846, 0.1439444
549.6130, 0.1463225
551.5415, 0.1491186
553.4700, 0.1530010
555.3984, 0.1562508
557.3269, 0.1600943
559.2554, 0.1645363
561.1838, 0.1677111
563.1123, 0.1704109
565.0408, 0.1745680
566.9692, 0.1784160
568.8977, 0.1817634
570.8262, 0.1846912
572.7546, 0.1877108
574.6831, 0.1915061
576.6116, 0.1955165
578.5400, 0.1990859
580.4685, 0.2032878
582.3970, 0.2066485
584.3254, 0.2098925
586.2539, 0.2135657
588.1824, 0.2173530
590.1108, 0.2217159
592.0393, 0.2247849
593.9678, 0.2270682
595.8962, 0.2306278
597.8247, 0.2343495
599.7532, 0.2380250
601.6816, 0.2411137
603.6101, 0.2445342
605.5386, 0.2481413
607.4670, 0.2514419
609.3955, 0.2552134
611.3240, 0.2591490
613.2524, 0.2625369
615.1809, 0.2665499
617.1094, 0.2704449
619.0378, 0.2739975
620.9663, 0.2772566
622.8948, 0.2809882
624.8232, 0.2850303
626.7517, 0.2878248
628.6802, 0.2904508
630.6086, 0.2945231
632.5371, 0.2995090
634.4656, 0.3043161
636.3940, 0.3076173
638.3225, 0.3099717
640.2510, 0.3139923
642.1794, 0.3181743
644.1079, 0.3218365
646.0364, 0.3258426
647.9648, 0.3297603
649.8933, 0.3328467
651.8218, 0.3369510
653.7502, 0.3410411
655.6787, 0.3451024
657.6072, 0.3497003
659.5356, 0.3532503
661.4641, 0.3564252
663.3926, 0.3605497
665.3210, 0.3662660
667.2495, 0.3708690
669.1780, 0.3741149
671.1064, 0.3774123
673.0349, 0.3822185
674.9634, 0.3880756
676.8918, 0.3932354
678.8203, 0.3980284
680.7488, 0.4019523
682.6772, 0.4061206
684.6057, 0.4117061
686.5342, 0.4176692
688.4626, 0.4222066
690.3911, 0.4260090
692.3196, 0.4310814
694.2480, 0.4361630
696.1765, 0.4408537
698.1050, 0.4466473
700.0334, 0.4518040
701.9619, 0.4556547
703.8904, 0.4602602
705.8188, 0.4662271
707.7473, 0.4717817
709.6758, 0.4767995
711.6042, 0.4805301
713.5327, 0.4835132
715.4612, 0.4887832
717.3896, 0.4947999
719.3181, 0.4997437
721.2466, 0.5047328
723.1750, 0.5098553
725.1035, 0.5137575
727.0320, 0.5182395
728.9604, 0.5232983
730.8889, 0.5286428
732.8174, 0.5340857
734.7458, 0.5377701
736.6743, 0.5423040
738.6028, 0.5482363
740.5313, 0.5543772
742.4597, 0.5598307
744.3882, 0.5633078
746.3167, 0.5673589
748.2451, 0.5720447
750.1736, 0.5760559
752.1021, 0.5800918
754.0305, 0.5845361
755.9590, 0.5867436
757.8875, 0.5887026
759.8159, 0.5902365
761.7444, 0.5919403
763.6729, 0.5941588
765.6013, 0.5931785
767.5298, 0.5922396
769.4583, 0.5914344
771.3867, 0.5891789
773.3152, 0.5841169
775.2437, 0.5759227
777.1721, 0.5657774
779.1006, 0.5536461
781.0291, 0.5417745
782.9575, 0.5308411
784.8860, 0.5182468
786.8145, 0.5041683
788.7429, 0.4882214
790.6714, 0.4702109
792.5999, 0.4502285
794.5283, 0.4281744
796.4568, 0.4079967
798.3853, 0.3908980
800.3137, 0.3755750
802.2422, 0.3625548
804.1707, 0.3512516
806.0991, 0.3403491
808.0276, 0.3293914
809.9561, 0.3188132
811.8845, 0.3088353
813.8130, 0.2989183
815.7415, 0.2894152
817.6699, 0.2803067
819.5984, 0.2705326
821.5269, 0.2610455
823.4553, 0.2525133
825.3838, 0.2444896
827.3123, 0.2366578
829.2407, 0.2293620
831.1692, 0.2222957
833.0977, 0.2147136
835.0261, 0.2073824
836.9546, 0.2003208
838.8831, 0.1933885
840.8115, 0.1870262
842.7400, 0.1803945
844.6685, 0.1736052
846.5969, 0.1676419
848.5254, 0.1614094
850.4539, 0.1545610
852.3823, 0.1478285
854.3108, 0.1417992
856.2393, 0.1355961
858.1677, 0.1292048
860.0962, 0.1236622
862.0247, 0.1183746
863.9531, 0.1124313
865.8816, 0.1069118
867.8101, 0.1018888
869.7385, 9.6900947E-02
871.6670, 9.2061013E-02
873.5955, 8.7404557E-02
875.5239, 8.2524627E-02
877.4524, 7.7799417E-02
879.3809, 7.3400959E-02
881.3093, 6.9464110E-02
883.2378, 6.5639481E-02
885.1663, 6.1425678E-02
887.0947, 5.6491110E-02
889.0232, 5.1146220E-02
890.9517, 4.5732100E-02
892.8801, 4.0565480E-02
894.8085, 3.5842359E-02
896.7370, 3.1264279E-02
898.6655, 2.6831141E-02
900.5939, 2.2502771E-02
902.5224, 1.8789640E-02
904.4509, 1.5895439E-02
906.3793, 1.3195400E-02
908.3078, 1.0546450E-02
910.2363, 8.7594977E-03
912.1647, 7.8684213E-03
914.0932, 7.0588542E-03
916.0217, 6.6732881E-03
917.9501, 6.5579768E-03
919.8786, 6.1345189E-03
921.8071, 5.7266541E-03
923.7355, 5.3753192E-03
925.6640, 5.1862821E-03
927.5925, 5.0510638E-03
929.5209, 4.9870340E-03
931.4494, 4.8835650E-03
933.3779, 4.3168748E-03
935.3063, 3.7459950E-03
937.2348, 3.7763789E-03
939.1633, 4.1658762E-03
941.0917, 3.9820601E-03
943.0202, 3.7209170E-03
944.9487, 3.7512130E-03
946.8771, 3.6896931E-03
948.8056, 3.4153031E-03
950.7341, 3.2924779E-03
952.6625, 3.3425910E-03
954.5910, 3.7917879E-03
956.5195, 3.9107059E-03
958.4479, 3.8289351E-03
960.3764, 3.9244508E-03
962.3049, 3.9276332E-03
964.2333, 3.9813658E-03
966.1618, 3.9864848E-03
968.0903, 3.7912561E-03
970.0187, 3.7467261E-03
971.9472, 3.8296611E-03
973.8757, 3.8734700E-03
975.8041, 3.8523299E-03
977.7326, 3.7603420E-03
979.6611, 3.5775630E-03
981.5895, 3.7736329E-03
983.5180, 3.9927661E-03
985.4465, 4.1660140E-03
987.3749, 4.2118938E-03
989.3034, 4.2432928E-03
991.2319, 4.3502548E-03
993.1603, 4.4781719E-03
995.0888, 4.4632140E-03
997.0173, 4.2696069E-03
998.9457, 4.2280951E-03
1000.874, 4.3150941E-03
1002.803, 4.3935510E-03
1004.731, 4.4707758E-03
1006.660, 4.3929638E-03
1008.588, 4.4708890E-03
1010.517, 4.8275432E-03
1012.445, 4.8825471E-03
1014.373, 4.8230309E-03
1016.302, 4.7160559E-03
1018.230, 4.6979291E-03
1020.159, 4.9322569E-03
1022.087, 5.2471510E-03
1024.016, 5.3377091E-03
1025.944, 5.2980501E-03
1027.873, 5.0395718E-03
1029.801, 4.8299148E-03
1031.730, 5.0801262E-03
1033.658, 5.4585491E-03
1035.587, 5.5506048E-03
1037.515, 5.7040779E-03
1039.444, 5.8833198E-03
1041.372, 5.9568491E-03
1043.301, 5.8692200E-03
1045.229, 5.9955809E-03
1047.157, 5.9302161E-03
1049.086, 5.5177822E-03
1051.014, 5.4976470E-03
1052.943, 5.5447421E-03
1054.871, 5.8374470E-03
1056.800, 6.2430161E-03
1058.728, 6.3514621E-03
1060.657, 6.3081952E-03
1062.585, 6.4659580E-03
1064.514, 6.5676989E-03
1066.442, 6.6804290E-03
1068.371, 7.0169228E-03
1070.299, 7.1956320E-03
1072.228, 7.2035450E-03
1074.156, 7.1741408E-03
1076.084, 7.3968540E-03
1078.013, 7.6005189E-03
1079.941, 8.0404393E-03
1081.870, 8.4235827E-03
1083.798, 8.3518494E-03
1085.727, 8.3060730E-03
1087.655, 8.3828913E-03
1089.584, 8.3950348E-03
1091.512, 8.4407805E-03
1093.441, 8.3114374E-03
1095.369, 8.1671923E-03
1097.298, 8.2791913E-03
1099.226, 8.4282886E-03
1101.155, 8.5325046E-03
1103.083, 8.6165098E-03
1105.011, 8.6948406E-03
1106.940, 8.7037776E-03
1108.868, 8.6754691E-03
1110.797, 8.7167518E-03
1112.725, 8.5902615E-03
1114.654, 8.6032338E-03
1116.582, 8.7028611E-03
1118.511, 8.4411679E-03
1120.439, 8.1990296E-03
1122.368, 8.3387597E-03
1124.296, 8.3352793E-03
1126.225, 8.2489187E-03
1128.153, 8.3429590E-03
1130.082, 8.1562754E-03
1132.010, 7.9251127E-03
1133.938, 7.8203380E-03
1135.867, 7.9516573E-03
1137.795, 7.8643290E-03
1139.724, 7.8260154E-03
1141.652, 7.5515350E-03
1143.581, 7.1895909E-03
1145.509, 7.0948652E-03
1147.438, 7.1027600E-03
1149.366, 7.0808972E-03
1151.295, 7.3175509E-03
1153.223, 7.5460989E-03
1155.152, 7.4961651E-03
1157.080, 7.5972602E-03
1159.009, 7.5058741E-03
1160.937, 7.4288030E-03
1162.865, 7.5114151E-03
1164.794, 7.5913318E-03
1166.722, 7.5911470E-03
1168.651, 7.2975089E-03
1170.579, 7.0434329E-03
1172.508, 7.3690871E-03
1174.436, 7.7106250E-03
1176.365, 7.5905430E-03
1178.293, 7.6259291E-03
1180.222, 7.8152716E-03
1182.150, 8.0354102E-03
1184.079, 8.3173122E-03
1186.007, 8.5311867E-03
1187.936, 8.4635084E-03
1189.864, 8.4112044E-03
1191.792, 8.6015891E-03
1193.721, 8.7147690E-03
1195.649, 8.6448947E-03
1197.578, 8.7448237E-03
1199.506, 8.9936284E-03
1201.435, 9.2144432E-03
1203.363, 9.2797196E-03
1205.292, 9.1129113E-03
1207.220, 9.1641657E-03
1209.149, 9.5057627E-03
1211.077, 9.6440120E-03
1213.006, 9.6394727E-03
1214.934, 9.7149871E-03
1216.863, 9.9235913E-03
1218.791, 9.8034618E-03
1220.719, 9.8614963E-03
1222.648, 9.8971752E-03
1224.576, 1.0137630E-02
1226.505, 1.0401600E-02
1228.433, 1.0262290E-02
1230.362, 1.0123000E-02
1232.290, 1.0310620E-02
1234.219, 1.0310120E-02
1236.147, 1.0079190E-02
1238.076, 1.0194950E-02
1240.004, 1.0456470E-02
1241.933, 1.0503910E-02
1243.861, 1.0364870E-02
1245.790, 1.0376400E-02
1247.718, 1.0609500E-02
1249.646, 1.0894810E-02
1251.575, 1.1163640E-02
1253.503, 1.0937460E-02
1255.432, 1.0892190E-02
1257.360, 1.1043720E-02
1259.289, 1.1083900E-02
1261.217, 1.1323150E-02
1263.146, 1.1363960E-02
1265.074, 1.1387510E-02
1267.003, 1.1575310E-02
1268.931, 1.1656570E-02
1270.860, 1.1590850E-02
1272.788, 1.1888800E-02
1274.717, 1.2045530E-02
1276.645, 1.1872660E-02
1278.573, 1.1982270E-02
1280.502, 1.2488290E-02
1282.430, 1.2853770E-02
1284.359, 1.2868180E-02
1286.287, 1.2890860E-02
1288.216, 1.2864540E-02
1290.144, 1.2588800E-02
1292.073, 1.2528630E-02
1294.001, 1.2677650E-02
1295.930, 1.3174760E-02
1297.858, 1.3463270E-02
1299.787, 1.3372840E-02
1301.715, 1.3260110E-02
1303.644, 1.3356440E-02
1305.572, 1.3600980E-02
1307.500, 1.3798420E-02
1309.429, 1.3783960E-02
1311.357, 1.3933240E-02
1313.286, 1.4185660E-02
1315.214, 1.4247590E-02
1317.143, 1.4522150E-02
1319.071, 1.4649310E-02
1321.000, 1.4520630E-02
1322.928, 1.4692640E-02
1324.857, 1.4792960E-02
1326.785, 1.4809450E-02
1328.714, 1.4900450E-02
1330.642, 1.4928590E-02
1332.571, 1.5231210E-02
1334.499, 1.5545860E-02
1336.427, 1.5688740E-02
1338.356, 1.5847210E-02
1340.284, 1.5920470E-02
1342.213, 1.5984330E-02
1344.141, 1.6204299E-02
1346.070, 1.6354309E-02
1347.998, 1.6298790E-02
1349.927, 1.6334251E-02
1351.855, 1.6638560E-02
1353.784, 1.6619200E-02
1355.712, 1.6551150E-02
1357.641, 1.6828530E-02
1359.569, 1.6982090E-02
1361.498, 1.6919371E-02
1363.426, 1.7003670E-02
1365.354, 1.7325209E-02
1367.283, 1.7345481E-02
1369.211, 1.7338371E-02
1371.140, 1.7558580E-02
1373.068, 1.7928381E-02
1374.997, 1.8050751E-02
1376.925, 1.8198010E-02
1378.854, 1.8281011E-02
1380.782, 1.8427011E-02
1382.711, 1.8618179E-02
1384.639, 1.8820209E-02
1386.568, 1.8527720E-02
1388.496, 1.8353591E-02
1390.424, 1.8815471E-02
1392.353, 1.9139631E-02
1394.281, 1.9073831E-02
1396.210, 1.9247331E-02
1398.138, 1.9509040E-02
1400.067, 1.9576810E-02
1401.995, 1.9625081E-02
1403.924, 1.9843500E-02
1405.852, 1.9796319E-02
1407.781, 1.9995511E-02
1409.709, 2.0322099E-02
1411.638, 2.0310350E-02
1413.566, 2.0416539E-02
1415.495, 2.0747360E-02
1417.423, 2.0960540E-02
1419.351, 2.1130430E-02
1421.280, 2.1472290E-02
1423.208, 2.1743840E-02
1425.137, 2.1655779E-02
1427.065, 2.1679601E-02
1428.994, 2.1825859E-02
1430.922, 2.1831101E-02
1432.851, 2.1829000E-02
1434.779, 2.2110920E-02
1436.708, 2.2195250E-02
1438.636, 2.2256950E-02
1440.565, 2.2367859E-02
1442.493, 2.2740180E-02
1444.422, 2.3051800E-02
1446.350, 2.3054780E-02
1448.278, 2.2782581E-02
1450.207, 2.2890789E-02
1452.135, 2.3493350E-02
1454.064, 2.3475241E-02
1455.992, 2.3365701E-02
1457.921, 2.3828009E-02
1459.849, 2.3970440E-02
1461.778, 2.3799280E-02
1463.706, 2.3790240E-02
1465.635, 2.3647580E-02
1467.563, 2.3546491E-02
1469.492, 2.3620229E-02
1471.420, 2.4028800E-02
1473.349, 2.4159251E-02
1475.277, 2.3833349E-02
1477.205, 2.3599431E-02
1479.134, 2.3775470E-02
1481.062, 2.3926150E-02
1482.991, 2.4298070E-02
1484.919, 2.4485320E-02
1486.848, 2.4352919E-02
1488.776, 2.4425291E-02
1490.705, 2.4408560E-02
1492.633, 2.4292290E-02
1494.562, 2.4435300E-02
1496.490, 2.4722880E-02
1498.419, 2.4777319E-02
1500.347, 2.4730930E-02
1502.276, 2.4913860E-02
1504.204, 2.5167391E-02
1506.132, 2.5539000E-02
1508.061, 2.5549460E-02
1509.989, 2.5481001E-02
1511.918, 2.5737740E-02
1513.846, 2.6171420E-02
1515.775, 2.6486419E-02
1517.703, 2.6447300E-02
1519.632, 2.6473880E-02
1521.560, 2.6562219E-02
1523.489, 2.7031031E-02
1525.417, 2.7581060E-02
1527.346, 2.7897609E-02
1529.274, 2.8236831E-02
1531.203, 2.8689940E-02
1533.131, 2.9065181E-02
1535.059, 2.9258011E-02
1536.988, 2.9730080E-02
1538.916, 3.0149320E-02
1540.845, 3.0498611E-02
1542.773, 3.0852569E-02
1544.702, 3.0931490E-02
1546.630, 3.1124890E-02
1548.559, 3.1413011E-02
1550.487, 3.1560499E-02
1552.416, 3.1715069E-02
1554.344, 3.1920101E-02
1556.273, 3.2126460E-02
1558.201, 3.2356929E-02
1560.130, 3.2418720E-02
1562.058, 3.2416988E-02
1563.986, 3.2728471E-02
1565.915, 3.3078700E-02
1567.843, 3.3326659E-02
1569.772, 3.3743661E-02
1571.700, 3.3932429E-02
1573.629, 3.3792332E-02
1575.557, 3.4069199E-02
1577.486, 3.4443900E-02
1579.414, 3.4581490E-02
1581.343, 3.4465581E-02
1583.271, 3.4358360E-02
1585.200, 3.4619119E-02
1587.128, 3.4879319E-02
1589.057, 3.4781039E-02
1590.985, 3.4986980E-02
1592.913, 3.5093412E-02
1594.842, 3.4964912E-02
1596.770, 3.5288211E-02
1598.699, 3.5864711E-02
1600.627, 3.5593409E-02
1602.556, 3.5516579E-02
1604.484, 3.5755720E-02
1606.413, 3.6138430E-02
1608.341, 3.6584008E-02
1610.270, 3.6819901E-02
1612.198, 3.6727969E-02
1614.127, 3.6451779E-02
1616.055, 3.6541920E-02
1617.984, 3.6914691E-02
1619.912, 3.7162650E-02
1621.840, 3.7426911E-02
1623.769, 3.7607931E-02
1625.697, 3.7497390E-02
1627.626, 3.7648521E-02
1629.554, 3.7823211E-02
1631.483, 3.7954710E-02
1633.411, 3.8070209E-02
1635.340, 3.8153749E-02
1637.268, 3.8392190E-02
1639.197, 3.8563259E-02
1641.125, 3.8811870E-02
1643.054, 3.9070491E-02
1644.982, 3.9372131E-02
1646.911, 4.0249150E-02
1648.839, 4.1067850E-02
1650.767, 4.1648701E-02
1652.696, 4.2308159E-02
1654.624, 4.3011401E-02
1656.553, 4.3593541E-02
1658.481, 4.3971442E-02
1660.410, 4.4309400E-02
1662.338, 4.4454649E-02
1664.267, 4.4553310E-02
1666.195, 4.4179998E-02
1668.124, 4.3472409E-02
1670.052, 4.3133210E-02
1671.981, 4.3261159E-02
1673.909, 4.3535370E-02
1675.838, 4.3252099E-02
1677.766, 4.3008439E-02
1679.694, 4.2974509E-02
1681.623, 4.2866010E-02
1683.551, 4.2810649E-02
1685.480, 4.2644180E-02
1687.408, 4.1883629E-02
1689.337, 4.1363351E-02
1691.265, 4.0941741E-02
1693.194, 4.0327441E-02
1695.122, 4.0144090E-02
1697.051, 3.9990619E-02
1698.979, 3.9669510E-02
1700.908, 3.8782928E-02
1702.836, 3.7796579E-02
1704.765, 3.7392531E-02
1706.693, 3.7213840E-02
1708.621, 3.6864892E-02
1710.550, 3.6779221E-02
1712.478, 3.6780030E-02
1714.407, 3.6675170E-02
1716.335, 3.6703639E-02
1718.264, 3.6717311E-02
1720.192, 3.6880609E-02
1722.121, 3.6906611E-02
1724.049, 3.6674678E-02
1725.978, 3.6770001E-02
1727.906, 3.6715839E-02
1729.835, 3.6489319E-02
1731.763, 3.6008351E-02
1733.692, 3.5577651E-02
1735.620, 3.5173800E-02
1737.548, 3.4971569E-02
1739.477, 3.5065331E-02
1741.405, 3.4933180E-02
1743.334, 3.4387410E-02
1745.262, 3.4308720E-02
1747.191, 3.4804031E-02
1749.119, 3.5486851E-02
1751.048, 3.5535522E-02
1752.976, 3.5421610E-02
1754.905, 3.5533190E-02
1756.833, 3.6400001E-02
1758.762, 3.7269048E-02
1760.690, 3.7622869E-02
1762.619, 3.7956212E-02
1764.547, 3.8540069E-02
1766.475, 3.8945232E-02
1768.404, 3.9341360E-02
1770.332, 3.9956201E-02
1772.261, 4.0285181E-02
1774.189, 4.0105488E-02
1776.118, 4.0027712E-02
1778.046, 4.0097911E-02
1779.975, 4.0150162E-02
1781.903, 3.9881289E-02
1783.832, 3.9664108E-02
1785.760, 3.9640300E-02
1787.689, 3.9184179E-02
1789.617, 3.8607389E-02
1791.546, 3.8815759E-02
1793.474, 3.9566100E-02
1795.402, 3.9573401E-02
1797.331, 3.8835380E-02
1799.259, 3.8533580E-02
1801.188, 3.8643230E-02
1803.116, 3.8674809E-02
1805.045, 3.8597479E-02
1806.973, 3.8569599E-02
1808.902, 3.8996831E-02
1810.830, 3.9540611E-02
1812.759, 3.9313439E-02
1814.687, 3.9365381E-02
1816.616, 4.0202338E-02
1818.544, 4.0570609E-02
1820.473, 4.0492229E-02
1822.401, 4.0443610E-02
1824.329, 4.0979329E-02
1826.258, 4.0932491E-02
1828.186, 4.1284800E-02
1830.115, 4.1105520E-02
1832.043, 4.0790811E-02
1833.972, 4.1234069E-02
1835.900, 4.1237321E-02
1837.829, 4.1072581E-02
1839.757, 4.1432459E-02
1841.686, 4.1162949E-02
1843.614, 4.0876519E-02
1845.543, 4.1340262E-02
1847.471, 4.1384939E-02
1849.400, 4.1871969E-02
1851.328, 4.2482659E-02
1853.256, 4.2528398E-02
1855.185, 4.2063311E-02
1857.113, 4.1805629E-02
1859.042, 4.2209700E-02
1860.970, 4.2719979E-02
1862.899, 4.2980131E-02
1864.827, 4.2667560E-02
1866.756, 4.2398859E-02
1868.684, 4.3848641E-02
1870.613, 4.4549961E-02
1872.541, 4.4113372E-02
1874.470, 4.3682370E-02
1876.398, 4.3355379E-02
1878.327, 4.3075819E-02
1880.255, 4.3857761E-02
1882.183, 4.4424940E-02
1884.112, 4.4277810E-02
1886.040, 4.3945558E-02
1887.969, 4.4234611E-02
1889.897, 4.4214960E-02
1891.826, 4.4019051E-02
1893.754, 4.4006258E-02
1895.683, 4.4013839E-02
1897.611, 4.4963889E-02
1899.540, 4.5041692E-02
1901.468, 4.4459730E-02
1903.397, 4.4705380E-02
1905.325, 4.5809850E-02
1907.254, 4.6373680E-02
1909.182, 4.5960620E-02
1911.110, 4.5922119E-02
1913.039, 4.5588419E-02
1914.967, 4.4989400E-02
1916.896, 4.4192851E-02
1918.824, 4.4870511E-02
1920.753, 4.5179140E-02
1922.681, 4.5413490E-02
1924.610, 4.6177950E-02
1926.538, 4.7046822E-02
1928.467, 4.7337022E-02
1930.395, 4.7192700E-02
1932.324, 4.7435690E-02
1934.252, 4.7523931E-02
1936.181, 4.8280280E-02
1938.109, 4.8158150E-02
1940.037, 4.6876900E-02
1941.966, 4.6597239E-02
1943.894, 4.7342651E-02
1945.823, 4.7829229E-02
1947.751, 4.7270801E-02
1949.680, 4.6497960E-02
1951.608, 4.6550039E-02
1953.537, 4.8168451E-02
1955.465, 4.8162930E-02
1957.394, 4.6785060E-02
1959.322, 4.6163522E-02
1961.251, 4.5823749E-02
1963.179, 4.5894071E-02
1965.108, 4.7476262E-02
1967.036, 4.7370169E-02
1968.964, 4.6575099E-02
1970.893, 4.6863209E-02
1972.821, 4.7629800E-02
1974.750, 4.8492908E-02
1976.678, 5.0596520E-02
1978.607, 5.0472189E-02
1980.535, 5.0933398E-02
1982.464, 5.4214992E-02
1984.392, 5.4602928E-02
1986.321, 5.4866590E-02
1988.249, 5.5252422E-02
1990.178, 5.2412800E-02
1992.106, 5.0592851E-02
1994.035, 4.9828101E-02
1995.963, 5.1392470E-02
1997.891, 5.2872021E-02
1999.820, 5.3391010E-02
2001.748, 5.1583659E-02
2003.677, 5.1269490E-02
2005.605, 5.1062871E-02
2007.534, 5.2130230E-02
2009.462, 5.3879581E-02
2011.391, 5.3469632E-02
2013.319, 5.2306172E-02
2015.248, 5.3277049E-02
2017.176, 5.3675439E-02
2019.105, 5.1691651E-02
2021.033, 5.1939569E-02
2022.962, 5.4856051E-02
2024.890, 5.4824080E-02
2026.818, 5.2461620E-02
2028.747, 5.4953180E-02
2030.675, 5.6742929E-02
2032.604, 5.4814260E-02
2034.532, 5.3878509E-02
2036.461, 5.4291472E-02
2038.389, 5.1806241E-02
2040.318, 5.0283819E-02
2042.246, 5.2960709E-02
2044.175, 5.3977799E-02
2046.103, 5.4498650E-02
2048.032, 5.6326289E-02
2049.960, 5.7951961E-02
2051.889, 5.5696610E-02
2053.817, 5.2788459E-02
2055.746, 5.3756960E-02
2057.674, 5.4787710E-02
2059.603, 5.5333391E-02
2061.531, 5.5080190E-02
2063.459, 5.5843461E-02
2065.388, 5.5280991E-02
2067.316, 5.4335151E-02
2069.245, 5.4675780E-02
2071.173, 5.5824880E-02
2073.102, 5.6977428E-02
2075.030, 5.5824451E-02
2076.959, 5.5590682E-02
2078.887, 5.5985961E-02
2080.816, 5.5584371E-02
2082.744, 5.5757720E-02
2084.673, 5.6700181E-02
2086.601, 5.5872001E-02
2088.530, 5.4680400E-02
2090.458, 5.4765761E-02
2092.386, 5.5647392E-02
2094.315, 5.6646451E-02
2096.243, 5.7337869E-02
2098.172, 5.7675648E-02
2100.100, 5.7857510E-02
2102.029, 5.6611180E-02
2103.957, 5.6069851E-02
2105.886, 5.6630351E-02
2107.814, 5.6077600E-02
2109.743, 5.5919271E-02
2111.671, 5.6211598E-02
2113.600, 5.5836681E-02
2115.528, 5.5887181E-02
2117.457, 5.5986069E-02
2119.385, 5.4907460E-02
2121.313, 5.5172231E-02
2123.242, 5.5623800E-02
2125.170, 5.5397931E-02
2127.099, 5.5868220E-02
2129.027, 5.5841159E-02
2130.956, 5.5066999E-02
2132.884, 5.4504931E-02
2134.813, 5.4035362E-02
2136.741, 5.3367209E-02
2138.670, 5.4841291E-02
2140.598, 5.6194071E-02
2142.527, 5.3250682E-02
2144.455, 5.3836431E-02
2146.384, 5.5792030E-02
2148.312, 5.4294650E-02
2150.240, 5.1009689E-02
2152.169, 5.1635299E-02
2154.097, 5.4464251E-02
2156.026, 5.4146890E-02
2157.954, 5.4305550E-02
2159.883, 5.7481579E-02
2161.811, 5.9678920E-02
2163.740, 6.0708120E-02
2165.668, 6.1556499E-02
2167.597, 6.3644513E-02
2169.525, 6.4497218E-02
2171.454, 6.2395550E-02
2173.382, 6.0086139E-02
2175.311, 6.1103661E-02
2177.239, 6.2042750E-02
2179.167, 6.3244738E-02
2181.096, 6.3251883E-02
2183.024, 6.0310010E-02
2184.953, 5.9977300E-02
2186.881, 6.1224770E-02
2188.810, 6.2467970E-02
2190.738, 6.2134411E-02
2192.667, 6.0307689E-02
2194.595, 6.2506117E-02
2196.524, 6.4640179E-02
2198.452, 6.4132974E-02
2200.381, 6.4586967E-02
2202.309, 6.4846992E-02
2204.238, 6.3062564E-02
2206.166, 6.3482113E-02
2208.094, 6.3000463E-02
2210.023, 6.1398681E-02
2211.951, 6.0909241E-02
2213.880, 6.0920142E-02
2215.808, 6.1263289E-02
2217.737, 6.3153237E-02
2219.665, 6.2688731E-02
2221.594, 6.2327489E-02
2223.522, 6.3444562E-02
2225.451, 6.3099720E-02
2227.379, 6.2354561E-02
2229.308, 6.2664703E-02
2231.236, 6.2933147E-02
2233.165, 6.3686341E-02
2235.093, 6.3723937E-02
2237.021, 6.4078487E-02
2238.950, 6.4298160E-02
2240.878, 6.4366311E-02
2242.807, 6.3702017E-02
2244.735, 6.4012118E-02
2246.664, 6.5906398E-02
2248.592, 6.4956427E-02
2250.521, 6.2549390E-02
2252.449, 6.1589859E-02
2254.378, 6.2183209E-02
2256.306, 6.4128943E-02
2258.235, 6.3995317E-02
2260.163, 6.2239610E-02
2262.092, 6.1855432E-02
2264.020, 6.3514568E-02
2265.948, 6.4289257E-02
2267.877, 6.5153301E-02
2269.805, 6.6197097E-02
2271.734, 6.5524943E-02
2273.662, 6.4460911E-02
2275.591, 6.5104596E-02
2277.519, 6.5654069E-02
2279.448, 6.5126613E-02
2281.376, 6.4711243E-02
2283.305, 6.5522723E-02
2285.233, 6.5831847E-02
2287.162, 6.4859889E-02
2289.090, 6.4183578E-02
2291.019, 6.4924367E-02
2292.947, 6.5337949E-02
2294.875, 6.5348409E-02
2296.804, 6.4795360E-02
2298.732, 6.4022452E-02
2300.661, 6.4124107E-02
2302.589, 6.4835399E-02
2304.518, 6.5261453E-02
2306.446, 6.5397881E-02
2308.375, 6.5308057E-02
2310.303, 6.4819768E-02
2312.232, 6.5209910E-02
2314.160, 6.5269127E-02
2316.089, 6.5365113E-02
2318.017, 6.5587990E-02
2319.946, 6.5864339E-02
2321.874, 6.6420794E-02
2323.802, 6.6471353E-02
2325.731, 6.5549172E-02
2327.659, 6.4407483E-02
2329.588, 6.4322077E-02
2331.516, 6.4912707E-02
2333.445, 6.4809293E-02
2335.373, 6.4926289E-02
2337.302, 6.5341763E-02
2339.230, 6.5040208E-02
2341.159, 6.5315977E-02
2343.087, 6.5455809E-02
2345.016, 6.5515898E-02
2346.944, 6.4964309E-02
2348.873, 6.4630389E-02
2350.801, 6.4942479E-02
2352.729, 6.5575793E-02
2354.658, 6.5662242E-02
2356.586, 6.5126859E-02
2358.515, 6.4787887E-02
2360.443, 6.4695567E-02
2362.372, 6.5055117E-02
2364.300, 6.4815223E-02
2366.229, 6.4605638E-02
2368.157, 6.4935319E-02
2370.086, 6.4959757E-02
2372.014, 6.5526418E-02
2373.942, 6.6220552E-02
2375.871, 6.7068927E-02
2377.799, 6.6758446E-02
2379.728, 6.5568857E-02
2381.656, 6.5163933E-02
2383.585, 6.4786203E-02
2385.513, 6.5325767E-02
2387.442, 6.6564813E-02
2389.370, 6.6622458E-02
2391.299, 6.6551618E-02
2393.227, 6.6295654E-02
2395.156, 6.6174909E-02
2397.084, 6.7038529E-02
2399.012, 6.8456218E-02
2400.941, 6.8552107E-02
2402.869, 6.8629622E-02
2404.798, 6.9085747E-02
2406.726, 6.9250472E-02
2408.655, 6.9055200E-02
2410.583, 6.9317147E-02
2412.512, 6.8558738E-02
2414.440, 6.7174077E-02
2416.369, 6.7529373E-02
2418.297, 6.8575487E-02
2420.226, 6.9241911E-02
2422.154, 6.9363773E-02
2424.083, 6.9634713E-02
2426.011, 7.0895702E-02
2427.939, 7.0589676E-02
2429.868, 6.9316909E-02
2431.796, 6.8775542E-02
2433.725, 6.8613216E-02
2435.653, 6.8948008E-02
2437.582, 6.8664640E-02
2439.510, 6.8363093E-02
2441.439, 7.0407733E-02
2443.367, 7.1275607E-02
2445.296, 7.0648231E-02
2447.224, 7.1029156E-02
2449.153, 7.1507134E-02
2451.081, 7.2363392E-02
2453.010, 7.3171623E-02
2454.938, 7.2518431E-02
2456.866, 7.0250109E-02
2458.795, 7.0175961E-02
2460.723, 7.1646847E-02
2462.652, 7.1509048E-02
2464.580, 7.2184853E-02
2466.509, 7.2440073E-02
2468.437, 7.2696872E-02
2470.366, 7.3023058E-02
2472.294, 7.1826003E-02
2474.223, 7.1881153E-02
2476.151, 7.2335593E-02
2478.080, 7.1603313E-02
2480.008, 7.1150564E-02
2481.937, 7.1847484E-02
2483.865, 7.2537340E-02
2485.793, 7.2530940E-02
2487.722, 7.3517479E-02
2489.650, 7.3606879E-02
2491.579, 7.4077994E-02
2493.507, 7.5009190E-02
2495.436, 7.4236140E-02
2497.364, 7.3711120E-02
2499.293, 7.5237632E-02
2501.221, 7.5930342E-02
2503.150, 7.4273609E-02
2505.078, 7.3384494E-02
2507.007, 7.3165797E-02
2508.935, 7.2961077E-02
2510.864, 7.3991656E-02
2512.792, 7.4329033E-02
2514.720, 7.3942587E-02
2516.649, 7.4681208E-02
2518.577, 7.4565843E-02
2520.506, 7.4648127E-02
2522.434, 7.5020432E-02
2524.363, 7.4065477E-02
2526.291, 7.4036539E-02
2528.220, 7.3934533E-02
2530.148, 7.3968947E-02
2532.077, 7.5167418E-02
2534.005, 7.5619496E-02
2535.934, 7.6032341E-02
2537.862, 7.6291822E-02
2539.791, 7.5935833E-02
2541.719, 7.5578108E-02
2543.647, 7.3828056E-02
2545.576, 7.3834799E-02
2547.504, 7.5128518E-02
2549.433, 7.5720020E-02
2551.361, 7.6073781E-02
2553.290, 7.6552168E-02
2555.218, 7.6115973E-02
2557.147, 7.6400571E-02
2559.075, 7.6729171E-02
2561.004, 7.6906294E-02
2562.932, 7.6871566E-02
2564.861, 7.5569697E-02
2566.789, 7.5408272E-02
2568.718, 7.6330148E-02
2570.646, 7.6819323E-02
2572.574, 7.6867528E-02
2574.503, 7.6294452E-02
2576.431, 7.6415129E-02
2578.360, 7.7494226E-02
2580.288, 7.7994987E-02
2582.217, 7.8366756E-02
2584.145, 7.7550583E-02
2586.074, 7.6989681E-02
2588.002, 7.7829607E-02
2589.931, 7.7240899E-02
2591.859, 7.5769581E-02
2593.788, 7.5667493E-02
2595.716, 7.7065744E-02
2597.645, 7.7565178E-02
2599.573, 7.7357717E-02
2601.501, 7.7067599E-02
2603.430, 7.7502333E-02
2605.358, 7.7323541E-02
2607.287, 7.7230848E-02
2609.215, 7.8588583E-02
2611.144, 7.8909673E-02
2613.072, 7.9216927E-02
2615.001, 7.8499489E-02
2616.929, 7.8661717E-02
2618.858, 7.9665639E-02
2620.786, 7.8945279E-02
2622.715, 7.8245617E-02
2624.643, 7.8318343E-02
2626.572, 7.8596927E-02
2628.500, 7.8767829E-02
2630.428, 7.9369143E-02
2632.357, 7.8696229E-02
2634.285, 7.7883407E-02
2636.214, 7.7674821E-02
2638.142, 7.7325709E-02
2640.071, 7.6914228E-02
2641.999, 7.7746257E-02
2643.928, 7.8122437E-02
2645.856, 7.8388900E-02
2647.785, 7.8295097E-02
2649.713, 7.8482583E-02
2651.642, 7.8345947E-02
2653.570, 7.8646809E-02
2655.499, 7.8638308E-02
2657.427, 7.7958487E-02
2659.355, 7.7206872E-02
2661.284, 7.7090248E-02
2663.212, 7.7965848E-02
2665.141, 7.8748487E-02
2667.069, 7.8372523E-02
2668.998, 7.7628352E-02
2670.926, 7.7462383E-02
2672.855, 7.8169018E-02
2674.783, 7.9007693E-02
2676.712, 7.8333333E-02
2678.640, 7.8443423E-02
2680.569, 7.9512604E-02
2682.497, 7.9612628E-02
2684.426, 7.8980848E-02
2686.354, 7.9172179E-02
2688.282, 7.9196222E-02
2690.211, 7.9134658E-02
2692.139, 7.9476148E-02
2694.068, 7.9740517E-02
2695.996, 8.0301017E-02
2697.925, 8.0448739E-02
2699.853, 7.9821847E-02
2701.782, 7.9471089E-02
2703.710, 7.9072647E-02
2705.639, 7.9572640E-02
2707.567, 8.0256492E-02
2709.496, 8.0037743E-02
2711.424, 7.9684056E-02
2713.353, 8.0720536E-02
2715.281, 8.1117861E-02
2717.209, 8.0776758E-02
2719.138, 8.0895729E-02
2721.066, 8.1123151E-02
2722.995, 8.1038013E-02
2724.923, 8.1044547E-02
2726.852, 8.1618033E-02
2728.780, 8.1863679E-02
2730.709, 8.1428938E-02
2732.637, 8.0782004E-02
2734.566, 8.0223277E-02
2736.494, 8.0665439E-02
2738.423, 8.1149533E-02
2740.351, 8.1122987E-02
2742.280, 8.1603862E-02
2744.208, 8.1667677E-02
2746.136, 8.2214929E-02
2748.065, 8.2436167E-02
2749.993, 8.2501426E-02
2751.922, 8.2522847E-02
2753.850, 8.2093507E-02
2755.779, 8.2307771E-02
2757.707, 8.2058556E-02
2759.636, 8.2124457E-02
2761.564, 8.2370587E-02
2763.493, 8.2288466E-02
2765.421, 8.2993440E-02
2767.350, 8.2696773E-02
2769.278, 8.2145236E-02
2771.207, 8.2562797E-02
2773.135, 8.2930200E-02
2775.063, 8.2238480E-02
2776.992, 8.1817560E-02
2778.920, 8.2698949E-02
2780.849, 8.3895497E-02
2782.777, 8.4218591E-02
2784.706, 8.4774964E-02
2786.634, 8.3784327E-02
2788.563, 8.2997873E-02
2790.491, 8.3468251E-02
2792.420, 8.4688477E-02
2794.348, 8.4576413E-02
2796.277, 8.3864257E-02
2798.205, 8.4722273E-02
2800.134, 8.5598357E-02
2802.062, 8.4970973E-02
2803.990, 8.4272221E-02
2805.919, 8.4133722E-02
2807.847, 8.4344372E-02
2809.776, 8.4057048E-02
2811.704, 8.4492072E-02
2813.633, 8.4304281E-02
2815.561, 8.4240921E-02
2817.490, 8.5532807E-02
2819.418, 8.4910586E-02
2821.347, 8.3886139E-02
2823.275, 8.4139436E-02
2825.204, 8.4268801E-02
2827.132, 8.5842207E-02
2829.061, 8.6365066E-02
2830.989, 8.5388169E-02
2832.917, 8.5546747E-02
2834.846, 8.6031802E-02
2836.774, 8.5669868E-02
2838.703, 8.4875584E-02
2840.631, 8.4268346E-02
2842.560, 8.4659182E-02
2844.488, 8.4722377E-02
2846.417, 8.3633393E-02
2848.345, 8.2066201E-02
2850.274, 8.1850417E-02
2852.202, 8.2112998E-02
2854.131, 8.2508497E-02
2856.059, 8.3411939E-02
2857.988, 8.4080577E-02
2859.916, 8.4247738E-02
2861.844, 8.4001973E-02
2863.773, 8.4350497E-02
2865.701, 8.4603943E-02
2867.630, 8.4547177E-02
2869.558, 8.4495246E-02
2871.487, 8.4774233E-02
2873.415, 8.4819652E-02
2875.344, 8.5392363E-02
2877.272, 8.6818598E-02
2879.201, 8.8464409E-02
2881.129, 8.8457890E-02
2883.058, 8.7016307E-02
2884.986, 8.6478584E-02
2886.915, 8.6420782E-02
2888.843, 8.6178899E-02
2890.771, 8.6501867E-02
2892.700, 8.6646028E-02
2894.628, 8.5015677E-02
2896.557, 8.4693342E-02
2898.485, 8.5211173E-02
2900.414, 8.5269801E-02
2902.342, 8.5659742E-02
2904.271, 8.6653873E-02
2906.199, 8.7249197E-02
2908.128, 8.6797647E-02
2910.056, 8.5467860E-02
2911.985, 8.5296683E-02
2913.913, 8.4816203E-02
2915.842, 8.3034620E-02
2917.770, 8.3390899E-02
2919.698, 8.4825806E-02
2921.627, 8.3753742E-02
2923.555, 8.3301976E-02
2925.484, 8.3227240E-02
2927.412, 8.3649077E-02
2929.341, 8.4526069E-02
2931.269, 8.5356914E-02
2933.198, 8.6747162E-02
2935.126, 8.6198650E-02
2937.055, 8.5997596E-02
2938.983, 8.6551167E-02
2940.912, 8.7376229E-02
2942.840, 8.7839119E-02
2944.769, 8.8294841E-02
2946.697, 8.8728487E-02
2948.625, 8.8407233E-02
2950.554, 8.7614030E-02
2952.482, 8.7375402E-02
2954.411, 8.7636530E-02
2956.339, 8.8048480E-02
2958.268, 8.7827019E-02
2960.196, 8.8790096E-02
2962.125, 8.9816153E-02
2964.053, 9.0517193E-02
2965.982, 9.0170316E-02
2967.910, 8.8950247E-02
2969.839, 8.8739738E-02
2971.767, 9.0736806E-02
2973.696, 9.2505470E-02
2975.624, 9.3287908E-02
2977.552, 9.2429601E-02
2979.481, 9.1486961E-02
2981.409, 9.1176324E-02
2983.338, 9.0432331E-02
2985.266, 9.1154180E-02
2987.195, 9.2132427E-02
2989.123, 9.1893367E-02
2991.052, 9.2117451E-02
2992.980, 9.1797903E-02
2994.909, 9.2062078E-02
2996.837, 9.2858993E-02
2998.766, 9.3587771E-02
3000.694, 9.3311481E-02
3002.623, 9.2962399E-02
3004.551, 9.0995401E-02
3006.479, 9.2067733E-02
3008.408, 9.3979850E-02
3010.336, 9.3899041E-02
3012.265, 9.3422249E-02
3014.193, 9.3684487E-02
3016.122, 9.2979766E-02
3018.050, 9.3789972E-02
3019.979, 9.4121113E-02
3021.907, 9.4226509E-02
3023.836, 9.4661742E-02
3025.764, 9.4043039E-02
3027.693, 9.3907081E-02
3029.621, 9.4615988E-02
3031.550, 9.4993487E-02
3033.478, 9.5571592E-02
3035.406, 9.6449621E-02
3037.335, 9.5705010E-02
3039.263, 9.6233740E-02
3041.192, 9.6545637E-02
3043.120, 9.5764801E-02
3045.049, 9.6536092E-02
3046.977, 9.7066917E-02
3048.906, 9.6104689E-02
3050.834, 9.5388971E-02
3052.763, 9.7043879E-02
3054.691, 9.7326271E-02
3056.620, 9.7549677E-02
3058.548, 9.7328007E-02
3060.477, 9.7203128E-02
3062.405, 9.7131297E-02
3064.333, 9.6449167E-02
3066.262, 9.7353868E-02
3068.190, 9.8682113E-02
3070.119, 9.8536678E-02
3072.047, 9.8045006E-02
3073.976, 9.8893411E-02
3075.904, 9.8153517E-02
3077.833, 9.7233526E-02
3079.761, 9.7726032E-02
3081.690, 9.8700047E-02
3083.618, 9.9272497E-02
3085.547, 9.8480463E-02
3087.475, 9.7918533E-02
3089.404, 9.9419840E-02
3091.332, 0.1005106
3093.260, 0.1003223
3095.189, 0.1003680
3097.117, 9.9139258E-02
3099.046, 9.9067703E-02
3100.974, 9.7968467E-02
3102.903, 9.8015577E-02
3104.831, 0.1003916
3106.760, 0.1017568
3108.688, 0.1020071
3110.617, 0.1021356
3112.545, 0.1019222
3114.474, 0.1015690
3116.402, 0.1009021
3118.331, 0.1012726
3120.259, 0.1024463
3122.188, 0.1034552
3124.116, 0.1005963
3126.044, 9.9346347E-02
3127.973, 0.1021335
3129.901, 0.1032221
3131.830, 0.1017092
3133.758, 0.1004608
3135.687, 0.1003259
3137.615, 0.1015376
3139.544, 0.1018304
3141.472, 0.1042457
3143.401, 0.1051209
3145.329, 0.1032922
3147.258, 0.1004063
3149.186, 0.1008895
3151.115, 0.1018721
3153.043, 0.1011124
3154.971, 0.1017757
3156.900, 0.1015870
3158.828, 0.1004390
3160.757, 0.1014400
3162.685, 0.1020889
3164.614, 0.1009271
3166.542, 0.1012622
3168.471, 0.1028575
3170.399, 0.1032535
3172.328, 0.1024107
3174.256, 0.1020246
3176.185, 0.1026082
3178.113, 0.1031989
3180.042, 0.1032334
3181.970, 0.1023076
3183.898, 0.1023332
3185.827, 0.1046672
3187.755, 0.1063522
3189.684, 0.1052126
3191.612, 0.1039273
3193.541, 0.1034576
3195.469, 0.1031074
3197.398, 0.1037662
3199.326, 0.1048031
3201.255, 0.1061634
3203.183, 0.1058586
3205.112, 0.1049809
3207.040, 0.1042890
3208.969, 0.1036708
3210.897, 0.1042010
3212.825, 0.1054756
3214.754, 0.1049641
3216.682, 0.1042248
3218.611, 0.1054635
3220.539, 0.1071057
3222.468, 0.1074889
3224.396, 0.1073616
3226.325, 0.1076609
3228.253, 0.1075070
3230.182, 0.1054465
3232.110, 0.1053991
3234.039, 0.1062940
3235.967, 0.1065543
3237.896, 0.1063874
3239.824, 0.1064952
3241.752, 0.1063533
3243.681, 0.1074819
3245.609, 0.1085519
3247.538, 0.1073129
3249.466, 0.1062211
3251.395, 0.1067510
3253.323, 0.1080342
3255.252, 0.1080010
3257.180, 0.1077789
3259.109, 0.1090688
3261.037, 0.1096219
3262.966, 0.1081736
3264.894, 0.1074195
3266.823, 0.1090700
3268.751, 0.1095093
3270.679, 0.1077552
3272.608, 0.1072913
3274.536, 0.1083566
3276.465, 0.1085193
3278.393, 0.1090442
3280.322, 0.1093114
3282.250, 0.1096684
3284.179, 0.1102869
3286.107, 0.1085642
3288.036, 0.1082516
3289.964, 0.1097121
3291.893, 0.1112448
3293.821, 0.1118927
3295.750, 0.1111472
3297.678, 0.1100579
3299.606, 0.1095290
3301.535, 0.1098482
3303.463, 0.1103498
3305.392, 0.1106457
3307.320, 0.1083836
3309.249, 0.1086462
3311.177, 0.1102820
3313.106, 0.1096957
3315.034, 0.1087184
3316.963, 0.1084907
3318.891, 0.1084102
3320.820, 0.1106248
3322.748, 0.1120885
3324.677, 0.1110693
3326.605, 0.1096963
3328.533, 0.1095906
3330.462, 0.1118442
3332.390, 0.1125459
3334.319, 0.1104370
3336.247, 0.1093560
3338.176, 0.1104336
3340.104, 0.1118700
3342.033, 0.1125209
3343.961, 0.1113462
3345.890, 0.1130850
3347.818, 0.1141125
3349.747, 0.1104495
3351.675, 0.1095222
3353.604, 0.1108663
3355.532, 0.1119694
3357.460, 0.1137987
3359.389, 0.1130985
3361.317, 0.1114477
3363.246, 0.1125443
3365.174, 0.1118718
3367.103, 0.1115510
3369.031, 0.1100266
3370.960, 0.1108303
3372.888, 0.1134009
3374.817, 0.1139211
3376.745, 0.1133959
3378.674, 0.1121880
3380.602, 0.1105012
3382.531, 0.1100516
3384.459, 0.1111795
3386.387, 0.1126641
3388.316, 0.1138659
3390.244, 0.1134651
3392.173, 0.1124874
3394.101, 0.1106430
3396.030, 0.1122723
3397.958, 0.1146850
3399.887, 0.1125421
3401.815, 0.1092969
3403.744, 0.1136652
3405.672, 0.1145428
3407.601, 0.1119853
3409.529, 0.1122607
3411.458, 0.1121938
3413.386, 0.1105782
3415.314, 0.1113583
3417.243, 0.1124999
3419.171, 0.1126128
3421.100, 0.1128324
3423.028, 0.1138858
3424.957, 0.1148806
3426.885, 0.1153573
3428.814, 0.1141430
3430.742, 0.1120086
3432.671, 0.1122756
3434.599, 0.1145336
3436.528, 0.1142129
3438.456, 0.1126971
3440.385, 0.1113777
3442.313, 0.1117518
3444.241, 0.1150381
3446.170, 0.1186747
3448.098, 0.1180652
3450.027, 0.1162126
3451.955, 0.1166770
3453.884, 0.1170844
3455.812, 0.1151898
3457.741, 0.1146125
3459.669, 0.1140378
3461.598, 0.1155774
3463.526, 0.1176618
3465.455, 0.1190658
3467.383, 0.1147105
3469.312, 0.1122480
3471.240, 0.1153945
3473.168, 0.1156190
3475.097, 0.1144689
3477.025, 0.1150614
3478.954, 0.1159216
3480.882, 0.1142296
3482.811, 0.1124406
3484.739, 0.1118353
3486.668, 0.1112104
3488.596, 0.1121908
3490.525, 0.1127646
3492.453, 0.1151710
3494.382, 0.1168377
3496.310, 0.1163617
3498.239, 0.1137431
3500.167, 0.1138755
3502.095, 0.1154802
3504.024, 0.1154143
3505.952, 0.1124827
3507.881, 0.1110813
3509.809, 0.1136793
3511.738, 0.1147607
3513.666, 0.1138680
3515.595, 0.1127010
3517.523, 0.1134849
3519.452, 0.1144370
3521.380, 0.1136938
3523.309, 0.1135579
3525.237, 0.1160677
3527.166, 0.1159234
3529.094, 0.1145595
3531.022, 0.1143727
3532.951, 0.1152279
3534.879, 0.1121165
3536.808, 0.1105441
3538.736, 0.1140798
3540.665, 0.1145995
3542.593, 0.1138676
3544.522, 0.1136843
3546.450, 0.1135752
3548.379, 0.1148015
3550.307, 0.1153155
3552.236, 0.1146336
3554.164, 0.1118577
3556.093, 0.1111332
3558.021, 0.1140320
3559.949, 0.1151414
3561.878, 0.1135882
3563.806, 0.1150316
3565.735, 0.1184442
3567.663, 0.1166122
3569.592, 0.1147036
3571.520, 0.1134961
3573.449, 0.1133879
3575.377, 0.1150786
3577.306, 0.1145121
3579.234, 0.1120467
3581.163, 0.1125748
3583.091, 0.1159123
3585.020, 0.1159164
3586.948, 0.1141408
3588.876, 0.1152657
3590.805, 0.1165169
3592.733, 0.1157063
3594.662, 0.1139846
3596.590, 0.1134358
3598.519, 0.1145590
3600.447, 0.1171295
3602.376, 0.1193595
3604.304, 0.1197705
3606.233, 0.1161808
3608.161, 0.1135811
3610.090, 0.1142404
3612.018, 0.1147111
3613.947, 0.1160738
3615.875, 0.1174351
3617.803, 0.1177007
3619.732, 0.1170141
3621.660, 0.1154464
3623.589, 0.1151261
3625.517, 0.1163839
3627.446, 0.1193408
3629.374, 0.1214301
3631.303, 0.1181071
3633.231, 0.1127429
3635.160, 0.1127548
3637.088, 0.1150222
3639.017, 0.1135110
3640.945, 0.1115328
3642.874, 0.1123260
3644.802, 0.1151347
3646.730, 0.1150874
3648.659, 0.1148022
3650.587, 0.1161882
3652.516, 0.1177951
3654.444, 0.1173730
3656.373, 0.1143374
3658.301, 0.1139771
3660.230, 0.1166008
3662.158, 0.1182615
3664.087, 0.1176512
3666.015, 0.1169351
3667.944, 0.1184944
3669.872, 0.1206981
3671.801, 0.1209097
3673.729, 0.1199395
3675.657, 0.1189876
3677.586, 0.1158645
3679.514, 0.1152467
3681.443, 0.1173137
3683.371, 0.1180852
3685.300, 0.1167192
3687.228, 0.1165155
3689.157, 0.1170483
3691.085, 0.1187609
3693.014, 0.1181690
3694.942, 0.1145355
3696.871, 0.1164121
3698.799, 0.1200671
3700.728, 0.1176970
3702.656, 0.1187319
3704.584, 0.1209730
3706.513, 0.1213888
3708.441, 0.1211977
3710.370, 0.1189668
3712.298, 0.1160252
3714.227, 0.1140078
3716.155, 0.1129078
3718.084, 0.1143281
3720.012, 0.1169006
3721.941, 0.1171607
3723.869, 0.1192364
3725.798, 0.1214542
3727.726, 0.1207134
3729.655, 0.1158438
3731.583, 0.1165467
3733.511, 0.1194206
3735.440, 0.1195522
3737.368, 0.1192999
3739.297, 0.1191207
3741.225, 0.1193783
3743.154, 0.1208362
3745.082, 0.1190920
3747.011, 0.1179368
3748.939, 0.1190523
3750.868, 0.1218804
3752.796, 0.1232762
3754.725, 0.1220925
3756.653, 0.1219237
3758.582, 0.1209160
3760.510, 0.1203502
3762.438, 0.1199337
3764.367, 0.1180717
3766.295, 0.1205212
3768.224, 0.1221036
3770.152, 0.1219765
3772.081, 0.1197549
3774.009, 0.1183248
3775.938, 0.1217542
3777.866, 0.1239693
3779.795, 0.1242899
3781.723, 0.1236615
3783.652, 0.1239424
3785.580, 0.1226491
3787.509, 0.1223985
3789.437, 0.1214460
3791.365, 0.1162657
3793.294, 0.1197182
3795.222, 0.1255228
3797.151, 0.1246145
3799.079, 0.1233419
3801.008, 0.1248489
3802.936, 0.1251448
3804.865, 0.1216802
3806.793, 0.1210749
3808.722, 0.1210871
3810.650, 0.1220962
3812.579, 0.1245690
3814.507, 0.1245640
3816.436, 0.1237209
3818.364, 0.1236240
3820.292, 0.1228763
3822.221, 0.1221508
3824.149, 0.1231110
3826.078, 0.1241131
3828.006, 0.1236623
3829.935, 0.1238330
3831.863, 0.1239777
3833.792, 0.1227169
3835.720, 0.1210838
3837.649, 0.1212197
3839.577, 0.1215943
3841.506, 0.1206194
3843.434, 0.1180230
3845.363, 0.1189267
3847.291, 0.1207744
3849.219, 0.1224601
3851.148, 0.1225375
3853.076, 0.1247588
3855.005, 0.1258084
3856.933, 0.1218813
3858.862, 0.1196519
3860.790, 0.1222204
3862.719, 0.1249696
3864.647, 0.1259625
3866.576, 0.1263238
3868.504, 0.1272060
3870.433, 0.1276039
3872.361, 0.1276408
3874.290, 0.1240217
3876.218, 0.1223465
3878.146, 0.1235580
3880.075, 0.1229193
3882.003, 0.1268360
3883.932, 0.1287881
3885.860, 0.1261563
3887.789, 0.1233090
3889.717, 0.1227246
3891.646, 0.1260819
3893.574, 0.1284286
3895.503, 0.1265586
3897.431, 0.1234466
3899.360, 0.1223402
3901.288, 0.1231701
3903.217, 0.1239915
3905.145, 0.1280153
3907.073, 0.1285827
3909.002, 0.1232924
3910.930, 0.1207413
3912.859, 0.1202811
3914.787, 0.1213781
3916.716, 0.1258973
3918.644, 0.1268814
3920.573, 0.1248387
3922.501, 0.1267108
3924.430, 0.1273488
3926.358, 0.1260822
3928.287, 0.1259451
3930.215, 0.1274544
3932.144, 0.1296684
3934.072, 0.1291342
3936.000, 0.1278694
3937.929, 0.1283675
3939.857, 0.1287941
3941.786, 0.1289196
3943.714, 0.1244370
3945.643, 0.1198565
3947.571, 0.1205386
3949.500, 0.1263405
3951.428, 0.1272690
3953.357, 0.1268544
3955.285, 0.1276538
3957.214, 0.1256811
3959.142, 0.1270119
3961.071, 0.1274411
3962.999, 0.1254435
3964.927, 0.1248233
3966.856, 0.1257902
3968.784, 0.1286069
3970.713, 0.1292356
3972.641, 0.1286045
3974.570, 0.1299651
3976.498, 0.1286626
3978.427, 0.1280338
3980.355, 0.1278640
3982.284, 0.1270036
3984.212, 0.1257234
3986.141, 0.1249815
3988.069, 0.1296635
3989.998, 0.1321294
3991.926, 0.1285154
3993.854, 0.1254500
3995.783, 0.1254022
3997.711, 0.1292315
3999.640, 0.1292939
##END=



