##NAMES=Rutile
##RRUFFID=R040049
##IDEAL CHEMISTRY=Ti^4+^O_2_
##LOCALITY=Graves Mountain, Lincoln County, Georgia, USA
##OWNER=RRUFF
##SOURCE=University of Arizona Mineral Museum
##DESCRIPTION=Reddish-black fragments
##STATUS=The identification of this mineral has been confirmed by X-ray diffraction and chemical analysis
##URL=rruff.info/R040049
##MEASURED CHEMISTRY=(Ti_1.00_Fe_0.01_)O_2_
3.991926e+002, 0.000000e+000
4.011211e+002, 1.643678e-001
4.030496e+002, 1.650961e-001
4.049780e+002, 1.640938e-001
4.069065e+002, 1.623552e-001
4.088350e+002, 1.580670e-001
4.107634e+002, 1.565797e-001
4.126919e+002, 1.545363e-001
4.146204e+002, 1.519677e-001
4.165488e+002, 1.504823e-001
4.184773e+002, 1.483489e-001
4.204058e+002, 1.453141e-001
4.223342e+002, 1.457831e-001
4.242627e+002, 1.462578e-001
4.261912e+002, 1.449303e-001
4.281196e+002, 1.443986e-001
4.300481e+002, 1.430840e-001
4.319766e+002, 1.400747e-001
4.339050e+002, 1.377110e-001
4.358335e+002, 1.374703e-001
4.377620e+002, 1.380424e-001
4.396904e+002, 1.380105e-001
4.416189e+002, 1.394571e-001
4.435474e+002, 1.408119e-001
4.454758e+002, 1.414019e-001
4.474043e+002, 1.420326e-001
4.493328e+002, 1.434814e-001
4.512612e+002, 1.469611e-001
4.531897e+002, 1.491101e-001
4.551182e+002, 1.515239e-001
4.570466e+002, 1.548741e-001
4.589751e+002, 1.566319e-001
4.609036e+002, 1.581266e-001
4.628320e+002, 1.606290e-001
4.647605e+002, 1.622339e-001
4.666890e+002, 1.644987e-001
4.686174e+002, 1.671927e-001
4.705459e+002, 1.681171e-001
4.724744e+002, 1.689003e-001
4.744028e+002, 1.699568e-001
4.763313e+002, 1.720377e-001
4.782598e+002, 1.739948e-001
4.801882e+002, 1.746229e-001
4.821167e+002, 1.753850e-001
4.840452e+002, 1.762537e-001
4.859736e+002, 1.773802e-001
4.879021e+002, 1.788836e-001
4.898306e+002, 1.800919e-001
4.917590e+002, 1.805291e-001
4.936875e+002, 1.810186e-001
4.956160e+002, 1.818323e-001
4.975444e+002, 1.828423e-001
4.994729e+002, 1.833972e-001
5.014014e+002, 1.839204e-001
5.033298e+002, 1.836801e-001
5.052583e+002, 1.828745e-001
5.071868e+002, 1.829639e-001
5.091152e+002, 1.827336e-001
5.110437e+002, 1.824840e-001
5.129722e+002, 1.824243e-001
5.149006e+002, 1.816606e-001
5.168291e+002, 1.811130e-001
5.187576e+002, 1.806284e-001
5.206860e+002, 1.794760e-001
5.226145e+002, 1.789924e-001
5.245430e+002, 1.787163e-001
5.264714e+002, 1.776600e-001
5.283999e+002, 1.767246e-001
5.303284e+002, 1.759210e-001
5.322568e+002, 1.752510e-001
5.341853e+002, 1.746364e-001
5.361138e+002, 1.738826e-001
5.380422e+002, 1.732209e-001
5.399707e+002, 1.731840e-001
5.418992e+002, 1.727732e-001
5.438276e+002, 1.719604e-001
5.457561e+002, 1.708877e-001
5.476846e+002, 1.698967e-001
5.496130e+002, 1.693904e-001
5.515415e+002, 1.694215e-001
5.534700e+002, 1.690811e-001
5.553984e+002, 1.680562e-001
5.573269e+002, 1.679060e-001
5.592554e+002, 1.684384e-001
5.611838e+002, 1.675553e-001
5.631123e+002, 1.663378e-001
5.650408e+002, 1.661642e-001
5.669692e+002, 1.661223e-001
5.688977e+002, 1.657365e-001
5.708262e+002, 1.650255e-001
5.727546e+002, 1.643746e-001
5.746831e+002, 1.637346e-001
5.766116e+002, 1.635955e-001
5.785400e+002, 1.629057e-001
5.804685e+002, 1.618806e-001
5.823970e+002, 1.613385e-001
5.843254e+002, 1.609732e-001
5.862539e+002, 1.603247e-001
5.881824e+002, 1.598412e-001
5.901108e+002, 1.592999e-001
5.920393e+002, 1.589438e-001
5.939678e+002, 1.576657e-001
5.958962e+002, 1.564351e-001
5.978247e+002, 1.561939e-001
5.997532e+002, 1.558485e-001
6.016816e+002, 1.549435e-001
6.036101e+002, 1.536889e-001
6.055386e+002, 1.527901e-001
6.074670e+002, 1.524134e-001
6.093955e+002, 1.520184e-001
6.113240e+002, 1.513920e-001
6.132524e+002, 1.506631e-001
6.151809e+002, 1.495811e-001
6.171094e+002, 1.485866e-001
6.190378e+002, 1.478273e-001
6.209663e+002, 1.471692e-001
6.228948e+002, 1.465620e-001
6.248232e+002, 1.460378e-001
6.267517e+002, 1.449428e-001
6.286802e+002, 1.435240e-001
6.306086e+002, 1.424050e-001
6.325371e+002, 1.415158e-001
6.344656e+002, 1.407819e-001
6.363940e+002, 1.399285e-001
6.383225e+002, 1.386969e-001
6.402510e+002, 1.377872e-001
6.421794e+002, 1.368748e-001
6.441079e+002, 1.355533e-001
6.460364e+002, 1.343857e-001
6.479648e+002, 1.335658e-001
6.498933e+002, 1.327713e-001
6.518218e+002, 1.317725e-001
6.537502e+002, 1.309969e-001
6.556787e+002, 1.300192e-001
6.576072e+002, 1.291644e-001
6.595356e+002, 1.281854e-001
6.614641e+002, 1.270165e-001
6.633926e+002, 1.261341e-001
6.653210e+002, 1.253540e-001
6.672495e+002, 1.245192e-001
6.691780e+002, 1.231003e-001
6.711064e+002, 1.216918e-001
6.730349e+002, 1.207863e-001
6.749634e+002, 1.199111e-001
6.768918e+002, 1.189232e-001
6.788203e+002, 1.180785e-001
6.807488e+002, 1.171267e-001
6.826772e+002, 1.159096e-001
6.846057e+002, 1.147813e-001
6.865342e+002, 1.138266e-001
6.884626e+002, 1.129674e-001
6.903911e+002, 1.119573e-001
6.923196e+002, 1.110676e-001
6.942480e+002, 1.099870e-001
6.961765e+002, 1.088721e-001
6.981050e+002, 1.079756e-001
7.000334e+002, 1.068250e-001
7.019619e+002, 1.055141e-001
7.038904e+002, 1.042207e-001
7.058188e+002, 1.032177e-001
7.077473e+002, 1.024753e-001
7.096758e+002, 1.015318e-001
7.116042e+002, 1.002372e-001
7.135327e+002, 9.900044e-002
7.154612e+002, 9.776121e-002
7.173896e+002, 9.634268e-002
7.193181e+002, 9.506772e-002
7.212466e+002, 9.424473e-002
7.231750e+002, 9.317283e-002
7.251035e+002, 9.160046e-002
7.270320e+002, 9.052941e-002
7.289604e+002, 8.959612e-002
7.308889e+002, 8.809568e-002
7.328174e+002, 8.649342e-002
7.347458e+002, 8.508801e-002
7.366743e+002, 8.376390e-002
7.386028e+002, 8.239575e-002
7.405313e+002, 8.109070e-002
7.424597e+002, 7.988745e-002
7.443882e+002, 7.854254e-002
7.463167e+002, 7.709738e-002
7.482451e+002, 7.563016e-002
7.501736e+002, 7.428646e-002
7.521021e+002, 7.281568e-002
7.540305e+002, 7.138768e-002
7.559590e+002, 7.012618e-002
7.578875e+002, 6.907964e-002
7.598159e+002, 6.772776e-002
7.617444e+002, 6.631536e-002
7.636729e+002, 6.511059e-002
7.656013e+002, 6.404682e-002
7.675298e+002, 6.248794e-002
7.694583e+002, 6.094547e-002
7.713867e+002, 5.970984e-002
7.733152e+002, 5.863398e-002
7.752437e+002, 5.746276e-002
7.771721e+002, 5.598852e-002
7.791006e+002, 5.457817e-002
7.810291e+002, 5.337550e-002
7.829575e+002, 5.221667e-002
7.848860e+002, 5.106679e-002
7.868145e+002, 5.009173e-002
7.887429e+002, 4.874034e-002
7.906714e+002, 4.746246e-002
7.925999e+002, 4.651050e-002
7.945283e+002, 4.527666e-002
7.964568e+002, 4.404956e-002
7.983853e+002, 4.291625e-002
8.003137e+002, 4.185278e-002
8.022422e+002, 4.091638e-002
8.041707e+002, 4.003908e-002
8.060991e+002, 3.927182e-002
8.080276e+002, 3.833652e-002
8.099561e+002, 3.728554e-002
8.118845e+002, 3.623833e-002
8.138130e+002, 3.544484e-002
8.157415e+002, 3.461758e-002
8.176699e+002, 3.376339e-002
8.195984e+002, 3.306166e-002
8.215269e+002, 3.219017e-002
8.234553e+002, 3.156475e-002
8.253838e+002, 3.096463e-002
8.273123e+002, 3.014944e-002
8.292407e+002, 2.939072e-002
8.311692e+002, 2.875008e-002
8.330977e+002, 2.817344e-002
8.350261e+002, 2.753157e-002
8.369546e+002, 2.696216e-002
8.388831e+002, 2.649380e-002
8.408115e+002, 2.597721e-002
8.427400e+002, 2.533104e-002
8.446685e+002, 2.478910e-002
8.465969e+002, 2.434846e-002
8.485254e+002, 2.382167e-002
8.504539e+002, 2.358084e-002
8.523823e+002, 2.325922e-002
8.543108e+002, 2.273393e-002
8.562393e+002, 2.249568e-002
8.581677e+002, 2.220328e-002
8.600962e+002, 2.181797e-002
8.620247e+002, 2.148175e-002
8.639531e+002, 2.107474e-002
8.658816e+002, 2.096838e-002
8.678101e+002, 2.097225e-002
8.697385e+002, 2.077727e-002
8.716670e+002, 2.046839e-002
8.735955e+002, 2.028208e-002
8.755239e+002, 2.017899e-002
8.774524e+002, 1.983219e-002
8.793809e+002, 1.972471e-002
8.813093e+002, 1.979971e-002
8.832378e+002, 1.949929e-002
8.851663e+002, 1.913915e-002
8.870947e+002, 1.870019e-002
8.890232e+002, 1.833010e-002
8.909517e+002, 1.845071e-002
8.928801e+002, 1.852221e-002
8.948085e+002, 1.839454e-002
8.967370e+002, 1.817680e-002
8.986655e+002, 1.806539e-002
9.005939e+002, 1.803098e-002
9.025224e+002, 1.775885e-002
9.044509e+002, 1.751649e-002
9.063793e+002, 1.730443e-002
9.083078e+002, 1.712876e-002
9.102363e+002, 1.692193e-002
9.121647e+002, 1.694197e-002
9.140932e+002, 1.693875e-002
9.160217e+002, 1.662032e-002
9.179501e+002, 1.619886e-002
9.198786e+002, 1.599586e-002
9.218071e+002, 1.607310e-002
9.237355e+002, 1.607758e-002
9.256640e+002, 1.592326e-002
9.275925e+002, 1.563357e-002
9.295209e+002, 1.549777e-002
9.314494e+002, 1.547881e-002
9.333779e+002, 1.537872e-002
9.353063e+002, 1.527279e-002
9.372348e+002, 1.510479e-002
9.391633e+002, 1.492400e-002
9.410917e+002, 1.487776e-002
9.430202e+002, 1.493467e-002
9.449487e+002, 1.477023e-002
9.468771e+002, 1.458259e-002
9.488056e+002, 1.450410e-002
9.507341e+002, 1.438466e-002
9.526625e+002, 1.431222e-002
9.545910e+002, 1.428323e-002
9.565195e+002, 1.420157e-002
9.584479e+002, 1.444463e-002
9.603764e+002, 1.432619e-002
9.623049e+002, 1.392484e-002
9.642333e+002, 1.391122e-002
9.661618e+002, 1.401118e-002
9.680903e+002, 1.399613e-002
9.700187e+002, 1.387491e-002
9.719472e+002, 1.385415e-002
9.738757e+002, 1.390001e-002
9.758041e+002, 1.390115e-002
9.777326e+002, 1.386607e-002
9.796611e+002, 1.375029e-002
9.815895e+002, 1.357893e-002
9.835180e+002, 1.338648e-002
9.854465e+002, 1.326033e-002
9.873749e+002, 1.337299e-002
9.893034e+002, 1.337540e-002
9.912319e+002, 1.317163e-002
9.931603e+002, 1.308907e-002
9.950888e+002, 1.312640e-002
9.970173e+002, 1.309720e-002
9.989457e+002, 1.305974e-002
1.000874e+003, 1.309617e-002
1.002803e+003, 1.319279e-002
1.004731e+003, 1.338674e-002
1.006660e+003, 1.326162e-002
1.008588e+003, 1.316391e-002
1.010517e+003, 1.316984e-002
1.012445e+003, 1.321943e-002
1.014373e+003, 1.319408e-002
1.016302e+003, 1.342764e-002
1.018230e+003, 1.349855e-002
1.020159e+003, 1.345031e-002
1.022087e+003, 1.360001e-002
1.024016e+003, 1.384134e-002
1.025944e+003, 1.394939e-002
1.027873e+003, 1.396768e-002
1.029801e+003, 1.392491e-002
1.031730e+003, 1.387310e-002
1.033658e+003, 1.382616e-002
1.035587e+003, 1.379484e-002
1.037515e+003, 1.376737e-002
1.039444e+003, 1.371363e-002
1.041372e+003, 1.389614e-002
1.043301e+003, 1.412618e-002
1.045229e+003, 1.416600e-002
1.047157e+003, 1.417400e-002
1.049086e+003, 1.434608e-002
1.051014e+003, 1.449606e-002
1.052943e+003, 1.448808e-002
1.054871e+003, 1.449133e-002
1.056800e+003, 1.455872e-002
1.058728e+003, 1.454140e-002
1.060657e+003, 1.472138e-002
1.062585e+003, 1.482643e-002
1.064514e+003, 1.500401e-002
1.066442e+003, 1.522904e-002
1.068371e+003, 1.522494e-002
1.070299e+003, 1.513248e-002
1.072228e+003, 1.531856e-002
1.074156e+003, 1.551833e-002
1.076084e+003, 1.558445e-002
1.078013e+003, 1.564151e-002
1.079941e+003, 1.560468e-002
1.081870e+003, 1.571292e-002
1.083798e+003, 1.596101e-002
1.085727e+003, 1.616607e-002
1.087655e+003, 1.630043e-002
1.089584e+003, 1.648878e-002
1.091512e+003, 1.673262e-002
1.093441e+003, 1.700414e-002
1.095369e+003, 1.701342e-002
1.097298e+003, 1.726533e-002
1.099226e+003, 1.755553e-002
1.101155e+003, 1.773262e-002
1.103083e+003, 1.796988e-002
1.105011e+003, 1.799048e-002
1.106940e+003, 1.808495e-002
1.108868e+003, 1.838263e-002
1.110797e+003, 1.865850e-002
1.112725e+003, 1.878022e-002
1.114654e+003, 1.898693e-002
1.116582e+003, 1.918389e-002
1.118511e+003, 1.943698e-002
1.120439e+003, 1.980188e-002
1.122368e+003, 2.002563e-002
1.124296e+003, 2.015731e-002
1.126225e+003, 2.026380e-002
1.128153e+003, 2.024747e-002
1.130082e+003, 2.026469e-002
1.132010e+003, 2.046459e-002
1.133938e+003, 2.062409e-002
1.135867e+003, 2.078196e-002
1.137795e+003, 2.084636e-002
1.139724e+003, 2.086103e-002
1.141652e+003, 2.092297e-002
1.143581e+003, 2.107291e-002
1.145509e+003, 2.124393e-002
1.147438e+003, 2.145987e-002
1.149366e+003, 2.164233e-002
1.151295e+003, 2.190024e-002
1.153223e+003, 2.192366e-002
1.155152e+003, 2.189904e-002
1.157080e+003, 2.218712e-002
1.159009e+003, 2.241364e-002
1.160937e+003, 2.254923e-002
1.162865e+003, 2.262640e-002
1.164794e+003, 2.292110e-002
1.166722e+003, 2.324543e-002
1.168651e+003, 2.317164e-002
1.170579e+003, 2.320336e-002
1.172508e+003, 2.356315e-002
1.174436e+003, 2.398582e-002
1.176365e+003, 2.425806e-002
1.178293e+003, 2.436590e-002
1.180222e+003, 2.445784e-002
1.182150e+003, 2.454133e-002
1.184079e+003, 2.481808e-002
1.186007e+003, 2.512096e-002
1.187936e+003, 2.513617e-002
1.189864e+003, 2.520014e-002
1.191792e+003, 2.552320e-002
1.193721e+003, 2.592003e-002
1.195649e+003, 2.619971e-002
1.197578e+003, 2.643660e-002
1.199506e+003, 2.662637e-002
1.201435e+003, 2.687254e-002
1.203363e+003, 2.706121e-002
1.205292e+003, 2.717089e-002
1.207220e+003, 2.739905e-002
1.209149e+003, 2.773994e-002
1.211077e+003, 2.816107e-002
1.213006e+003, 2.847285e-002
1.214934e+003, 2.870162e-002
1.216863e+003, 2.894108e-002
1.218791e+003, 2.904055e-002
1.220719e+003, 2.921076e-002
1.222648e+003, 2.944748e-002
1.224576e+003, 2.971824e-002
1.226505e+003, 2.989753e-002
1.228433e+003, 3.017715e-002
1.230362e+003, 3.044762e-002
1.232290e+003, 3.061018e-002
1.234219e+003, 3.100238e-002
1.236147e+003, 3.142089e-002
1.238076e+003, 3.172261e-002
1.240004e+003, 3.193439e-002
1.241933e+003, 3.209583e-002
1.243861e+003, 3.225006e-002
1.245790e+003, 3.250837e-002
1.247718e+003, 3.283721e-002
1.249646e+003, 3.309986e-002
1.251575e+003, 3.331634e-002
1.253503e+003, 3.349204e-002
1.255432e+003, 3.395186e-002
1.257360e+003, 3.405580e-002
1.259289e+003, 3.410499e-002
1.261217e+003, 3.453778e-002
1.263146e+003, 3.490396e-002
1.265074e+003, 3.502288e-002
1.267003e+003, 3.534567e-002
1.268931e+003, 3.568173e-002
1.270860e+003, 3.584610e-002
1.272788e+003, 3.611436e-002
1.274717e+003, 3.634964e-002
1.276645e+003, 3.641930e-002
1.278573e+003, 3.664275e-002
1.280502e+003, 3.689740e-002
1.282430e+003, 3.713166e-002
1.284359e+003, 3.750182e-002
1.286287e+003, 3.787869e-002
1.288216e+003, 3.806882e-002
1.290144e+003, 3.828434e-002
1.292073e+003, 3.860783e-002
1.294001e+003, 3.884279e-002
1.295930e+003, 3.902831e-002
1.297858e+003, 3.929892e-002
1.299787e+003, 3.954462e-002
1.301715e+003, 3.984409e-002
1.303644e+003, 3.996381e-002
1.305572e+003, 4.017382e-002
1.307500e+003, 4.055413e-002
1.309429e+003, 4.078458e-002
1.311357e+003, 4.112623e-002
1.313286e+003, 4.145109e-002
1.315214e+003, 4.169534e-002
1.317143e+003, 4.184541e-002
1.319071e+003, 4.206919e-002
1.321000e+003, 4.247894e-002
1.322928e+003, 4.272883e-002
1.324857e+003, 4.293662e-002
1.326785e+003, 4.322590e-002
1.328714e+003, 4.362662e-002
1.330642e+003, 4.401461e-002
1.332571e+003, 4.446287e-002
1.334499e+003, 4.478363e-002
1.336427e+003, 4.503679e-002
1.338356e+003, 4.519857e-002
1.340284e+003, 4.529253e-002
1.342213e+003, 4.538891e-002
1.344141e+003, 4.562342e-002
1.346070e+003, 4.600061e-002
1.347998e+003, 4.626346e-002
1.349927e+003, 4.664242e-002
1.351855e+003, 4.691588e-002
1.353784e+003, 4.713256e-002
1.355712e+003, 4.746727e-002
1.357641e+003, 4.765857e-002
1.359569e+003, 4.786178e-002
1.361498e+003, 4.805150e-002
1.363426e+003, 4.834188e-002
1.365354e+003, 4.868080e-002
1.367283e+003, 4.899099e-002
1.369211e+003, 4.940124e-002
1.371140e+003, 4.966954e-002
1.373068e+003, 4.990823e-002
1.374997e+003, 5.017541e-002
1.376925e+003, 5.039301e-002
1.378854e+003, 5.073849e-002
1.380782e+003, 5.097366e-002
1.382711e+003, 5.120807e-002
1.384639e+003, 5.162217e-002
1.386568e+003, 5.202370e-002
1.388496e+003, 5.244995e-002
1.390424e+003, 5.250428e-002
1.392353e+003, 5.262350e-002
1.394281e+003, 5.298429e-002
1.396210e+003, 5.342188e-002
1.398138e+003, 5.355968e-002
1.400067e+003, 5.377066e-002
1.401995e+003, 5.415030e-002
1.403924e+003, 5.458022e-002
1.405852e+003, 5.494614e-002
1.407781e+003, 5.501837e-002
1.409709e+003, 5.525026e-002
1.411638e+003, 5.571227e-002
1.413566e+003, 5.610976e-002
1.415495e+003, 5.619057e-002
1.417423e+003, 5.632943e-002
1.419351e+003, 5.679850e-002
1.421280e+003, 5.711963e-002
1.423208e+003, 5.727467e-002
1.425137e+003, 5.769637e-002
1.427065e+003, 5.782456e-002
1.428994e+003, 5.791132e-002
1.430922e+003, 5.815353e-002
1.432851e+003, 5.847996e-002
1.434779e+003, 5.873801e-002
1.436708e+003, 5.909245e-002
1.438636e+003, 5.927791e-002
1.440565e+003, 5.944518e-002
1.442493e+003, 5.973278e-002
1.444422e+003, 5.994890e-002
1.446350e+003, 6.013688e-002
1.448278e+003, 6.045066e-002
1.450207e+003, 6.063390e-002
1.452135e+003, 6.094272e-002
1.454064e+003, 6.119065e-002
1.455992e+003, 6.120550e-002
1.457921e+003, 6.173669e-002
1.459849e+003, 6.197525e-002
1.461778e+003, 6.218164e-002
1.463706e+003, 6.222655e-002
1.465635e+003, 6.241066e-002
1.467563e+003, 6.249683e-002
1.469492e+003, 6.267694e-002
1.471420e+003, 6.287940e-002
1.473349e+003, 6.324752e-002
1.475277e+003, 6.327455e-002
1.477205e+003, 6.362940e-002
1.479134e+003, 6.399105e-002
1.481062e+003, 6.418759e-002
1.482991e+003, 6.418674e-002
1.484919e+003, 6.430025e-002
1.486848e+003, 6.452544e-002
1.488776e+003, 6.466297e-002
1.490705e+003, 6.516566e-002
1.492633e+003, 6.554719e-002
1.494562e+003, 6.561824e-002
1.496490e+003, 6.586071e-002
1.498419e+003, 6.609823e-002
1.500347e+003, 6.639367e-002
1.502276e+003, 6.644302e-002
1.504204e+003, 6.646822e-002
1.506132e+003, 6.692082e-002
1.508061e+003, 6.730063e-002
1.509989e+003, 6.727181e-002
1.511918e+003, 6.751177e-002
1.513846e+003, 6.805844e-002
1.515775e+003, 6.834826e-002
1.517703e+003, 6.857219e-002
1.519632e+003, 6.876415e-002
1.521560e+003, 6.907655e-002
1.523489e+003, 6.905015e-002
1.525417e+003, 6.931758e-002
1.527346e+003, 6.957632e-002
1.529274e+003, 6.974609e-002
1.531203e+003, 7.000941e-002
1.533131e+003, 7.035756e-002
1.535059e+003, 7.050087e-002
1.536988e+003, 7.038792e-002
1.538916e+003, 7.040443e-002
1.540845e+003, 7.083154e-002
1.542773e+003, 7.130713e-002
1.544702e+003, 7.149974e-002
1.546630e+003, 7.160810e-002
1.548559e+003, 7.168181e-002
1.550487e+003, 7.199423e-002
1.552416e+003, 7.216364e-002
1.554344e+003, 7.252475e-002
1.556273e+003, 7.266159e-002
1.558201e+003, 7.279255e-002
1.560130e+003, 7.330888e-002
1.562058e+003, 7.337810e-002
1.563986e+003, 7.350773e-002
1.565915e+003, 7.387645e-002
1.567843e+003, 7.418209e-002
1.569772e+003, 7.443661e-002
1.571700e+003, 7.422175e-002
1.573629e+003, 7.420444e-002
1.575557e+003, 7.462618e-002
1.577486e+003, 7.513152e-002
1.579414e+003, 7.516476e-002
1.581343e+003, 7.533790e-002
1.583271e+003, 7.559632e-002
1.585200e+003, 7.577363e-002
1.587128e+003, 7.584508e-002
1.589057e+003, 7.614381e-002
1.590985e+003, 7.636482e-002
1.592913e+003, 7.648851e-002
1.594842e+003, 7.682644e-002
1.596770e+003, 7.732192e-002
1.598699e+003, 7.750954e-002
1.600627e+003, 7.758386e-002
1.602556e+003, 7.766290e-002
1.604484e+003, 7.774802e-002
1.606413e+003, 7.811482e-002
1.608341e+003, 7.829156e-002
1.610270e+003, 7.846537e-002
1.612198e+003, 7.866485e-002
1.614127e+003, 7.861550e-002
1.616055e+003, 7.878143e-002
1.617984e+003, 7.935368e-002
1.619912e+003, 7.921371e-002
1.621840e+003, 7.927182e-002
1.623769e+003, 7.956691e-002
1.625697e+003, 8.000980e-002
1.627626e+003, 8.035848e-002
1.629554e+003, 8.043928e-002
1.631483e+003, 8.062537e-002
1.633411e+003, 8.085821e-002
1.635340e+003, 8.104267e-002
1.637268e+003, 8.111738e-002
1.639197e+003, 8.095961e-002
1.641125e+003, 8.113714e-002
1.643054e+003, 8.160291e-002
1.644982e+003, 8.161328e-002
1.646911e+003, 8.204243e-002
1.648839e+003, 8.247163e-002
1.650767e+003, 8.236551e-002
1.652696e+003, 8.257016e-002
1.654624e+003, 8.297577e-002
1.656553e+003, 8.290885e-002
1.658481e+003, 8.294973e-002
1.660410e+003, 8.284569e-002
1.662338e+003, 8.303571e-002
1.664267e+003, 8.335420e-002
1.666195e+003, 8.346106e-002
1.668124e+003, 8.359667e-002
1.670052e+003, 8.382515e-002
1.671981e+003, 8.391289e-002
1.673909e+003, 8.425552e-002
1.675838e+003, 8.462758e-002
1.677766e+003, 8.446892e-002
1.679694e+003, 8.473513e-002
1.681623e+003, 8.486870e-002
1.683551e+003, 8.486572e-002
1.685480e+003, 8.522090e-002
1.687408e+003, 8.500773e-002
1.689337e+003, 8.536416e-002
1.691265e+003, 8.567179e-002
1.693194e+003, 8.559590e-002
1.695122e+003, 8.542440e-002
1.697051e+003, 8.592965e-002
1.698979e+003, 8.607113e-002
1.700908e+003, 8.692095e-002
1.702836e+003, 8.675725e-002
1.704765e+003, 8.672114e-002
1.706693e+003, 8.694310e-002
1.708621e+003, 8.736283e-002
1.710550e+003, 8.768387e-002
1.712478e+003, 8.733293e-002
1.714407e+003, 8.732028e-002
1.716335e+003, 8.753114e-002
1.718264e+003, 8.809197e-002
1.720192e+003, 8.834573e-002
1.722121e+003, 8.823558e-002
1.724049e+003, 8.861736e-002
1.725978e+003, 8.893948e-002
1.727906e+003, 8.880951e-002
1.729835e+003, 8.876178e-002
1.731763e+003, 8.874181e-002
1.733692e+003, 8.897179e-002
1.735620e+003, 8.937483e-002
1.737548e+003, 8.921619e-002
1.739477e+003, 8.911853e-002
1.741405e+003, 8.937864e-002
1.743334e+003, 8.947581e-002
1.745262e+003, 8.948134e-002
1.747191e+003, 8.945528e-002
1.749119e+003, 8.976369e-002
1.751048e+003, 8.997978e-002
1.752976e+003, 8.997551e-002
1.754905e+003, 8.991839e-002
1.756833e+003, 9.043327e-002
1.758762e+003, 9.056602e-002
1.760690e+003, 9.050272e-002
1.762619e+003, 9.083557e-002
1.764547e+003, 9.082770e-002
1.766475e+003, 9.069303e-002
1.768404e+003, 9.076175e-002
1.770332e+003, 9.090675e-002
1.772261e+003, 9.104730e-002
1.774189e+003, 9.119083e-002
1.776118e+003, 9.141958e-002
1.778046e+003, 9.149165e-002
1.779975e+003, 9.162004e-002
1.781903e+003, 9.215534e-002
1.783832e+003, 9.213038e-002
1.785760e+003, 9.207880e-002
1.787689e+003, 9.231394e-002
1.789617e+003, 9.267224e-002
1.791546e+003, 9.256150e-002
1.793474e+003, 9.285891e-002
1.795402e+003, 9.286254e-002
1.797331e+003, 9.283149e-002
1.799259e+003, 9.293701e-002
1.801188e+003, 9.328468e-002
1.803116e+003, 9.343056e-002
1.805045e+003, 9.337075e-002
1.806973e+003, 9.329958e-002
1.808902e+003, 9.327578e-002
1.810830e+003, 9.335041e-002
1.812759e+003, 9.350738e-002
1.814687e+003, 9.367824e-002
1.816616e+003, 9.375651e-002
1.818544e+003, 9.391583e-002
1.820473e+003, 9.412819e-002
1.822401e+003, 9.413745e-002
1.824329e+003, 9.412653e-002
1.826258e+003, 9.493642e-002
1.828186e+003, 9.532120e-002
1.830115e+003, 9.529735e-002
1.832043e+003, 9.467791e-002
1.833972e+003, 9.464113e-002
1.835900e+003, 9.493013e-002
1.837829e+003, 9.557692e-002
1.839757e+003, 9.573233e-002
1.841686e+003, 9.590557e-002
1.843614e+003, 9.579416e-002
1.845543e+003, 9.597075e-002
1.847471e+003, 9.635293e-002
1.849400e+003, 9.650097e-002
1.851328e+003, 9.639288e-002
1.853256e+003, 9.620623e-002
1.855185e+003, 9.642153e-002
1.857113e+003, 9.688035e-002
1.859042e+003, 9.650553e-002
1.860970e+003, 9.593344e-002
1.862899e+003, 9.586696e-002
1.864827e+003, 9.608559e-002
1.866756e+003, 9.676798e-002
1.868684e+003, 9.742144e-002
1.870613e+003, 9.726841e-002
1.872541e+003, 9.726321e-002
1.874470e+003, 9.779514e-002
1.876398e+003, 9.772189e-002
1.878327e+003, 9.788695e-002
1.880255e+003, 9.852649e-002
1.882183e+003, 9.855369e-002
1.884112e+003, 9.838755e-002
1.886040e+003, 9.827068e-002
1.887969e+003, 9.829372e-002
1.889897e+003, 9.903880e-002
1.891826e+003, 9.950277e-002
1.893754e+003, 9.952212e-002
1.895683e+003, 9.922873e-002
1.897611e+003, 9.892316e-002
1.899540e+003, 9.877905e-002
1.901468e+003, 9.853642e-002
1.903397e+003, 9.901898e-002
1.905325e+003, 9.994776e-002
1.907254e+003, 1.002330e-001
1.909182e+003, 1.003712e-001
1.911110e+003, 1.002389e-001
1.913039e+003, 1.004665e-001
1.914967e+003, 1.007025e-001
1.916896e+003, 1.002518e-001
1.918824e+003, 1.000020e-001
1.920753e+003, 9.955101e-002
1.922681e+003, 9.940520e-002
1.924610e+003, 1.001636e-001
1.926538e+003, 1.005724e-001
1.928467e+003, 9.942731e-002
1.930395e+003, 9.912422e-002
1.932324e+003, 9.974076e-002
1.934252e+003, 9.943546e-002
1.936181e+003, 1.001833e-001
1.938109e+003, 1.009908e-001
1.940037e+003, 1.008663e-001
1.941966e+003, 9.945237e-002
1.943894e+003, 9.917263e-002
1.945823e+003, 1.001110e-001
1.947751e+003, 1.004759e-001
1.949680e+003, 1.012140e-001
1.951608e+003, 1.015634e-001
1.953537e+003, 1.009692e-001
1.955465e+003, 1.006647e-001
1.957394e+003, 1.008167e-001
1.959322e+003, 1.003665e-001
1.961251e+003, 9.963506e-002
1.963179e+003, 9.887210e-002
1.965108e+003, 9.870151e-002
1.967036e+003, 9.912983e-002
1.968964e+003, 1.007531e-001
1.970893e+003, 1.017014e-001
1.972821e+003, 1.017968e-001
1.974750e+003, 1.005130e-001
1.976678e+003, 9.994619e-002
1.978607e+003, 1.027893e-001
1.980535e+003, 1.039309e-001
1.982464e+003, 1.035588e-001
1.984392e+003, 1.035315e-001
1.986321e+003, 1.029734e-001
1.988249e+003, 1.029877e-001
1.990178e+003, 1.026987e-001
1.992106e+003, 1.018334e-001
1.994035e+003, 1.018775e-001
1.995963e+003, 1.036958e-001
1.997891e+003, 1.048989e-001
1.999820e+003, 1.025886e-001
2.001748e+003, 1.002471e-001
2.003677e+003, 1.015856e-001
2.005605e+003, 1.020385e-001
2.007534e+003, 1.011850e-001
2.009462e+003, 1.010951e-001
2.011391e+003, 1.023084e-001
2.013319e+003, 1.029933e-001
2.015248e+003, 1.040133e-001
2.017176e+003, 1.052669e-001
2.019105e+003, 1.040789e-001
2.021033e+003, 1.020189e-001
2.022962e+003, 1.040578e-001
2.024890e+003, 1.052287e-001
2.026818e+003, 1.032291e-001
2.028747e+003, 1.014488e-001
2.030675e+003, 1.006775e-001
2.032604e+003, 1.021275e-001
2.034532e+003, 1.026272e-001
2.036461e+003, 1.029748e-001
2.038389e+003, 1.044521e-001
2.040318e+003, 1.046672e-001
2.042246e+003, 1.052191e-001
2.044175e+003, 1.047109e-001
2.046103e+003, 1.044281e-001
2.048032e+003, 1.049923e-001
2.049960e+003, 1.056697e-001
2.051889e+003, 1.061753e-001
2.053817e+003, 1.065997e-001
2.055746e+003, 1.071716e-001
2.057674e+003, 1.079270e-001
2.059603e+003, 1.085591e-001
2.061531e+003, 1.088528e-001
2.063459e+003, 1.080467e-001
2.065388e+003, 1.075830e-001
2.067316e+003, 1.073946e-001
2.069245e+003, 1.083600e-001
2.071173e+003, 1.084234e-001
2.073102e+003, 1.087443e-001
2.075030e+003, 1.090442e-001
2.076959e+003, 1.086394e-001
2.078887e+003, 1.083473e-001
2.080816e+003, 1.092877e-001
2.082744e+003, 1.096719e-001
2.084673e+003, 1.102589e-001
2.086601e+003, 1.102320e-001
2.088530e+003, 1.104325e-001
2.090458e+003, 1.105065e-001
2.092386e+003, 1.102082e-001
2.094315e+003, 1.098564e-001
2.096243e+003, 1.103116e-001
2.098172e+003, 1.114799e-001
2.100100e+003, 1.112413e-001
2.102029e+003, 1.106664e-001
2.103957e+003, 1.103858e-001
2.105886e+003, 1.091396e-001
2.107814e+003, 1.093963e-001
2.109743e+003, 1.110294e-001
2.111671e+003, 1.118014e-001
2.113600e+003, 1.112514e-001
2.115528e+003, 1.109300e-001
2.117457e+003, 1.101950e-001
2.119385e+003, 1.097616e-001
2.121313e+003, 1.106623e-001
2.123242e+003, 1.113492e-001
2.125170e+003, 1.115325e-001
2.127099e+003, 1.110950e-001
2.129027e+003, 1.103954e-001
2.130956e+003, 1.102539e-001
2.132884e+003, 1.106645e-001
2.134813e+003, 1.096808e-001
2.136741e+003, 1.091188e-001
2.138670e+003, 1.098446e-001
2.140598e+003, 1.096993e-001
2.142527e+003, 1.100440e-001
2.144455e+003, 1.097217e-001
2.146384e+003, 1.096674e-001
2.148312e+003, 1.090110e-001
2.150240e+003, 1.071676e-001
2.152169e+003, 1.067320e-001
2.154097e+003, 1.090301e-001
2.156026e+003, 1.090403e-001
2.157954e+003, 1.097501e-001
2.159883e+003, 1.140105e-001
2.161811e+003, 1.130660e-001
2.163740e+003, 1.110692e-001
2.165668e+003, 1.113361e-001
2.167597e+003, 1.112577e-001
2.169525e+003, 1.092855e-001
2.171454e+003, 1.089104e-001
2.173382e+003, 1.095035e-001
2.175311e+003, 1.116733e-001
2.177239e+003, 1.121323e-001
2.179167e+003, 1.119310e-001
2.181096e+003, 1.103051e-001
2.183024e+003, 1.093451e-001
2.184953e+003, 1.110032e-001
2.186881e+003, 1.120473e-001
2.188810e+003, 1.119906e-001
2.190738e+003, 1.125639e-001
2.192667e+003, 1.144391e-001
2.194595e+003, 1.146604e-001
2.196524e+003, 1.130569e-001
2.198452e+003, 1.125912e-001
2.200381e+003, 1.130358e-001
2.202309e+003, 1.149438e-001
2.204238e+003, 1.144086e-001
2.206166e+003, 1.134122e-001
2.208094e+003, 1.138489e-001
2.210023e+003, 1.154109e-001
2.211951e+003, 1.150054e-001
2.213880e+003, 1.150968e-001
2.215808e+003, 1.149620e-001
2.217737e+003, 1.136395e-001
2.219665e+003, 1.137514e-001
2.221594e+003, 1.156455e-001
2.223522e+003, 1.171723e-001
2.225451e+003, 1.163715e-001
2.227379e+003, 1.165396e-001
2.229308e+003, 1.165330e-001
2.231236e+003, 1.150413e-001
2.233165e+003, 1.154504e-001
2.235093e+003, 1.158762e-001
2.237021e+003, 1.148209e-001
2.238950e+003, 1.161208e-001
2.240878e+003, 1.166670e-001
2.242807e+003, 1.167983e-001
2.244735e+003, 1.168172e-001
2.246664e+003, 1.168753e-001
2.248592e+003, 1.169564e-001
2.250521e+003, 1.164762e-001
2.252449e+003, 1.163550e-001
2.254378e+003, 1.175014e-001
2.256306e+003, 1.186788e-001
2.258235e+003, 1.191097e-001
2.260163e+003, 1.183112e-001
2.262092e+003, 1.173752e-001
2.264020e+003, 1.181988e-001
2.265948e+003, 1.194295e-001
2.267877e+003, 1.194829e-001
2.269805e+003, 1.183578e-001
2.271734e+003, 1.180733e-001
2.273662e+003, 1.187869e-001
2.275591e+003, 1.185834e-001
2.277519e+003, 1.185302e-001
2.279448e+003, 1.194001e-001
2.281376e+003, 1.200699e-001
2.283305e+003, 1.201227e-001
2.285233e+003, 1.201084e-001
2.287162e+003, 1.206489e-001
2.289090e+003, 1.211680e-001
2.291019e+003, 1.211413e-001
2.292947e+003, 1.209077e-001
2.294875e+003, 1.201815e-001
2.296804e+003, 1.201191e-001
2.298732e+003, 1.206043e-001
2.300661e+003, 1.209969e-001
2.302589e+003, 1.214913e-001
2.304518e+003, 1.223264e-001
2.306446e+003, 1.221474e-001
2.308375e+003, 1.211941e-001
2.310303e+003, 1.209598e-001
2.312232e+003, 1.218110e-001
2.314160e+003, 1.222135e-001
2.316089e+003, 1.221335e-001
2.318017e+003, 1.220694e-001
2.319946e+003, 1.221710e-001
2.321874e+003, 1.223965e-001
2.323802e+003, 1.226923e-001
2.325731e+003, 1.223217e-001
2.327659e+003, 1.221323e-001
2.329588e+003, 1.224284e-001
2.331516e+003, 1.225340e-001
2.333445e+003, 1.226816e-001
2.335373e+003, 1.226527e-001
2.337302e+003, 1.227603e-001
2.339230e+003, 1.229091e-001
2.341159e+003, 1.228971e-001
2.343087e+003, 1.232034e-001
2.345016e+003, 1.228996e-001
2.346944e+003, 1.226461e-001
2.348873e+003, 1.225489e-001
2.350801e+003, 1.225450e-001
2.352729e+003, 1.226996e-001
2.354658e+003, 1.228974e-001
2.356586e+003, 1.231567e-001
2.358515e+003, 1.232779e-001
2.360443e+003, 1.233455e-001
2.362372e+003, 1.231827e-001
2.364300e+003, 1.229395e-001
2.366229e+003, 1.235514e-001
2.368157e+003, 1.243311e-001
2.370086e+003, 1.239998e-001
2.372014e+003, 1.237300e-001
2.373942e+003, 1.234179e-001
2.375871e+003, 1.231946e-001
2.377799e+003, 1.233808e-001
2.379728e+003, 1.238173e-001
2.381656e+003, 1.235636e-001
2.383585e+003, 1.235195e-001
2.385513e+003, 1.238810e-001
2.387442e+003, 1.236114e-001
2.389370e+003, 1.235903e-001
2.391299e+003, 1.242059e-001
2.393227e+003, 1.242995e-001
2.395156e+003, 1.236146e-001
2.397084e+003, 1.236968e-001
2.399012e+003, 1.244647e-001
2.400941e+003, 1.248342e-001
2.402869e+003, 1.239917e-001
2.404798e+003, 1.234210e-001
2.406726e+003, 1.237408e-001
2.408655e+003, 1.241195e-001
2.410583e+003, 1.240909e-001
2.412512e+003, 1.242345e-001
2.414440e+003, 1.242343e-001
2.416369e+003, 1.244168e-001
2.418297e+003, 1.246127e-001
2.420226e+003, 1.241869e-001
2.422154e+003, 1.241842e-001
2.424083e+003, 1.245618e-001
2.426011e+003, 1.244365e-001
2.427939e+003, 1.243389e-001
2.429868e+003, 1.246222e-001
2.431796e+003, 1.245173e-001
2.433725e+003, 1.250736e-001
2.435653e+003, 1.254658e-001
2.437582e+003, 1.257390e-001
2.439510e+003, 1.254111e-001
2.441439e+003, 1.252359e-001
2.443367e+003, 1.262666e-001
2.445296e+003, 1.266788e-001
2.447224e+003, 1.256173e-001
2.449153e+003, 1.251329e-001
2.451081e+003, 1.260238e-001
2.453010e+003, 1.261304e-001
2.454938e+003, 1.264756e-001
2.456866e+003, 1.265009e-001
2.458795e+003, 1.259974e-001
2.460723e+003, 1.256383e-001
2.462652e+003, 1.253588e-001
2.464580e+003, 1.254475e-001
2.466509e+003, 1.255336e-001
2.468437e+003, 1.258433e-001
2.470366e+003, 1.263280e-001
2.472294e+003, 1.261306e-001
2.474223e+003, 1.254505e-001
2.476151e+003, 1.257838e-001
2.478080e+003, 1.261065e-001
2.480008e+003, 1.265343e-001
2.481937e+003, 1.266115e-001
2.483865e+003, 1.263891e-001
2.485793e+003, 1.269507e-001
2.487722e+003, 1.272691e-001
2.489650e+003, 1.263869e-001
2.491579e+003, 1.264398e-001
2.493507e+003, 1.261575e-001
2.495436e+003, 1.255544e-001
2.497364e+003, 1.259752e-001
2.499293e+003, 1.267730e-001
2.501221e+003, 1.272786e-001
2.503150e+003, 1.270753e-001
2.505078e+003, 1.273506e-001
2.507007e+003, 1.279936e-001
2.508935e+003, 1.278476e-001
2.510864e+003, 1.278314e-001
2.512792e+003, 1.272754e-001
2.514720e+003, 1.268824e-001
2.516649e+003, 1.274221e-001
2.518577e+003, 1.281901e-001
2.520506e+003, 1.274354e-001
2.522434e+003, 1.264147e-001
2.524363e+003, 1.274555e-001
2.526291e+003, 1.278937e-001
2.528220e+003, 1.267213e-001
2.530148e+003, 1.269805e-001
2.532077e+003, 1.283377e-001
2.534005e+003, 1.284532e-001
2.535934e+003, 1.281375e-001
2.537862e+003, 1.284396e-001
2.539791e+003, 1.284394e-001
2.541719e+003, 1.287081e-001
2.543647e+003, 1.290215e-001
2.545576e+003, 1.290792e-001
2.547504e+003, 1.290950e-001
2.549433e+003, 1.288891e-001
2.551361e+003, 1.284787e-001
2.553290e+003, 1.284973e-001
2.555218e+003, 1.285135e-001
2.557147e+003, 1.290375e-001
2.559075e+003, 1.290845e-001
2.561004e+003, 1.287882e-001
2.562932e+003, 1.286294e-001
2.564861e+003, 1.288649e-001
2.566789e+003, 1.291274e-001
2.568718e+003, 1.286649e-001
2.570646e+003, 1.289341e-001
2.572574e+003, 1.286576e-001
2.574503e+003, 1.285516e-001
2.576431e+003, 1.289223e-001
2.578360e+003, 1.289296e-001
2.580288e+003, 1.295427e-001
2.582217e+003, 1.297723e-001
2.584145e+003, 1.298064e-001
2.586074e+003, 1.306232e-001
2.588002e+003, 1.307219e-001
2.589931e+003, 1.296603e-001
2.591859e+003, 1.296775e-001
2.593788e+003, 1.307175e-001
2.595716e+003, 1.308022e-001
2.597645e+003, 1.300856e-001
2.599573e+003, 1.298909e-001
2.601501e+003, 1.297210e-001
2.603430e+003, 1.302215e-001
2.605358e+003, 1.311693e-001
2.607287e+003, 1.316641e-001
2.609215e+003, 1.318453e-001
2.611144e+003, 1.322796e-001
2.613072e+003, 1.322842e-001
2.615001e+003, 1.319363e-001
2.616929e+003, 1.318560e-001
2.618858e+003, 1.319400e-001
2.620786e+003, 1.320044e-001
2.622715e+003, 1.321776e-001
2.624643e+003, 1.324329e-001
2.626572e+003, 1.321956e-001
2.628500e+003, 1.320101e-001
2.630428e+003, 1.319703e-001
2.632357e+003, 1.322754e-001
2.634285e+003, 1.330099e-001
2.636214e+003, 1.332682e-001
2.638142e+003, 1.327447e-001
2.640071e+003, 1.329517e-001
2.641999e+003, 1.335476e-001
2.643928e+003, 1.336711e-001
2.645856e+003, 1.333516e-001
2.647785e+003, 1.334790e-001
2.649713e+003, 1.337886e-001
2.651642e+003, 1.338083e-001
2.653570e+003, 1.341448e-001
2.655499e+003, 1.342253e-001
2.657427e+003, 1.341617e-001
2.659355e+003, 1.341930e-001
2.661284e+003, 1.341072e-001
2.663212e+003, 1.345405e-001
2.665141e+003, 1.345387e-001
2.667069e+003, 1.341051e-001
2.668998e+003, 1.342408e-001
2.670926e+003, 1.344545e-001
2.672855e+003, 1.342901e-001
2.674783e+003, 1.345294e-001
2.676712e+003, 1.343359e-001
2.678640e+003, 1.342486e-001
2.680569e+003, 1.343622e-001
2.682497e+003, 1.339825e-001
2.684426e+003, 1.343895e-001
2.686354e+003, 1.350153e-001
2.688282e+003, 1.350310e-001
2.690211e+003, 1.347957e-001
2.692139e+003, 1.346454e-001
2.694068e+003, 1.347068e-001
2.695996e+003, 1.351137e-001
2.697925e+003, 1.356146e-001
2.699853e+003, 1.356445e-001
2.701782e+003, 1.354164e-001
2.703710e+003, 1.351213e-001
2.705639e+003, 1.347986e-001
2.707567e+003, 1.351956e-001
2.709496e+003, 1.358528e-001
2.711424e+003, 1.359185e-001
2.713353e+003, 1.354121e-001
2.715281e+003, 1.351229e-001
2.717209e+003, 1.357120e-001
2.719138e+003, 1.358249e-001
2.721066e+003, 1.351887e-001
2.722995e+003, 1.355468e-001
2.724923e+003, 1.364257e-001
2.726852e+003, 1.365013e-001
2.728780e+003, 1.361804e-001
2.730709e+003, 1.363829e-001
2.732637e+003, 1.364168e-001
2.734566e+003, 1.362757e-001
2.736494e+003, 1.363077e-001
2.738423e+003, 1.366382e-001
2.740351e+003, 1.364670e-001
2.742280e+003, 1.355818e-001
2.744208e+003, 1.356305e-001
2.746136e+003, 1.363030e-001
2.748065e+003, 1.366416e-001
2.749993e+003, 1.368846e-001
2.751922e+003, 1.368303e-001
2.753850e+003, 1.367274e-001
2.755779e+003, 1.369305e-001
2.757707e+003, 1.370189e-001
2.759636e+003, 1.369257e-001
2.761564e+003, 1.368814e-001
2.763493e+003, 1.371276e-001
2.765421e+003, 1.373202e-001
2.767350e+003, 1.371393e-001
2.769278e+003, 1.370500e-001
2.771207e+003, 1.374438e-001
2.773135e+003, 1.375016e-001
2.775063e+003, 1.368289e-001
2.776992e+003, 1.369116e-001
2.778920e+003, 1.373724e-001
2.780849e+003, 1.376108e-001
2.782777e+003, 1.373449e-001
2.784706e+003, 1.375395e-001
2.786634e+003, 1.376780e-001
2.788563e+003, 1.373737e-001
2.790491e+003, 1.371676e-001
2.792420e+003, 1.372824e-001
2.794348e+003, 1.376514e-001
2.796277e+003, 1.379486e-001
2.798205e+003, 1.380063e-001
2.800134e+003, 1.378173e-001
2.802062e+003, 1.379375e-001
2.803990e+003, 1.379275e-001
2.805919e+003, 1.380971e-001
2.807847e+003, 1.386864e-001
2.809776e+003, 1.382810e-001
2.811704e+003, 1.380016e-001
2.813633e+003, 1.384649e-001
2.815561e+003, 1.390186e-001
2.817490e+003, 1.388559e-001
2.819418e+003, 1.389714e-001
2.821347e+003, 1.388786e-001
2.823275e+003, 1.386911e-001
2.825204e+003, 1.385597e-001
2.827132e+003, 1.388229e-001
2.829061e+003, 1.391851e-001
2.830989e+003, 1.390312e-001
2.832917e+003, 1.395337e-001
2.834846e+003, 1.396158e-001
2.836774e+003, 1.397477e-001
2.838703e+003, 1.397693e-001
2.840631e+003, 1.392531e-001
2.842560e+003, 1.384775e-001
2.844488e+003, 1.385515e-001
2.846417e+003, 1.391948e-001
2.848345e+003, 1.391030e-001
2.850274e+003, 1.399526e-001
2.852202e+003, 1.406521e-001
2.854131e+003, 1.398427e-001
2.856059e+003, 1.400149e-001
2.857988e+003, 1.404493e-001
2.859916e+003, 1.403349e-001
2.861844e+003, 1.408375e-001
2.863773e+003, 1.408652e-001
2.865701e+003, 1.403670e-001
2.867630e+003, 1.397860e-001
2.869558e+003, 1.396452e-001
2.871487e+003, 1.400500e-001
2.873415e+003, 1.409115e-001
2.875344e+003, 1.406286e-001
2.877272e+003, 1.404425e-001
2.879201e+003, 1.409487e-001
2.881129e+003, 1.405863e-001
2.883058e+003, 1.396150e-001
2.884986e+003, 1.397178e-001
2.886915e+003, 1.403690e-001
2.888843e+003, 1.407447e-001
2.890771e+003, 1.413610e-001
2.892700e+003, 1.414721e-001
2.894628e+003, 1.414202e-001
2.896557e+003, 1.414500e-001
2.898485e+003, 1.410060e-001
2.900414e+003, 1.398339e-001
2.902342e+003, 1.393206e-001
2.904271e+003, 1.401130e-001
2.906199e+003, 1.412743e-001
2.908128e+003, 1.421887e-001
2.910056e+003, 1.417960e-001
2.911985e+003, 1.414879e-001
2.913913e+003, 1.419618e-001
2.915842e+003, 1.420501e-001
2.917770e+003, 1.415522e-001
2.919698e+003, 1.415243e-001
2.921627e+003, 1.415607e-001
2.923555e+003, 1.413458e-001
2.925484e+003, 1.410686e-001
2.927412e+003, 1.409736e-001
2.929341e+003, 1.408307e-001
2.931269e+003, 1.406151e-001
2.933198e+003, 1.408682e-001
2.935126e+003, 1.417079e-001
2.937055e+003, 1.420350e-001
2.938983e+003, 1.409071e-001
2.940912e+003, 1.402046e-001
2.942840e+003, 1.406391e-001
2.944769e+003, 1.407574e-001
2.946697e+003, 1.402992e-001
2.948625e+003, 1.399095e-001
2.950554e+003, 1.409739e-001
2.952482e+003, 1.417973e-001
2.954411e+003, 1.416538e-001
2.956339e+003, 1.411185e-001
2.958268e+003, 1.406555e-001
2.960196e+003, 1.408402e-001
2.962125e+003, 1.410058e-001
2.964053e+003, 1.415175e-001
2.965982e+003, 1.425244e-001
2.967910e+003, 1.422247e-001
2.969839e+003, 1.417740e-001
2.971767e+003, 1.423265e-001
2.973696e+003, 1.418787e-001
2.975624e+003, 1.417436e-001
2.977552e+003, 1.420907e-001
2.979481e+003, 1.423687e-001
2.981409e+003, 1.419881e-001
2.983338e+003, 1.413796e-001
2.985266e+003, 1.416474e-001
2.987195e+003, 1.421844e-001
2.989123e+003, 1.425491e-001
2.991052e+003, 1.421614e-001
2.992980e+003, 1.416970e-001
2.994909e+003, 1.416441e-001
2.996837e+003, 1.422059e-001
2.998766e+003, 1.421749e-001
3.000694e+003, 1.422916e-001
3.002623e+003, 1.424631e-001
3.004551e+003, 1.424692e-001
3.006479e+003, 1.424791e-001
3.008408e+003, 1.432667e-001
3.010336e+003, 1.436636e-001
3.012265e+003, 1.427345e-001
3.014193e+003, 1.427178e-001
3.016122e+003, 1.425225e-001
3.018050e+003, 1.421257e-001
3.019979e+003, 1.420046e-001
3.021907e+003, 1.420866e-001
3.023836e+003, 1.428212e-001
3.025764e+003, 1.434186e-001
3.027693e+003, 1.431540e-001
3.029621e+003, 1.430240e-001
3.031550e+003, 1.433464e-001
3.033478e+003, 1.438336e-001
3.035406e+003, 1.438948e-001
3.037335e+003, 1.442879e-001
3.039263e+003, 1.437276e-001
3.041192e+003, 1.427873e-001
3.043120e+003, 1.428254e-001
3.045049e+003, 1.432887e-001
3.046977e+003, 1.432891e-001
3.048906e+003, 1.432734e-001
3.050834e+003, 1.432510e-001
3.052763e+003, 1.438077e-001
3.054691e+003, 1.448128e-001
3.056620e+003, 1.446706e-001
3.058548e+003, 1.445591e-001
3.060477e+003, 1.443781e-001
3.062405e+003, 1.441256e-001
3.064333e+003, 1.442817e-001
3.066262e+003, 1.445147e-001
3.068190e+003, 1.441604e-001
3.070119e+003, 1.440978e-001
3.072047e+003, 1.440115e-001
3.073976e+003, 1.434647e-001
3.075904e+003, 1.435044e-001
3.077833e+003, 1.440032e-001
3.079761e+003, 1.450595e-001
3.081690e+003, 1.458246e-001
3.083618e+003, 1.450503e-001
3.085547e+003, 1.433633e-001
3.087475e+003, 1.438171e-001
3.089404e+003, 1.452077e-001
3.091332e+003, 1.447184e-001
3.093260e+003, 1.438855e-001
3.095189e+003, 1.441622e-001
3.097117e+003, 1.451153e-001
3.099046e+003, 1.459726e-001
3.100974e+003, 1.453684e-001
3.102903e+003, 1.454267e-001
3.104831e+003, 1.455566e-001
3.106760e+003, 1.461409e-001
3.108688e+003, 1.463099e-001
3.110617e+003, 1.454885e-001
3.112545e+003, 1.448160e-001
3.114474e+003, 1.457312e-001
3.116402e+003, 1.457722e-001
3.118331e+003, 1.446762e-001
3.120259e+003, 1.445785e-001
3.122188e+003, 1.465519e-001
3.124116e+003, 1.472401e-001
3.126044e+003, 1.461364e-001
3.127973e+003, 1.459094e-001
3.129901e+003, 1.460658e-001
3.131830e+003, 1.464993e-001
3.133758e+003, 1.455171e-001
3.135687e+003, 1.448106e-001
3.137615e+003, 1.455735e-001
3.139544e+003, 1.457887e-001
3.141472e+003, 1.454166e-001
3.143401e+003, 1.455637e-001
3.145329e+003, 1.458557e-001
3.147258e+003, 1.473774e-001
3.149186e+003, 1.472004e-001
3.151115e+003, 1.459397e-001
3.153043e+003, 1.455730e-001
3.154971e+003, 1.465219e-001
3.156900e+003, 1.467445e-001
3.158828e+003, 1.467281e-001
3.160757e+003, 1.472955e-001
3.162685e+003, 1.477373e-001
3.164614e+003, 1.476395e-001
3.166542e+003, 1.470423e-001
3.168471e+003, 1.474171e-001
3.170399e+003, 1.477286e-001
3.172328e+003, 1.467404e-001
3.174256e+003, 1.460671e-001
3.176185e+003, 1.458505e-001
3.178113e+003, 1.461076e-001
3.180042e+003, 1.473207e-001
3.181970e+003, 1.471484e-001
3.183898e+003, 1.463876e-001
3.185827e+003, 1.468114e-001
3.187755e+003, 1.465281e-001
3.189684e+003, 1.477802e-001
3.191612e+003, 1.490487e-001
3.193541e+003, 1.486207e-001
3.195469e+003, 1.480636e-001
3.197398e+003, 1.474896e-001
3.199326e+003, 1.467623e-001
3.201255e+003, 1.477610e-001
3.203183e+003, 1.488731e-001
3.205112e+003, 1.482937e-001
3.207040e+003, 1.481621e-001
3.208969e+003, 1.485312e-001
3.210897e+003, 1.484222e-001
3.212825e+003, 1.472001e-001
3.214754e+003, 1.472787e-001
3.216682e+003, 1.471366e-001
3.218611e+003, 1.466950e-001
3.220539e+003, 1.475962e-001
3.222468e+003, 1.478910e-001
3.224396e+003, 1.480386e-001
3.226325e+003, 1.488697e-001
3.228253e+003, 1.486764e-001
3.230182e+003, 1.488814e-001
3.232110e+003, 1.492813e-001
3.234039e+003, 1.479243e-001
3.235967e+003, 1.468983e-001
3.237896e+003, 1.486099e-001
3.239824e+003, 1.494188e-001
3.241752e+003, 1.483772e-001
3.243681e+003, 1.478309e-001
3.245609e+003, 1.481315e-001
3.247538e+003, 1.483872e-001
3.249466e+003, 1.485441e-001
3.251395e+003, 1.482242e-001
3.253323e+003, 1.482573e-001
3.255252e+003, 1.483573e-001
3.257180e+003, 1.494289e-001
3.259109e+003, 1.503398e-001
3.261037e+003, 1.499311e-001
3.262966e+003, 1.494764e-001
3.264894e+003, 1.496542e-001
3.266823e+003, 1.486392e-001
3.268751e+003, 1.481683e-001
3.270679e+003, 1.486029e-001
3.272608e+003, 1.497984e-001
3.274536e+003, 1.506598e-001
3.276465e+003, 1.498764e-001
3.278393e+003, 1.496730e-001
3.280322e+003, 1.487676e-001
3.282250e+003, 1.478997e-001
3.284179e+003, 1.481787e-001
3.286107e+003, 1.482881e-001
3.288036e+003, 1.484548e-001
3.289964e+003, 1.491316e-001
3.291893e+003, 1.502592e-001
3.293821e+003, 1.504030e-001
3.295750e+003, 1.507541e-001
3.297678e+003, 1.504204e-001
3.299606e+003, 1.502679e-001
3.301535e+003, 1.506101e-001
3.303463e+003, 1.509075e-001
3.305392e+003, 1.504143e-001
3.307320e+003, 1.498292e-001
3.309249e+003, 1.496698e-001
3.311177e+003, 1.502890e-001
3.313106e+003, 1.497108e-001
3.315034e+003, 1.496917e-001
3.316963e+003, 1.502560e-001
3.318891e+003, 1.507163e-001
3.320820e+003, 1.505752e-001
3.322748e+003, 1.505887e-001
3.324677e+003, 1.504538e-001
3.326605e+003, 1.501500e-001
3.328533e+003, 1.504514e-001
3.330462e+003, 1.497252e-001
3.332390e+003, 1.490010e-001
3.334319e+003, 1.488786e-001
3.336247e+003, 1.491544e-001
3.338176e+003, 1.496543e-001
3.340104e+003, 1.500936e-001
3.342033e+003, 1.507605e-001
3.343961e+003, 1.513823e-001
3.345890e+003, 1.517441e-001
3.347818e+003, 1.511964e-001
3.349747e+003, 1.513069e-001
3.351675e+003, 1.514763e-001
3.353604e+003, 1.508001e-001
3.355532e+003, 1.509575e-001
3.357460e+003, 1.515557e-001
3.359389e+003, 1.510006e-001
3.361317e+003, 1.505817e-001
3.363246e+003, 1.513231e-001
3.365174e+003, 1.509887e-001
3.367103e+003, 1.507423e-001
3.369031e+003, 1.509058e-001
3.370960e+003, 1.503546e-001
3.372888e+003, 1.505560e-001
3.374817e+003, 1.515819e-001
3.376745e+003, 1.512996e-001
3.378674e+003, 1.503086e-001
3.380602e+003, 1.504105e-001
3.382531e+003, 1.517420e-001
3.384459e+003, 1.520660e-001
3.386387e+003, 1.517501e-001
3.388316e+003, 1.508725e-001
3.390244e+003, 1.503789e-001
3.392173e+003, 1.501926e-001
3.394101e+003, 1.499896e-001
3.396030e+003, 1.509106e-001
3.397958e+003, 1.511469e-001
3.399887e+003, 1.505167e-001
3.401815e+003, 1.510698e-001
3.403744e+003, 1.522140e-001
3.405672e+003, 1.520806e-001
3.407601e+003, 1.514625e-001
3.409529e+003, 1.519718e-001
3.411458e+003, 1.524705e-001
3.413386e+003, 1.517693e-001
3.415314e+003, 1.496201e-001
3.417243e+003, 1.491669e-001
3.419171e+003, 1.510065e-001
3.421100e+003, 1.524978e-001
3.423028e+003, 1.527750e-001
3.424957e+003, 1.531366e-001
3.426885e+003, 1.527565e-001
3.428814e+003, 1.516852e-001
3.430742e+003, 1.509651e-001
3.432671e+003, 1.517995e-001
3.434599e+003, 1.525414e-001
3.436528e+003, 1.538331e-001
3.438456e+003, 1.542347e-001
3.440385e+003, 1.534053e-001
3.442313e+003, 1.528462e-001
3.444241e+003, 1.523247e-001
3.446170e+003, 1.529866e-001
3.448098e+003, 1.541520e-001
3.450027e+003, 1.523880e-001
3.451955e+003, 1.505424e-001
3.453884e+003, 1.513110e-001
3.455812e+003, 1.518872e-001
3.457741e+003, 1.521738e-001
3.459669e+003, 1.523819e-001
3.461598e+003, 1.510258e-001
3.463526e+003, 1.514595e-001
3.465455e+003, 1.535541e-001
3.467383e+003, 1.548145e-001
3.469312e+003, 1.536439e-001
3.471240e+003, 1.525899e-001
3.473168e+003, 1.521866e-001
3.475097e+003, 1.521840e-001
3.477025e+003, 1.522150e-001
3.478954e+003, 1.523816e-001
3.480882e+003, 1.531948e-001
3.482811e+003, 1.529632e-001
3.484739e+003, 1.518376e-001
3.486668e+003, 1.521317e-001
3.488596e+003, 1.521738e-001
3.490525e+003, 1.516555e-001
3.492453e+003, 1.519548e-001
3.494382e+003, 1.533154e-001
3.496310e+003, 1.537810e-001
3.498239e+003, 1.545721e-001
3.500167e+003, 1.546403e-001
3.502095e+003, 1.532782e-001
3.504024e+003, 1.526188e-001
3.505952e+003, 1.529705e-001
3.507881e+003, 1.543145e-001
3.509809e+003, 1.542074e-001
3.511738e+003, 1.525793e-001
3.513666e+003, 1.523811e-001
3.515595e+003, 1.540199e-001
3.517523e+003, 1.554688e-001
3.519452e+003, 1.547329e-001
3.521380e+003, 1.541006e-001
3.523309e+003, 1.535791e-001
3.525237e+003, 1.533365e-001
3.527166e+003, 1.540841e-001
3.529094e+003, 1.548945e-001
3.531022e+003, 1.539360e-001
3.532951e+003, 1.525588e-001
3.534879e+003, 1.523340e-001
3.536808e+003, 1.535351e-001
3.538736e+003, 1.533732e-001
3.540665e+003, 1.529096e-001
3.542593e+003, 1.535483e-001
3.544522e+003, 1.542145e-001
3.546450e+003, 1.548542e-001
3.548379e+003, 1.552620e-001
3.550307e+003, 1.542519e-001
3.552236e+003, 1.536419e-001
3.554164e+003, 1.529698e-001
3.556093e+003, 1.533799e-001
3.558021e+003, 1.540446e-001
3.559949e+003, 1.534608e-001
3.561878e+003, 1.531256e-001
3.563806e+003, 1.541684e-001
3.565735e+003, 1.546049e-001
3.567663e+003, 1.547891e-001
3.569592e+003, 1.542490e-001
3.571520e+003, 1.533031e-001
3.573449e+003, 1.540773e-001
3.575377e+003, 1.546118e-001
3.577306e+003, 1.538470e-001
3.579234e+003, 1.542221e-001
3.581163e+003, 1.547316e-001
3.583091e+003, 1.541560e-001
3.585020e+003, 1.550922e-001
3.586948e+003, 1.578892e-001
3.588876e+003, 1.563314e-001
3.590805e+003, 1.549965e-001
3.592733e+003, 1.569949e-001
3.594662e+003, 1.571753e-001
3.596590e+003, 1.565703e-001
3.598519e+003, 1.569349e-001
3.600447e+003, 1.563471e-001
3.602376e+003, 1.542749e-001
3.604304e+003, 1.550221e-001
3.606233e+003, 1.555883e-001
3.608161e+003, 1.555029e-001
3.610090e+003, 1.558759e-001
3.612018e+003, 1.558143e-001
3.613947e+003, 1.570215e-001
3.615875e+003, 1.574088e-001
3.617803e+003, 1.563224e-001
3.619732e+003, 1.553818e-001
3.621660e+003, 1.559063e-001
3.623589e+003, 1.572110e-001
3.625517e+003, 1.580898e-001
3.627446e+003, 1.573563e-001
3.629374e+003, 1.579372e-001
3.631303e+003, 1.569397e-001
3.633231e+003, 1.570801e-001
3.635160e+003, 1.573139e-001
3.637088e+003, 1.561430e-001
3.639017e+003, 1.546080e-001
3.640945e+003, 1.540661e-001
3.642874e+003, 1.537151e-001
3.644802e+003, 1.543846e-001
3.646730e+003, 1.560905e-001
3.648659e+003, 1.559747e-001
3.650587e+003, 1.566446e-001
3.652516e+003, 1.583103e-001
3.654444e+003, 1.583586e-001
3.656373e+003, 1.581393e-001
3.658301e+003, 1.574251e-001
3.660230e+003, 1.576162e-001
3.662158e+003, 1.577177e-001
3.664087e+003, 1.568055e-001
3.666015e+003, 1.575629e-001
3.667944e+003, 1.587619e-001
3.669872e+003, 1.588749e-001
3.671801e+003, 1.578487e-001
3.673729e+003, 1.557552e-001
3.675657e+003, 1.570658e-001
3.677586e+003, 1.570367e-001
3.679514e+003, 1.570501e-001
3.681443e+003, 1.568439e-001
3.683371e+003, 1.569764e-001
3.685300e+003, 1.564563e-001
3.687228e+003, 1.555609e-001
3.689157e+003, 1.560179e-001
3.691085e+003, 1.563452e-001
3.693014e+003, 1.580849e-001
3.694942e+003, 1.575037e-001
3.696871e+003, 1.565066e-001
3.698799e+003, 1.569288e-001
3.700728e+003, 1.563392e-001
3.702656e+003, 1.554616e-001
3.704584e+003, 1.536588e-001
3.706513e+003, 1.542738e-001
3.708441e+003, 1.571895e-001
3.710370e+003, 1.576652e-001
3.712298e+003, 1.592948e-001
3.714227e+003, 1.613368e-001
3.716155e+003, 1.602210e-001
3.718084e+003, 1.610721e-001
3.720012e+003, 1.626436e-001
3.721941e+003, 1.606005e-001
3.723869e+003, 1.573129e-001
3.725798e+003, 1.567575e-001
3.727726e+003, 1.602811e-001
3.729655e+003, 1.608623e-001
3.731583e+003, 1.583576e-001
3.733511e+003, 1.573425e-001
3.735440e+003, 1.584122e-001
3.737368e+003, 1.588549e-001
3.739297e+003, 1.581247e-001
3.741225e+003, 1.582150e-001
3.743154e+003, 1.581817e-001
3.745082e+003, 1.605180e-001
3.747011e+003, 1.598271e-001
3.748939e+003, 1.607759e-001
3.750868e+003, 1.605476e-001
3.752796e+003, 1.609351e-001
3.754725e+003, 1.600595e-001
3.756653e+003, 1.604052e-001
3.758582e+003, 1.604765e-001
3.760510e+003, 1.586081e-001
3.762438e+003, 1.563979e-001
3.764367e+003, 1.582679e-001
3.766295e+003, 1.599692e-001
3.768224e+003, 1.604522e-001
3.770152e+003, 1.606410e-001
3.772081e+003, 1.595182e-001
3.774009e+003, 1.587478e-001
3.775938e+003, 1.597926e-001
3.777866e+003, 1.616645e-001
3.779795e+003, 1.629141e-001
3.781723e+003, 1.614168e-001
3.783652e+003, 1.605381e-001
3.785580e+003, 1.621982e-001
3.787509e+003, 1.615243e-001
3.789437e+003, 1.599444e-001
3.791365e+003, 1.587153e-001
3.793294e+003, 1.588569e-001
3.795222e+003, 1.608128e-001
3.797151e+003, 1.612126e-001
3.799079e+003, 1.593911e-001
3.801008e+003, 1.613013e-001
3.802936e+003, 1.615910e-001
3.804865e+003, 1.607663e-001
3.806793e+003, 1.611254e-001
3.808722e+003, 1.611583e-001
3.810650e+003, 1.623932e-001
3.812579e+003, 1.633702e-001
3.814507e+003, 1.634786e-001
3.816436e+003, 1.631059e-001
3.818364e+003, 1.619332e-001
3.820292e+003, 1.649633e-001
3.822221e+003, 1.655868e-001
3.824149e+003, 1.624906e-001
3.826078e+003, 1.612891e-001
3.828006e+003, 1.611864e-001
3.829935e+003, 1.625016e-001
3.831863e+003, 1.629447e-001
3.833792e+003, 1.602305e-001
3.835720e+003, 1.610387e-001
3.837649e+003, 1.630465e-001
3.839577e+003, 1.629623e-001
3.841506e+003, 1.623841e-001
3.843434e+003, 1.624286e-001
3.845363e+003, 1.643109e-001
3.847291e+003, 1.652845e-001
3.849219e+003, 1.642919e-001
3.851148e+003, 1.620418e-001
3.853076e+003, 1.619676e-001
3.855005e+003, 1.640991e-001
3.856933e+003, 1.628136e-001
3.858862e+003, 1.640497e-001
3.860790e+003, 1.649970e-001
3.862719e+003, 1.641216e-001
3.864647e+003, 1.624095e-001
3.866576e+003, 1.614180e-001
3.868504e+003, 1.623363e-001
3.870433e+003, 1.631795e-001
3.872361e+003, 1.605996e-001
3.874290e+003, 1.626543e-001
3.876218e+003, 1.620533e-001
3.878146e+003, 1.617694e-001
3.880075e+003, 1.637696e-001
3.882003e+003, 1.627861e-001
3.883932e+003, 1.628613e-001
3.885860e+003, 1.644647e-001
3.887789e+003, 1.633262e-001
3.889717e+003, 1.630673e-001
3.891646e+003, 1.654311e-001
3.893574e+003, 1.650831e-001
3.895503e+003, 1.642787e-001
3.897431e+003, 1.638510e-001
3.899360e+003, 1.645579e-001
3.901288e+003, 1.639424e-001
3.903217e+003, 1.638050e-001
3.905145e+003, 1.645663e-001
3.907073e+003, 1.630714e-001
3.909002e+003, 1.623465e-001
3.910930e+003, 1.641550e-001
3.912859e+003, 1.647543e-001
3.914787e+003, 1.626189e-001
3.916716e+003, 1.616284e-001
3.918644e+003, 1.641234e-001
3.920573e+003, 1.646205e-001
3.922501e+003, 1.637392e-001
3.924430e+003, 1.655981e-001
3.926358e+003, 1.663232e-001
3.928287e+003, 1.667144e-001
3.930215e+003, 1.657110e-001
3.932144e+003, 1.633272e-001
3.934072e+003, 1.621047e-001
3.936000e+003, 1.632298e-001
3.937929e+003, 1.638285e-001
3.939857e+003, 1.619160e-001
3.941786e+003, 1.636129e-001
3.943714e+003, 1.666238e-001
3.945643e+003, 1.659991e-001
3.947571e+003, 1.655513e-001
3.949500e+003, 1.643901e-001
3.951428e+003, 1.632595e-001
3.953357e+003, 1.653279e-001
3.955285e+003, 1.652376e-001
3.957214e+003, 1.622975e-001
3.959142e+003, 1.623885e-001
3.961071e+003, 1.638191e-001
3.962999e+003, 1.651096e-001
3.964927e+003, 1.668425e-001
3.966856e+003, 1.673916e-001
3.968784e+003, 1.662873e-001
3.970713e+003, 1.650161e-001
3.972641e+003, 1.657448e-001
3.974570e+003, 1.650756e-001
3.976498e+003, 1.636867e-001
3.978427e+003, 1.646933e-001
3.980355e+003, 1.657944e-001
3.982284e+003, 1.652614e-001
3.984212e+003, 1.660231e-001
3.986141e+003, 1.659434e-001
3.988069e+003, 1.646934e-001
3.989998e+003, 1.648679e-001
3.991926e+003, 1.666121e-001
3.993854e+003, 1.657046e-001
3.995783e+003, 1.638030e-001
3.997711e+003, 1.646155e-001
3.999640e+003, 1.646914e-001
##END=



