##NAMES=Almandine
##RRUFFID=R070129
##IDEAL CHEMISTRY=Fe^2+^_3_Al_2_(SiO_4_)_3_
##LOCALITY=Wrangell, Wrangell Island, Wrangell-Petersburg Borough, Alaska, USA
##OWNER=Michael Scott
##SOURCE=Michael Scott
##DESCRIPTION=Dark red well-formed dodecahedral crystals in schist
##STATUS=The identification of this mineral has been confirmed by X-ray diffraction and chemical analysis
##URL=rruff.info/R070129
##MEASURED CHEMISTRY=(Fe^2+^_2.15_Mg_0.60_Mn_0.11_Fe^3+^_0.06_Ca_0.08_)_Σ=3_Al_2.00_((Si_0.98_Al_0.02_)_Σ=1_O_4_)_3_
3.991926e+002, 1.123939e-001
4.011211e+002, 1.207071e-001
4.030495e+002, 1.304960e-001
4.049780e+002, 1.415202e-001
4.069065e+002, 1.490036e-001
4.088349e+002, 1.548111e-001
4.107634e+002, 1.595400e-001
4.126919e+002, 1.639834e-001
4.146203e+002, 1.700027e-001
4.165488e+002, 1.785543e-001
4.184773e+002, 1.833748e-001
4.204057e+002, 1.850201e-001
4.223342e+002, 1.905039e-001
4.242627e+002, 1.964644e-001
4.261911e+002, 2.001793e-001
4.281196e+002, 2.038635e-001
4.300481e+002, 2.065843e-001
4.319765e+002, 2.074125e-001
4.339050e+002, 2.095424e-001
4.358335e+002, 2.106904e-001
4.377619e+002, 2.101744e-001
4.396904e+002, 2.097507e-001
4.416189e+002, 2.107288e-001
4.435473e+002, 2.116433e-001
4.454758e+002, 2.111930e-001
4.474043e+002, 2.118095e-001
4.493327e+002, 2.131713e-001
4.512612e+002, 2.112146e-001
4.531897e+002, 2.071730e-001
4.551181e+002, 2.035324e-001
4.570466e+002, 1.967248e-001
4.589751e+002, 1.901701e-001
4.609035e+002, 1.880695e-001
4.628320e+002, 1.906463e-001
4.647605e+002, 1.949824e-001
4.666889e+002, 1.984688e-001
4.686174e+002, 1.993271e-001
4.705459e+002, 1.968676e-001
4.724743e+002, 1.931371e-001
4.744028e+002, 1.885341e-001
4.763313e+002, 1.828631e-001
4.782597e+002, 1.767363e-001
4.801882e+002, 1.717668e-001
4.821167e+002, 1.676114e-001
4.840451e+002, 1.625545e-001
4.859736e+002, 1.571202e-001
4.879021e+002, 1.519923e-001
4.898305e+002, 1.470258e-001
4.917590e+002, 1.419472e-001
4.936875e+002, 1.374480e-001
4.956159e+002, 1.331315e-001
4.975444e+002, 1.283164e-001
4.994729e+002, 1.232306e-001
5.014013e+002, 1.188607e-001
5.033298e+002, 1.138121e-001
5.052583e+002, 1.085092e-001
5.071867e+002, 1.031220e-001
5.091152e+002, 9.752797e-002
5.110437e+002, 9.256303e-002
5.129721e+002, 8.825786e-002
5.149006e+002, 8.396515e-002
5.168290e+002, 8.000307e-002
5.187575e+002, 7.802691e-002
5.206860e+002, 7.839645e-002
5.226144e+002, 8.047757e-002
5.245429e+002, 8.396985e-002
5.264714e+002, 8.620903e-002
5.283998e+002, 8.517057e-002
5.303283e+002, 8.155821e-002
5.322568e+002, 7.565553e-002
5.341852e+002, 6.878698e-002
5.361137e+002, 6.224084e-002
5.380422e+002, 5.676918e-002
5.399706e+002, 5.331125e-002
5.418991e+002, 5.150902e-002
5.438276e+002, 5.100583e-002
5.457560e+002, 5.278341e-002
5.476845e+002, 5.726301e-002
5.496130e+002, 6.418224e-002
5.515414e+002, 7.403866e-002
5.534699e+002, 8.718181e-002
5.553984e+002, 1.031680e-001
5.573268e+002, 1.199775e-001
5.592553e+002, 1.349143e-001
5.611838e+002, 1.467680e-001
5.631122e+002, 1.541469e-001
5.650407e+002, 1.564214e-001
5.669692e+002, 1.545711e-001
5.688976e+002, 1.493368e-001
5.708261e+002, 1.421235e-001
5.727546e+002, 1.336526e-001
5.746830e+002, 1.244897e-001
5.766115e+002, 1.150367e-001
5.785400e+002, 1.065393e-001
5.804684e+002, 9.865876e-002
5.823969e+002, 9.097771e-002
5.843254e+002, 8.336694e-002
5.862538e+002, 7.682607e-002
5.881823e+002, 7.062648e-002
5.901108e+002, 6.429439e-002
5.920392e+002, 5.847818e-002
5.939677e+002, 5.337502e-002
5.958962e+002, 4.849978e-002
5.978246e+002, 4.444245e-002
5.997531e+002, 4.120078e-002
6.016816e+002, 3.838506e-002
6.036100e+002, 3.630594e-002
6.055385e+002, 3.486639e-002
6.074670e+002, 3.397117e-002
6.093954e+002, 3.331663e-002
6.113239e+002, 3.266093e-002
6.132524e+002, 3.238396e-002
6.151808e+002, 3.230573e-002
6.171093e+002, 3.229375e-002
6.190378e+002, 3.236648e-002
6.209662e+002, 3.250711e-002
6.228947e+002, 3.288416e-002
6.248232e+002, 3.325324e-002
6.267516e+002, 3.378022e-002
6.286801e+002, 3.478574e-002
6.306086e+002, 3.640095e-002
6.325370e+002, 3.843149e-002
6.344655e+002, 4.067376e-002
6.363940e+002, 4.235734e-002
6.383224e+002, 4.294794e-002
6.402509e+002, 4.198792e-002
6.421794e+002, 3.966014e-002
6.441078e+002, 3.756151e-002
6.460363e+002, 3.577120e-002
6.479648e+002, 3.401358e-002
6.498932e+002, 3.251128e-002
6.518217e+002, 3.141003e-002
6.537502e+002, 3.063342e-002
6.556786e+002, 3.014790e-002
6.576071e+002, 2.978893e-002
6.595356e+002, 2.936781e-002
6.614641e+002, 2.925083e-002
6.633925e+002, 2.943549e-002
6.653210e+002, 2.961751e-002
6.672495e+002, 2.991488e-002
6.691779e+002, 3.002373e-002
6.711064e+002, 2.988400e-002
6.730349e+002, 2.992857e-002
6.749633e+002, 3.009094e-002
6.768918e+002, 3.030996e-002
6.788203e+002, 3.055416e-002
6.807487e+002, 3.082905e-002
6.826772e+002, 3.115317e-002
6.846057e+002, 3.142018e-002
6.865341e+002, 3.170956e-002
6.884626e+002, 3.202156e-002
6.903911e+002, 3.235475e-002
6.923195e+002, 3.293846e-002
6.942480e+002, 3.359715e-002
6.961765e+002, 3.418212e-002
6.981049e+002, 3.429022e-002
7.000334e+002, 3.462968e-002
7.019619e+002, 3.513607e-002
7.038903e+002, 3.579632e-002
7.058188e+002, 3.648569e-002
7.077473e+002, 3.717415e-002
7.096757e+002, 3.771751e-002
7.116042e+002, 3.848947e-002
7.135327e+002, 3.935125e-002
7.154611e+002, 4.010465e-002
7.173896e+002, 4.097075e-002
7.193181e+002, 4.183576e-002
7.212465e+002, 4.265958e-002
7.231750e+002, 4.368093e-002
7.251035e+002, 4.486252e-002
7.270319e+002, 4.576072e-002
7.289604e+002, 4.665208e-002
7.308889e+002, 4.776726e-002
7.328173e+002, 4.889597e-002
7.347458e+002, 5.014110e-002
7.366743e+002, 5.165702e-002
7.386027e+002, 5.323125e-002
7.405312e+002, 5.469861e-002
7.424597e+002, 5.610882e-002
7.443881e+002, 5.779941e-002
7.463166e+002, 5.960569e-002
7.482451e+002, 6.128942e-002
7.501735e+002, 6.297401e-002
7.521020e+002, 6.441472e-002
7.540305e+002, 6.595904e-002
7.559589e+002, 6.775015e-002
7.578874e+002, 6.946480e-002
7.598159e+002, 7.125867e-002
7.617443e+002, 7.310782e-002
7.636728e+002, 7.511095e-002
7.656013e+002, 7.728463e-002
7.675297e+002, 7.945327e-002
7.694582e+002, 8.168119e-002
7.713867e+002, 8.396281e-002
7.733151e+002, 8.616456e-002
7.752436e+002, 8.853026e-002
7.771721e+002, 9.120455e-002
7.791005e+002, 9.404160e-002
7.810290e+002, 9.664667e-002
7.829575e+002, 9.908210e-002
7.848859e+002, 1.017629e-001
7.868144e+002, 1.046243e-001
7.887429e+002, 1.074209e-001
7.906713e+002, 1.104020e-001
7.925998e+002, 1.134911e-001
7.945283e+002, 1.165667e-001
7.964567e+002, 1.196473e-001
7.983852e+002, 1.225785e-001
8.003137e+002, 1.254691e-001
8.022421e+002, 1.283475e-001
8.041706e+002, 1.313080e-001
8.060991e+002, 1.343531e-001
8.080275e+002, 1.373309e-001
8.099560e+002, 1.405241e-001
8.118845e+002, 1.440165e-001
8.138129e+002, 1.471467e-001
8.157414e+002, 1.499589e-001
8.176699e+002, 1.529087e-001
8.195983e+002, 1.561639e-001
8.215268e+002, 1.594519e-001
8.234553e+002, 1.625770e-001
8.253837e+002, 1.657655e-001
8.273122e+002, 1.689160e-001
8.292407e+002, 1.719250e-001
8.311691e+002, 1.751081e-001
8.330976e+002, 1.781202e-001
8.350261e+002, 1.811710e-001
8.369545e+002, 1.838918e-001
8.388830e+002, 1.864609e-001
8.408115e+002, 1.889815e-001
8.427399e+002, 1.914532e-001
8.446684e+002, 1.938258e-001
8.465969e+002, 1.958994e-001
8.485253e+002, 1.976926e-001
8.504538e+002, 1.992736e-001
8.523823e+002, 2.009176e-001
8.543107e+002, 2.024778e-001
8.562392e+002, 2.033526e-001
8.581677e+002, 2.040002e-001
8.600961e+002, 2.042426e-001
8.620246e+002, 2.042093e-001
8.639531e+002, 2.038219e-001
8.658815e+002, 2.030294e-001
8.678100e+002, 2.019273e-001
8.697385e+002, 2.004993e-001
8.716669e+002, 1.987849e-001
8.735954e+002, 1.967265e-001
8.755239e+002, 1.937227e-001
8.774523e+002, 1.897170e-001
8.793808e+002, 1.848612e-001
8.813093e+002, 1.794324e-001
8.832377e+002, 1.738853e-001
8.851662e+002, 1.694996e-001
8.870947e+002, 1.677543e-001
8.890231e+002, 1.689382e-001
8.909516e+002, 1.723293e-001
8.928801e+002, 1.760640e-001
8.948085e+002, 1.785947e-001
8.967370e+002, 1.792307e-001
8.986655e+002, 1.777936e-001
9.005939e+002, 1.744572e-001
9.025224e+002, 1.699039e-001
9.044509e+002, 1.644350e-001
9.063793e+002, 1.583853e-001
9.083078e+002, 1.519537e-001
9.102363e+002, 1.452330e-001
9.121647e+002, 1.381347e-001
9.140932e+002, 1.307289e-001
9.160217e+002, 1.232531e-001
9.179501e+002, 1.156170e-001
9.198786e+002, 1.079165e-001
9.218071e+002, 1.001381e-001
9.237355e+002, 9.257749e-002
9.256640e+002, 8.557330e-002
9.275925e+002, 7.968622e-002
9.295209e+002, 7.545473e-002
9.314494e+002, 7.267986e-002
9.333779e+002, 7.108784e-002
9.353063e+002, 7.115524e-002
9.372348e+002, 7.330497e-002
9.391633e+002, 7.768343e-002
9.410917e+002, 8.462838e-002
9.430202e+002, 9.435549e-002
9.449487e+002, 1.069174e-001
9.468771e+002, 1.213179e-001
9.488056e+002, 1.364823e-001
9.507341e+002, 1.509618e-001
9.526625e+002, 1.631305e-001
9.545910e+002, 1.723348e-001
9.565195e+002, 1.784742e-001
9.584479e+002, 1.821190e-001
9.603764e+002, 1.834497e-001
9.623049e+002, 1.825901e-001
9.642333e+002, 1.800049e-001
9.661618e+002, 1.758536e-001
9.680903e+002, 1.705104e-001
9.700187e+002, 1.644033e-001
9.719472e+002, 1.580671e-001
9.738757e+002, 1.515904e-001
9.758041e+002, 1.452897e-001
9.777326e+002, 1.390866e-001
9.796611e+002, 1.330645e-001
9.815895e+002, 1.274403e-001
9.835180e+002, 1.219066e-001
9.854465e+002, 1.163669e-001
9.873749e+002, 1.111458e-001
9.893034e+002, 1.060924e-001
9.912319e+002, 1.011050e-001
9.931603e+002, 9.618437e-002
9.950888e+002, 9.126671e-002
9.970173e+002, 8.635720e-002
9.989457e+002, 8.152891e-002
1.000874e+003, 7.665396e-002
1.002803e+003, 7.168996e-002
1.004731e+003, 6.721752e-002
1.006660e+003, 6.307999e-002
1.008588e+003, 5.896409e-002
1.010517e+003, 5.509136e-002
1.012445e+003, 5.139906e-002
1.014373e+003, 4.788014e-002
1.016302e+003, 4.463660e-002
1.018230e+003, 4.135429e-002
1.020159e+003, 3.819554e-002
1.022087e+003, 3.536586e-002
1.024016e+003, 3.276245e-002
1.025944e+003, 3.051010e-002
1.027873e+003, 2.865039e-002
1.029801e+003, 2.677752e-002
1.031730e+003, 2.493030e-002
1.033658e+003, 2.366506e-002
1.035587e+003, 2.262351e-002
1.037515e+003, 2.152410e-002
1.039443e+003, 2.062845e-002
1.041372e+003, 1.982043e-002
1.043300e+003, 1.885694e-002
1.045229e+003, 1.798083e-002
1.047157e+003, 1.715513e-002
1.049086e+003, 1.645915e-002
1.051014e+003, 1.580369e-002
1.052943e+003, 1.521480e-002
1.054871e+003, 1.460861e-002
1.056800e+003, 1.403454e-002
1.058728e+003, 1.360924e-002
1.060657e+003, 1.319453e-002
1.062585e+003, 1.262238e-002
1.064514e+003, 1.216000e-002
1.066442e+003, 1.174811e-002
1.068370e+003, 1.145110e-002
1.070299e+003, 1.129121e-002
1.072227e+003, 1.102113e-002
1.074156e+003, 1.065639e-002
1.076084e+003, 1.043919e-002
1.078013e+003, 1.034835e-002
1.079941e+003, 1.014014e-002
1.081870e+003, 9.872803e-003
1.083798e+003, 9.691923e-003
1.085727e+003, 9.600360e-003
1.087655e+003, 9.481558e-003
1.089584e+003, 9.446491e-003
1.091512e+003, 9.474556e-003
1.093441e+003, 9.435100e-003
1.095369e+003, 9.242755e-003
1.097297e+003, 9.136808e-003
1.099226e+003, 8.932047e-003
1.101154e+003, 8.753441e-003
1.103083e+003, 8.625505e-003
1.105011e+003, 8.528977e-003
1.106940e+003, 8.438655e-003
1.108868e+003, 8.295361e-003
1.110797e+003, 8.039850e-003
1.112725e+003, 7.640761e-003
1.114654e+003, 7.411827e-003
1.116582e+003, 7.281080e-003
1.118511e+003, 7.258207e-003
1.120439e+003, 6.966002e-003
1.122368e+003, 6.683345e-003
1.124296e+003, 6.603358e-003
1.126224e+003, 6.488969e-003
1.128153e+003, 6.448559e-003
1.130081e+003, 6.272836e-003
1.132010e+003, 6.161755e-003
1.133938e+003, 6.184874e-003
1.135867e+003, 6.058853e-003
1.137795e+003, 5.942025e-003
1.139724e+003, 5.920440e-003
1.141652e+003, 5.900094e-003
1.143581e+003, 5.910892e-003
1.145509e+003, 5.858180e-003
1.147438e+003, 5.778526e-003
1.149366e+003, 5.675516e-003
1.151295e+003, 5.728708e-003
1.153223e+003, 5.830599e-003
1.155151e+003, 5.680260e-003
1.157080e+003, 5.560132e-003
1.159008e+003, 5.583179e-003
1.160937e+003, 5.548168e-003
1.162865e+003, 5.484965e-003
1.164794e+003, 5.337326e-003
1.166722e+003, 5.178087e-003
1.168651e+003, 5.039310e-003
1.170579e+003, 4.803996e-003
1.172508e+003, 4.540250e-003
1.174436e+003, 4.402749e-003
1.176365e+003, 4.309380e-003
1.178293e+003, 4.228341e-003
1.180222e+003, 4.091647e-003
1.182150e+003, 3.937235e-003
1.184078e+003, 3.882895e-003
1.186007e+003, 3.760357e-003
1.187935e+003, 3.715370e-003
1.189864e+003, 3.715482e-003
1.191792e+003, 3.648733e-003
1.193721e+003, 3.425581e-003
1.195649e+003, 3.175608e-003
1.197578e+003, 3.056148e-003
1.199506e+003, 2.928008e-003
1.201435e+003, 2.782826e-003
1.203363e+003, 2.705609e-003
1.205292e+003, 2.662264e-003
1.207220e+003, 2.532552e-003
1.209149e+003, 2.531204e-003
1.211077e+003, 2.550931e-003
1.213005e+003, 2.433090e-003
1.214934e+003, 2.496940e-003
1.216862e+003, 2.569936e-003
1.218791e+003, 2.555431e-003
1.220719e+003, 2.454679e-003
1.222648e+003, 2.341040e-003
1.224576e+003, 2.353339e-003
1.226505e+003, 2.365625e-003
1.228433e+003, 2.373523e-003
1.230362e+003, 2.478729e-003
1.232290e+003, 2.539970e-003
1.234219e+003, 2.472217e-003
1.236147e+003, 2.288947e-003
1.238076e+003, 2.216326e-003
1.240004e+003, 2.242314e-003
1.241932e+003, 2.233619e-003
1.243861e+003, 2.213180e-003
1.245789e+003, 2.252221e-003
1.247718e+003, 2.214625e-003
1.249646e+003, 2.173241e-003
1.251575e+003, 2.189473e-003
1.253503e+003, 2.296701e-003
1.255432e+003, 2.240644e-003
1.257360e+003, 2.072494e-003
1.259289e+003, 2.056669e-003
1.261217e+003, 2.135003e-003
1.263146e+003, 2.047073e-003
1.265074e+003, 2.002001e-003
1.267003e+003, 1.960706e-003
1.268931e+003, 1.859289e-003
1.270859e+003, 1.929264e-003
1.272788e+003, 2.024513e-003
1.274716e+003, 2.158554e-003
1.276645e+003, 2.128462e-003
1.278573e+003, 2.077984e-003
1.280502e+003, 2.114520e-003
1.282430e+003, 2.127320e-003
1.284359e+003, 2.128659e-003
1.286287e+003, 2.113650e-003
1.288216e+003, 2.115763e-003
1.290144e+003, 2.147613e-003
1.292073e+003, 2.129869e-003
1.294001e+003, 2.161603e-003
1.295930e+003, 2.304943e-003
1.297858e+003, 2.281452e-003
1.299786e+003, 2.172797e-003
1.301715e+003, 2.170285e-003
1.303643e+003, 2.181631e-003
1.305572e+003, 2.162558e-003
1.307500e+003, 2.387338e-003
1.309429e+003, 2.614511e-003
1.311357e+003, 2.605685e-003
1.313286e+003, 2.585150e-003
1.315214e+003, 2.637387e-003
1.317143e+003, 2.727524e-003
1.319071e+003, 2.754549e-003
1.321000e+003, 2.707501e-003
1.322928e+003, 2.774945e-003
1.324857e+003, 2.880073e-003
1.326785e+003, 2.882079e-003
1.328714e+003, 2.908511e-003
1.330642e+003, 2.927782e-003
1.332570e+003, 2.906932e-003
1.334499e+003, 2.942360e-003
1.336427e+003, 3.024930e-003
1.338356e+003, 3.110630e-003
1.340284e+003, 3.049516e-003
1.342213e+003, 3.040031e-003
1.344141e+003, 3.203193e-003
1.346070e+003, 3.353222e-003
1.347998e+003, 3.342920e-003
1.349927e+003, 3.389119e-003
1.351855e+003, 3.468056e-003
1.353784e+003, 3.449708e-003
1.355712e+003, 3.420132e-003
1.357641e+003, 3.530096e-003
1.359569e+003, 3.699077e-003
1.361497e+003, 3.775448e-003
1.363426e+003, 3.886632e-003
1.365354e+003, 3.913607e-003
1.367283e+003, 3.871973e-003
1.369211e+003, 4.000953e-003
1.371140e+003, 4.122160e-003
1.373068e+003, 4.222231e-003
1.374997e+003, 4.348647e-003
1.376925e+003, 4.452950e-003
1.378854e+003, 4.523475e-003
1.380782e+003, 4.487105e-003
1.382711e+003, 4.376781e-003
1.384639e+003, 4.482516e-003
1.386568e+003, 4.689011e-003
1.388496e+003, 4.705864e-003
1.390424e+003, 4.669488e-003
1.392353e+003, 4.690369e-003
1.394281e+003, 4.820710e-003
1.396210e+003, 4.889206e-003
1.398138e+003, 4.911686e-003
1.400067e+003, 4.938657e-003
1.401995e+003, 4.915342e-003
1.403924e+003, 4.976491e-003
1.405852e+003, 5.046159e-003
1.407781e+003, 5.136421e-003
1.409709e+003, 5.232999e-003
1.411638e+003, 5.262792e-003
1.413566e+003, 5.271583e-003
1.415495e+003, 5.326313e-003
1.417423e+003, 5.545065e-003
1.419351e+003, 5.809331e-003
1.421280e+003, 5.737127e-003
1.423208e+003, 5.683609e-003
1.425137e+003, 5.814170e-003
1.427065e+003, 5.900837e-003
1.428994e+003, 6.021722e-003
1.430922e+003, 6.145417e-003
1.432851e+003, 6.117117e-003
1.434779e+003, 6.253975e-003
1.436708e+003, 6.412607e-003
1.438636e+003, 6.310840e-003
1.440565e+003, 6.392878e-003
1.442493e+003, 6.481884e-003
1.444422e+003, 6.579623e-003
1.446350e+003, 6.714379e-003
1.448278e+003, 6.746176e-003
1.450207e+003, 6.691535e-003
1.452135e+003, 6.769295e-003
1.454064e+003, 6.951039e-003
1.455992e+003, 7.204037e-003
1.457921e+003, 7.243234e-003
1.459849e+003, 7.056558e-003
1.461778e+003, 6.898066e-003
1.463706e+003, 6.960067e-003
1.465635e+003, 7.033019e-003
1.467563e+003, 6.802051e-003
1.469492e+003, 6.820047e-003
1.471420e+003, 7.054624e-003
1.473349e+003, 7.084551e-003
1.475277e+003, 6.807184e-003
1.477205e+003, 6.643363e-003
1.479134e+003, 6.615249e-003
1.481062e+003, 6.580646e-003
1.482991e+003, 6.533276e-003
1.484919e+003, 6.579448e-003
1.486848e+003, 6.630751e-003
1.488776e+003, 6.800001e-003
1.490705e+003, 6.789344e-003
1.492633e+003, 6.547798e-003
1.494562e+003, 6.650313e-003
1.496490e+003, 6.825736e-003
1.498419e+003, 6.786020e-003
1.500347e+003, 6.672909e-003
1.502276e+003, 6.580173e-003
1.504204e+003, 6.768482e-003
1.506132e+003, 6.957049e-003
1.508061e+003, 6.884857e-003
1.509989e+003, 6.735893e-003
1.511918e+003, 6.483450e-003
1.513846e+003, 6.321040e-003
1.515775e+003, 6.306739e-003
1.517703e+003, 6.253902e-003
1.519632e+003, 6.362001e-003
1.521560e+003, 6.469904e-003
1.523489e+003, 6.370770e-003
1.525417e+003, 6.420743e-003
1.527346e+003, 6.407767e-003
1.529274e+003, 6.370029e-003
1.531203e+003, 6.336481e-003
1.533131e+003, 6.352269e-003
1.535059e+003, 6.374846e-003
1.536988e+003, 6.464622e-003
1.538916e+003, 6.810832e-003
1.540845e+003, 6.873588e-003
1.542773e+003, 6.697796e-003
1.544702e+003, 6.619813e-003
1.546630e+003, 6.526757e-003
1.548559e+003, 6.513502e-003
1.550487e+003, 6.532262e-003
1.552416e+003, 6.628025e-003
1.554344e+003, 6.732185e-003
1.556273e+003, 6.861757e-003
1.558201e+003, 7.233527e-003
1.560130e+003, 7.120916e-003
1.562058e+003, 6.704383e-003
1.563986e+003, 6.639516e-003
1.565915e+003, 6.642374e-003
1.567843e+003, 6.766826e-003
1.569772e+003, 6.954267e-003
1.571700e+003, 6.797496e-003
1.573629e+003, 6.791416e-003
1.575557e+003, 7.097398e-003
1.577486e+003, 7.036605e-003
1.579414e+003, 6.994206e-003
1.581343e+003, 7.072319e-003
1.583271e+003, 6.978039e-003
1.585200e+003, 6.893605e-003
1.587128e+003, 6.838220e-003
1.589057e+003, 6.944176e-003
1.590985e+003, 7.073292e-003
1.592913e+003, 7.065568e-003
1.594842e+003, 7.005652e-003
1.596770e+003, 7.092817e-003
1.598699e+003, 7.166480e-003
1.600627e+003, 7.205474e-003
1.602556e+003, 7.388126e-003
1.604484e+003, 7.398112e-003
1.606413e+003, 7.302779e-003
1.608341e+003, 7.215829e-003
1.610270e+003, 7.235984e-003
1.612198e+003, 7.284180e-003
1.614127e+003, 7.395978e-003
1.616055e+003, 7.697155e-003
1.617984e+003, 7.642516e-003
1.619912e+003, 7.306314e-003
1.621840e+003, 7.357605e-003
1.623769e+003, 7.588550e-003
1.625697e+003, 7.500022e-003
1.627626e+003, 7.317975e-003
1.629554e+003, 7.293991e-003
1.631483e+003, 7.371030e-003
1.633411e+003, 7.538102e-003
1.635340e+003, 7.816402e-003
1.637268e+003, 7.681462e-003
1.639197e+003, 7.606101e-003
1.641125e+003, 7.601710e-003
1.643054e+003, 7.512613e-003
1.644982e+003, 7.664735e-003
1.646911e+003, 7.887786e-003
1.648839e+003, 7.729477e-003
1.650767e+003, 7.940709e-003
1.652696e+003, 8.413437e-003
1.654624e+003, 7.976380e-003
1.656553e+003, 7.389326e-003
1.658481e+003, 7.506835e-003
1.660410e+003, 7.598651e-003
1.662338e+003, 7.600489e-003
1.664267e+003, 7.529705e-003
1.666195e+003, 7.507386e-003
1.668124e+003, 7.627407e-003
1.670052e+003, 7.684234e-003
1.671981e+003, 7.591188e-003
1.673909e+003, 7.722330e-003
1.675838e+003, 7.778060e-003
1.677766e+003, 7.599567e-003
1.679694e+003, 7.616092e-003
1.681623e+003, 7.827012e-003
1.683551e+003, 8.218847e-003
1.685480e+003, 8.146856e-003
1.687408e+003, 7.844707e-003
1.689337e+003, 7.864396e-003
1.691265e+003, 7.914527e-003
1.693194e+003, 7.896475e-003
1.695122e+003, 8.189236e-003
1.697051e+003, 8.355586e-003
1.698979e+003, 8.442320e-003
1.700908e+003, 8.517266e-003
1.702836e+003, 8.342111e-003
1.704765e+003, 8.266936e-003
1.706693e+003, 8.295821e-003
1.708621e+003, 8.355142e-003
1.710550e+003, 8.323854e-003
1.712478e+003, 8.450048e-003
1.714407e+003, 8.763474e-003
1.716335e+003, 9.091580e-003
1.718264e+003, 9.233989e-003
1.720192e+003, 9.280916e-003
1.722121e+003, 9.397715e-003
1.724049e+003, 9.742238e-003
1.725978e+003, 1.012464e-002
1.727906e+003, 1.037662e-002
1.729835e+003, 1.042752e-002
1.731763e+003, 1.062201e-002
1.733692e+003, 1.073123e-002
1.735620e+003, 1.029189e-002
1.737548e+003, 9.883670e-003
1.739477e+003, 9.826125e-003
1.741405e+003, 9.508495e-003
1.743334e+003, 9.151341e-003
1.745262e+003, 8.831933e-003
1.747191e+003, 8.598062e-003
1.749119e+003, 8.625576e-003
1.751048e+003, 8.592581e-003
1.752976e+003, 8.357401e-003
1.754905e+003, 8.443944e-003
1.756833e+003, 8.528956e-003
1.758762e+003, 8.526867e-003
1.760690e+003, 8.610650e-003
1.762619e+003, 8.710011e-003
1.764547e+003, 8.697109e-003
1.766475e+003, 8.839623e-003
1.768404e+003, 8.824656e-003
1.770332e+003, 8.874016e-003
1.772261e+003, 9.017866e-003
1.774189e+003, 8.805304e-003
1.776118e+003, 8.925215e-003
1.778046e+003, 9.020833e-003
1.779975e+003, 8.925526e-003
1.781903e+003, 8.698398e-003
1.783832e+003, 8.564591e-003
1.785760e+003, 8.509042e-003
1.787689e+003, 8.455327e-003
1.789617e+003, 8.492965e-003
1.791546e+003, 8.545610e-003
1.793474e+003, 8.455425e-003
1.795402e+003, 8.128162e-003
1.797331e+003, 8.044029e-003
1.799259e+003, 8.146973e-003
1.801188e+003, 8.147780e-003
1.803116e+003, 8.129562e-003
1.805045e+003, 8.168154e-003
1.806973e+003, 8.111165e-003
1.808902e+003, 8.128526e-003
1.810830e+003, 8.250126e-003
1.812759e+003, 8.259927e-003
1.814687e+003, 8.122086e-003
1.816616e+003, 7.747660e-003
1.818544e+003, 7.626757e-003
1.820473e+003, 7.926249e-003
1.822401e+003, 8.153252e-003
1.824329e+003, 8.379620e-003
1.826258e+003, 8.419164e-003
1.828186e+003, 8.222476e-003
1.830115e+003, 8.107992e-003
1.832043e+003, 8.005162e-003
1.833972e+003, 8.023511e-003
1.835900e+003, 7.998569e-003
1.837829e+003, 8.116634e-003
1.839757e+003, 8.413695e-003
1.841686e+003, 8.334126e-003
1.843614e+003, 7.987501e-003
1.845543e+003, 7.715242e-003
1.847471e+003, 7.696343e-003
1.849400e+003, 8.280315e-003
1.851328e+003, 8.640734e-003
1.853256e+003, 8.622102e-003
1.855185e+003, 8.394739e-003
1.857113e+003, 8.102506e-003
1.859042e+003, 8.358329e-003
1.860970e+003, 8.584453e-003
1.862899e+003, 8.570565e-003
1.864827e+003, 8.366135e-003
1.866756e+003, 8.327905e-003
1.868684e+003, 8.433579e-003
1.870613e+003, 8.469829e-003
1.872541e+003, 8.479051e-003
1.874470e+003, 8.399663e-003
1.876398e+003, 8.237191e-003
1.878327e+003, 8.232553e-003
1.880255e+003, 8.370742e-003
1.882183e+003, 8.520335e-003
1.884112e+003, 8.281351e-003
1.886040e+003, 8.332949e-003
1.887969e+003, 8.427925e-003
1.889897e+003, 8.442914e-003
1.891826e+003, 8.028652e-003
1.893754e+003, 7.798114e-003
1.895683e+003, 7.822265e-003
1.897611e+003, 7.941845e-003
1.899540e+003, 8.219997e-003
1.901468e+003, 8.023100e-003
1.903397e+003, 7.668626e-003
1.905325e+003, 7.665406e-003
1.907254e+003, 7.747510e-003
1.909182e+003, 7.413428e-003
1.911110e+003, 7.188371e-003
1.913039e+003, 7.111900e-003
1.914967e+003, 6.950461e-003
1.916896e+003, 7.148307e-003
1.918824e+003, 7.135924e-003
1.920753e+003, 6.894109e-003
1.922681e+003, 6.898568e-003
1.924610e+003, 6.417336e-003
1.926538e+003, 5.851581e-003
1.928467e+003, 6.248201e-003
1.930395e+003, 6.417421e-003
1.932324e+003, 6.477786e-003
1.934252e+003, 6.841668e-003
1.936181e+003, 6.938732e-003
1.938109e+003, 6.476415e-003
1.940037e+003, 6.046005e-003
1.941966e+003, 6.647877e-003
1.943894e+003, 6.834345e-003
1.945823e+003, 6.543844e-003
1.947751e+003, 6.813584e-003
1.949680e+003, 6.938936e-003
1.951608e+003, 6.940889e-003
1.953537e+003, 7.121358e-003
1.955465e+003, 6.982034e-003
1.957394e+003, 6.317330e-003
1.959322e+003, 6.616653e-003
1.961251e+003, 7.095634e-003
1.963179e+003, 7.287260e-003
1.965108e+003, 6.955846e-003
1.967036e+003, 6.542522e-003
1.968964e+003, 6.483163e-003
1.970893e+003, 6.344434e-003
1.972821e+003, 6.583450e-003
1.974750e+003, 7.661763e-003
1.976678e+003, 8.938049e-003
1.978607e+003, 1.026881e-002
1.980535e+003, 1.036115e-002
1.982464e+003, 9.757370e-003
1.984392e+003, 1.021953e-002
1.986321e+003, 9.562062e-003
1.988249e+003, 7.992014e-003
1.990178e+003, 7.838084e-003
1.992106e+003, 8.849617e-003
1.994035e+003, 9.424686e-003
1.995963e+003, 9.081315e-003
1.997891e+003, 8.397793e-003
1.999820e+003, 8.684132e-003
2.001748e+003, 8.711209e-003
2.003677e+003, 8.150251e-003
2.005605e+003, 8.400377e-003
2.007534e+003, 1.009091e-002
2.009462e+003, 1.070408e-002
2.011391e+003, 1.021611e-002
2.013319e+003, 1.056768e-002
2.015248e+003, 1.107468e-002
2.017176e+003, 1.101614e-002
2.019105e+003, 1.134231e-002
2.021033e+003, 1.122389e-002
2.022962e+003, 1.005717e-002
2.024890e+003, 1.055411e-002
2.026818e+003, 1.143801e-002
2.028747e+003, 1.143190e-002
2.030675e+003, 1.142381e-002
2.032604e+003, 1.232271e-002
2.034532e+003, 1.327596e-002
2.036461e+003, 1.316078e-002
2.038389e+003, 1.290538e-002
2.040318e+003, 1.400516e-002
2.042246e+003, 1.384305e-002
2.044175e+003, 1.292290e-002
2.046103e+003, 1.264296e-002
2.048031e+003, 1.371760e-002
2.049960e+003, 1.503666e-002
2.051888e+003, 1.384764e-002
2.053817e+003, 1.251528e-002
2.055745e+003, 1.309174e-002
2.057674e+003, 1.342758e-002
2.059602e+003, 1.261393e-002
2.061531e+003, 1.201006e-002
2.063459e+003, 1.238577e-002
2.065388e+003, 1.296866e-002
2.067316e+003, 1.341332e-002
2.069245e+003, 1.368475e-002
2.071173e+003, 1.390779e-002
2.073102e+003, 1.384849e-002
2.075030e+003, 1.382807e-002
2.076958e+003, 1.352281e-002
2.078887e+003, 1.298727e-002
2.080815e+003, 1.291801e-002
2.082744e+003, 1.285339e-002
2.084672e+003, 1.251281e-002
2.086601e+003, 1.252698e-002
2.088529e+003, 1.259697e-002
2.090458e+003, 1.239979e-002
2.092386e+003, 1.192811e-002
2.094315e+003, 1.206281e-002
2.096243e+003, 1.291862e-002
2.098172e+003, 1.285695e-002
2.100100e+003, 1.329066e-002
2.102029e+003, 1.356882e-002
2.103957e+003, 1.328696e-002
2.105885e+003, 1.293536e-002
2.107814e+003, 1.277715e-002
2.109742e+003, 1.301658e-002
2.111671e+003, 1.319913e-002
2.113599e+003, 1.288925e-002
2.115528e+003, 1.261158e-002
2.117456e+003, 1.221154e-002
2.119385e+003, 1.179407e-002
2.121313e+003, 1.179871e-002
2.123242e+003, 1.259639e-002
2.125170e+003, 1.272672e-002
2.127099e+003, 1.172228e-002
2.129027e+003, 1.168724e-002
2.130956e+003, 1.198823e-002
2.132884e+003, 1.148314e-002
2.134813e+003, 1.195059e-002
2.136741e+003, 1.192563e-002
2.138669e+003, 1.155653e-002
2.140598e+003, 1.231685e-002
2.142526e+003, 1.275403e-002
2.144455e+003, 1.231023e-002
2.146383e+003, 1.205727e-002
2.148312e+003, 1.355305e-002
2.150240e+003, 1.340218e-002
2.152169e+003, 1.252183e-002
2.154097e+003, 1.331169e-002
2.156026e+003, 1.325351e-002
2.157954e+003, 1.381307e-002
2.159883e+003, 1.682354e-002
2.161811e+003, 1.742148e-002
2.163740e+003, 1.798580e-002
2.165668e+003, 1.851125e-002
2.167596e+003, 1.826659e-002
2.169525e+003, 1.820335e-002
2.171453e+003, 1.611644e-002
2.173382e+003, 1.473134e-002
2.175310e+003, 1.575641e-002
2.177239e+003, 1.571219e-002
2.179167e+003, 1.461399e-002
2.181096e+003, 1.438719e-002
2.183024e+003, 1.542776e-002
2.184953e+003, 1.688602e-002
2.186881e+003, 1.690621e-002
2.188810e+003, 1.585038e-002
2.190738e+003, 1.528668e-002
2.192667e+003, 1.557666e-002
2.194595e+003, 1.628106e-002
2.196523e+003, 1.650674e-002
2.198452e+003, 1.612896e-002
2.200380e+003, 1.534723e-002
2.202309e+003, 1.562542e-002
2.204237e+003, 1.602843e-002
2.206166e+003, 1.567139e-002
2.208094e+003, 1.518326e-002
2.210023e+003, 1.568915e-002
2.211951e+003, 1.594740e-002
2.213880e+003, 1.583039e-002
2.215808e+003, 1.523543e-002
2.217737e+003, 1.567166e-002
2.219665e+003, 1.574710e-002
2.221594e+003, 1.547143e-002
2.223522e+003, 1.580393e-002
2.225450e+003, 1.537184e-002
2.227379e+003, 1.425208e-002
2.229307e+003, 1.410186e-002
2.231236e+003, 1.481850e-002
2.233164e+003, 1.532937e-002
2.235093e+003, 1.550805e-002
2.237021e+003, 1.537542e-002
2.238950e+003, 1.499149e-002
2.240878e+003, 1.493241e-002
2.242807e+003, 1.502260e-002
2.244735e+003, 1.457832e-002
2.246664e+003, 1.442636e-002
2.248592e+003, 1.456311e-002
2.250521e+003, 1.451127e-002
2.252449e+003, 1.453332e-002
2.254377e+003, 1.500646e-002
2.256306e+003, 1.549908e-002
2.258234e+003, 1.514740e-002
2.260163e+003, 1.502594e-002
2.262091e+003, 1.527526e-002
2.264020e+003, 1.536894e-002
2.265948e+003, 1.499469e-002
2.267877e+003, 1.519882e-002
2.269805e+003, 1.576242e-002
2.271734e+003, 1.545575e-002
2.273662e+003, 1.516728e-002
2.275591e+003, 1.544004e-002
2.277519e+003, 1.563362e-002
2.279448e+003, 1.572793e-002
2.281376e+003, 1.576049e-002
2.283304e+003, 1.615692e-002
2.285233e+003, 1.657737e-002
2.287161e+003, 1.624844e-002
2.289090e+003, 1.581318e-002
2.291018e+003, 1.599030e-002
2.292947e+003, 1.594202e-002
2.294875e+003, 1.524055e-002
2.296804e+003, 1.503230e-002
2.298732e+003, 1.533532e-002
2.300661e+003, 1.564848e-002
2.302589e+003, 1.542538e-002
2.304518e+003, 1.529359e-002
2.306446e+003, 1.548022e-002
2.308375e+003, 1.538961e-002
2.310303e+003, 1.526106e-002
2.312231e+003, 1.566881e-002
2.314160e+003, 1.563090e-002
2.316088e+003, 1.553986e-002
2.318017e+003, 1.586015e-002
2.319945e+003, 1.619497e-002
2.321874e+003, 1.649221e-002
2.323802e+003, 1.644865e-002
2.325731e+003, 1.564094e-002
2.327659e+003, 1.522079e-002
2.329588e+003, 1.513823e-002
2.331516e+003, 1.491255e-002
2.333445e+003, 1.467915e-002
2.335373e+003, 1.468838e-002
2.337302e+003, 1.490068e-002
2.339230e+003, 1.479006e-002
2.341158e+003, 1.471582e-002
2.343087e+003, 1.492507e-002
2.345015e+003, 1.499603e-002
2.346944e+003, 1.462489e-002
2.348872e+003, 1.426913e-002
2.350801e+003, 1.431366e-002
2.352729e+003, 1.427612e-002
2.354658e+003, 1.452133e-002
2.356586e+003, 1.490020e-002
2.358515e+003, 1.477898e-002
2.360443e+003, 1.469684e-002
2.362372e+003, 1.479976e-002
2.364300e+003, 1.483593e-002
2.366229e+003, 1.454759e-002
2.368157e+003, 1.432248e-002
2.370085e+003, 1.414915e-002
2.372014e+003, 1.407702e-002
2.373942e+003, 1.411486e-002
2.375871e+003, 1.412118e-002
2.377799e+003, 1.394096e-002
2.379728e+003, 1.412128e-002
2.381656e+003, 1.424433e-002
2.383585e+003, 1.386255e-002
2.385513e+003, 1.387790e-002
2.387442e+003, 1.388080e-002
2.389370e+003, 1.364768e-002
2.391299e+003, 1.350811e-002
2.393227e+003, 1.378107e-002
2.395156e+003, 1.408554e-002
2.397084e+003, 1.411212e-002
2.399012e+003, 1.435458e-002
2.400941e+003, 1.421614e-002
2.402869e+003, 1.388508e-002
2.404798e+003, 1.414508e-002
2.406726e+003, 1.455914e-002
2.408655e+003, 1.457651e-002
2.410583e+003, 1.465616e-002
2.412512e+003, 1.503821e-002
2.414440e+003, 1.494226e-002
2.416369e+003, 1.448049e-002
2.418297e+003, 1.468648e-002
2.420226e+003, 1.489824e-002
2.422154e+003, 1.466317e-002
2.424083e+003, 1.480697e-002
2.426011e+003, 1.492157e-002
2.427939e+003, 1.504659e-002
2.429868e+003, 1.484841e-002
2.431796e+003, 1.456878e-002
2.433725e+003, 1.458439e-002
2.435653e+003, 1.498502e-002
2.437582e+003, 1.518052e-002
2.439510e+003, 1.526760e-002
2.441439e+003, 1.504567e-002
2.443367e+003, 1.486276e-002
2.445296e+003, 1.523544e-002
2.447224e+003, 1.517897e-002
2.449153e+003, 1.513302e-002
2.451081e+003, 1.527941e-002
2.453010e+003, 1.547444e-002
2.454938e+003, 1.538662e-002
2.456866e+003, 1.522376e-002
2.458795e+003, 1.518756e-002
2.460723e+003, 1.493482e-002
2.462652e+003, 1.496602e-002
2.464580e+003, 1.475114e-002
2.466509e+003, 1.464607e-002
2.468437e+003, 1.504216e-002
2.470366e+003, 1.542631e-002
2.472294e+003, 1.538470e-002
2.474223e+003, 1.507162e-002
2.476151e+003, 1.478751e-002
2.478080e+003, 1.469817e-002
2.480008e+003, 1.497165e-002
2.481937e+003, 1.513501e-002
2.483865e+003, 1.503456e-002
2.485793e+003, 1.521298e-002
2.487722e+003, 1.531285e-002
2.489650e+003, 1.490702e-002
2.491579e+003, 1.459958e-002
2.493507e+003, 1.469534e-002
2.495436e+003, 1.472701e-002
2.497364e+003, 1.486208e-002
2.499293e+003, 1.490121e-002
2.501221e+003, 1.476513e-002
2.503150e+003, 1.473982e-002
2.505078e+003, 1.482878e-002
2.507007e+003, 1.495139e-002
2.508935e+003, 1.498855e-002
2.510864e+003, 1.485766e-002
2.512792e+003, 1.491493e-002
2.514720e+003, 1.493124e-002
2.516649e+003, 1.478804e-002
2.518577e+003, 1.483181e-002
2.520506e+003, 1.532964e-002
2.522434e+003, 1.541379e-002
2.524363e+003, 1.529592e-002
2.526291e+003, 1.543259e-002
2.528220e+003, 1.538563e-002
2.530148e+003, 1.519228e-002
2.532077e+003, 1.525927e-002
2.534005e+003, 1.524148e-002
2.535934e+003, 1.533218e-002
2.537862e+003, 1.549541e-002
2.539791e+003, 1.556739e-002
2.541719e+003, 1.584389e-002
2.543647e+003, 1.580286e-002
2.545576e+003, 1.553360e-002
2.547504e+003, 1.543867e-002
2.549433e+003, 1.548740e-002
2.551361e+003, 1.537615e-002
2.553290e+003, 1.564586e-002
2.555218e+003, 1.534960e-002
2.557147e+003, 1.509305e-002
2.559075e+003, 1.557326e-002
2.561004e+003, 1.599928e-002
2.562932e+003, 1.599568e-002
2.564861e+003, 1.613433e-002
2.566789e+003, 1.603097e-002
2.568718e+003, 1.586366e-002
2.570646e+003, 1.598213e-002
2.572574e+003, 1.592214e-002
2.574503e+003, 1.587518e-002
2.576431e+003, 1.589024e-002
2.578360e+003, 1.563775e-002
2.580288e+003, 1.554736e-002
2.582217e+003, 1.582538e-002
2.584145e+003, 1.602222e-002
2.586074e+003, 1.626362e-002
2.588002e+003, 1.649209e-002
2.589931e+003, 1.645548e-002
2.591859e+003, 1.619001e-002
2.593788e+003, 1.608850e-002
2.595716e+003, 1.641366e-002
2.597645e+003, 1.659008e-002
2.599573e+003, 1.670183e-002
2.601501e+003, 1.652216e-002
2.603430e+003, 1.665823e-002
2.605358e+003, 1.652879e-002
2.607287e+003, 1.625761e-002
2.609215e+003, 1.634818e-002
2.611144e+003, 1.650207e-002
2.613072e+003, 1.674291e-002
2.615001e+003, 1.682705e-002
2.616929e+003, 1.672142e-002
2.618858e+003, 1.673599e-002
2.620786e+003, 1.687649e-002
2.622715e+003, 1.712067e-002
2.624643e+003, 1.713762e-002
2.626572e+003, 1.690866e-002
2.628500e+003, 1.680799e-002
2.630428e+003, 1.714996e-002
2.632357e+003, 1.730770e-002
2.634285e+003, 1.702954e-002
2.636214e+003, 1.697663e-002
2.638142e+003, 1.681230e-002
2.640071e+003, 1.687701e-002
2.641999e+003, 1.726788e-002
2.643928e+003, 1.719071e-002
2.645856e+003, 1.702497e-002
2.647785e+003, 1.717803e-002
2.649713e+003, 1.724272e-002
2.651642e+003, 1.733085e-002
2.653570e+003, 1.730192e-002
2.655499e+003, 1.715975e-002
2.657427e+003, 1.706708e-002
2.659355e+003, 1.686438e-002
2.661284e+003, 1.659636e-002
2.663212e+003, 1.627442e-002
2.665141e+003, 1.613777e-002
2.667069e+003, 1.617279e-002
2.668998e+003, 1.630855e-002
2.670926e+003, 1.629400e-002
2.672855e+003, 1.642006e-002
2.674783e+003, 1.641846e-002
2.676712e+003, 1.619768e-002
2.678640e+003, 1.606144e-002
2.680569e+003, 1.599390e-002
2.682497e+003, 1.588327e-002
2.684426e+003, 1.587959e-002
2.686354e+003, 1.593228e-002
2.688282e+003, 1.596977e-002
2.690211e+003, 1.601534e-002
2.692139e+003, 1.609767e-002
2.694068e+003, 1.615406e-002
2.695996e+003, 1.624509e-002
2.697925e+003, 1.632429e-002
2.699853e+003, 1.625483e-002
2.701782e+003, 1.622255e-002
2.703710e+003, 1.632955e-002
2.705639e+003, 1.624025e-002
2.707567e+003, 1.625052e-002
2.709496e+003, 1.638621e-002
2.711424e+003, 1.610917e-002
2.713353e+003, 1.608851e-002
2.715281e+003, 1.633742e-002
2.717209e+003, 1.631092e-002
2.719138e+003, 1.657258e-002
2.721066e+003, 1.647943e-002
2.722995e+003, 1.639747e-002
2.724923e+003, 1.648732e-002
2.726852e+003, 1.643746e-002
2.728780e+003, 1.638304e-002
2.730709e+003, 1.654871e-002
2.732637e+003, 1.646440e-002
2.734566e+003, 1.624505e-002
2.736494e+003, 1.644747e-002
2.738423e+003, 1.669916e-002
2.740351e+003, 1.664661e-002
2.742280e+003, 1.665653e-002
2.744208e+003, 1.660164e-002
2.746136e+003, 1.664583e-002
2.748065e+003, 1.682775e-002
2.749993e+003, 1.678804e-002
2.751922e+003, 1.659201e-002
2.753850e+003, 1.660026e-002
2.755779e+003, 1.645474e-002
2.757707e+003, 1.625706e-002
2.759636e+003, 1.651791e-002
2.761564e+003, 1.665160e-002
2.763493e+003, 1.670802e-002
2.765421e+003, 1.667868e-002
2.767350e+003, 1.652171e-002
2.769278e+003, 1.668101e-002
2.771207e+003, 1.672266e-002
2.773135e+003, 1.637086e-002
2.775063e+003, 1.656061e-002
2.776992e+003, 1.681790e-002
2.778920e+003, 1.672973e-002
2.780849e+003, 1.642986e-002
2.782777e+003, 1.636383e-002
2.784706e+003, 1.643199e-002
2.786634e+003, 1.668107e-002
2.788563e+003, 1.705469e-002
2.790491e+003, 1.677205e-002
2.792420e+003, 1.663970e-002
2.794348e+003, 1.665199e-002
2.796277e+003, 1.681026e-002
2.798205e+003, 1.682200e-002
2.800134e+003, 1.661674e-002
2.802062e+003, 1.674909e-002
2.803990e+003, 1.683574e-002
2.805919e+003, 1.682786e-002
2.807847e+003, 1.688240e-002
2.809776e+003, 1.674774e-002
2.811704e+003, 1.679555e-002
2.813633e+003, 1.674295e-002
2.815561e+003, 1.670701e-002
2.817490e+003, 1.687656e-002
2.819418e+003, 1.688069e-002
2.821347e+003, 1.679770e-002
2.823275e+003, 1.701419e-002
2.825204e+003, 1.713455e-002
2.827132e+003, 1.694760e-002
2.829061e+003, 1.709408e-002
2.830989e+003, 1.732304e-002
2.832917e+003, 1.725265e-002
2.834846e+003, 1.721025e-002
2.836774e+003, 1.732753e-002
2.838703e+003, 1.747339e-002
2.840631e+003, 1.734499e-002
2.842560e+003, 1.735358e-002
2.844488e+003, 1.775716e-002
2.846417e+003, 1.769559e-002
2.848345e+003, 1.752871e-002
2.850274e+003, 1.789624e-002
2.852202e+003, 1.772577e-002
2.854131e+003, 1.762529e-002
2.856059e+003, 1.810614e-002
2.857988e+003, 1.822469e-002
2.859916e+003, 1.785448e-002
2.861844e+003, 1.787186e-002
2.863773e+003, 1.791438e-002
2.865701e+003, 1.802948e-002
2.867630e+003, 1.827981e-002
2.869558e+003, 1.820504e-002
2.871487e+003, 1.828712e-002
2.873415e+003, 1.826449e-002
2.875344e+003, 1.797705e-002
2.877272e+003, 1.783859e-002
2.879201e+003, 1.786559e-002
2.881129e+003, 1.777721e-002
2.883058e+003, 1.740863e-002
2.884986e+003, 1.733629e-002
2.886915e+003, 1.747607e-002
2.888843e+003, 1.796231e-002
2.890771e+003, 1.815752e-002
2.892700e+003, 1.818097e-002
2.894628e+003, 1.826497e-002
2.896557e+003, 1.823854e-002
2.898485e+003, 1.837673e-002
2.900414e+003, 1.828712e-002
2.902342e+003, 1.845185e-002
2.904271e+003, 1.889086e-002
2.906199e+003, 1.879779e-002
2.908128e+003, 1.853260e-002
2.910056e+003, 1.878988e-002
2.911985e+003, 1.899885e-002
2.913913e+003, 1.878276e-002
2.915842e+003, 1.883907e-002
2.917770e+003, 1.924023e-002
2.919698e+003, 1.945722e-002
2.921627e+003, 1.947131e-002
2.923555e+003, 1.984163e-002
2.925484e+003, 1.954634e-002
2.927412e+003, 1.906640e-002
2.929341e+003, 1.942025e-002
2.931269e+003, 1.895096e-002
2.933198e+003, 1.875131e-002
2.935126e+003, 1.900730e-002
2.937055e+003, 1.871732e-002
2.938983e+003, 1.843870e-002
2.940912e+003, 1.834884e-002
2.942840e+003, 1.813235e-002
2.944769e+003, 1.810719e-002
2.946697e+003, 1.833875e-002
2.948625e+003, 1.862131e-002
2.950554e+003, 1.892322e-002
2.952482e+003, 1.905469e-002
2.954411e+003, 1.940496e-002
2.956339e+003, 1.915268e-002
2.958268e+003, 1.885417e-002
2.960196e+003, 1.889518e-002
2.962125e+003, 1.880766e-002
2.964053e+003, 1.865763e-002
2.965982e+003, 1.849198e-002
2.967910e+003, 1.815515e-002
2.969839e+003, 1.789858e-002
2.971767e+003, 1.790018e-002
2.973696e+003, 1.786170e-002
2.975624e+003, 1.781907e-002
2.977552e+003, 1.746193e-002
2.979481e+003, 1.698269e-002
2.981409e+003, 1.680960e-002
2.983338e+003, 1.688832e-002
2.985266e+003, 1.701986e-002
2.987195e+003, 1.691258e-002
2.989123e+003, 1.720836e-002
2.991052e+003, 1.739237e-002
2.992980e+003, 1.718286e-002
2.994909e+003, 1.673797e-002
2.996837e+003, 1.699344e-002
2.998766e+003, 1.731050e-002
3.000694e+003, 1.700999e-002
3.002623e+003, 1.656417e-002
3.004551e+003, 1.670444e-002
3.006479e+003, 1.672884e-002
3.008408e+003, 1.660606e-002
3.010336e+003, 1.675608e-002
3.012265e+003, 1.653155e-002
3.014193e+003, 1.568713e-002
3.016122e+003, 1.499775e-002
3.018050e+003, 1.548865e-002
3.019979e+003, 1.657627e-002
3.021907e+003, 1.686883e-002
3.023836e+003, 1.671770e-002
3.025764e+003, 1.690136e-002
3.027693e+003, 1.693394e-002
3.029621e+003, 1.705115e-002
3.031550e+003, 1.732747e-002
3.033478e+003, 1.693034e-002
3.035406e+003, 1.661450e-002
3.037335e+003, 1.656315e-002
3.039263e+003, 1.685501e-002
3.041192e+003, 1.727886e-002
3.043120e+003, 1.730041e-002
3.045049e+003, 1.718765e-002
3.046977e+003, 1.702188e-002
3.048906e+003, 1.680864e-002
3.050834e+003, 1.722664e-002
3.052763e+003, 1.778748e-002
3.054691e+003, 1.762553e-002
3.056620e+003, 1.706037e-002
3.058548e+003, 1.693190e-002
3.060477e+003, 1.759467e-002
3.062405e+003, 1.777313e-002
3.064333e+003, 1.753066e-002
3.066262e+003, 1.704072e-002
3.068190e+003, 1.694659e-002
3.070119e+003, 1.719470e-002
3.072047e+003, 1.737776e-002
3.073976e+003, 1.759069e-002
3.075904e+003, 1.719695e-002
3.077833e+003, 1.702568e-002
3.079761e+003, 1.732191e-002
3.081690e+003, 1.746750e-002
3.083618e+003, 1.738637e-002
3.085547e+003, 1.706882e-002
3.087475e+003, 1.739487e-002
3.089404e+003, 1.770584e-002
3.091332e+003, 1.728144e-002
3.093260e+003, 1.692877e-002
3.095189e+003, 1.704314e-002
3.097117e+003, 1.761671e-002
3.099046e+003, 1.790440e-002
3.100974e+003, 1.811065e-002
3.102903e+003, 1.792306e-002
3.104831e+003, 1.766367e-002
3.106760e+003, 1.798429e-002
3.108688e+003, 1.832394e-002
3.110617e+003, 1.815674e-002
3.112545e+003, 1.764773e-002
3.114474e+003, 1.773589e-002
3.116402e+003, 1.803289e-002
3.118331e+003, 1.832132e-002
3.120259e+003, 1.792933e-002
3.122188e+003, 1.776605e-002
3.124116e+003, 1.839433e-002
3.126044e+003, 1.829898e-002
3.127973e+003, 1.787373e-002
3.129901e+003, 1.762015e-002
3.131830e+003, 1.785679e-002
3.133758e+003, 1.828642e-002
3.135687e+003, 1.849330e-002
3.137615e+003, 1.841243e-002
3.139544e+003, 1.802373e-002
3.141472e+003, 1.783807e-002
3.143401e+003, 1.817425e-002
3.145329e+003, 1.844731e-002
3.147258e+003, 1.852199e-002
3.149186e+003, 1.848191e-002
3.151115e+003, 1.846271e-002
3.153043e+003, 1.864192e-002
3.154971e+003, 1.856534e-002
3.156900e+003, 1.839005e-002
3.158828e+003, 1.859040e-002
3.160757e+003, 1.851891e-002
3.162685e+003, 1.859358e-002
3.164614e+003, 1.855525e-002
3.166542e+003, 1.825156e-002
3.168471e+003, 1.818701e-002
3.170399e+003, 1.815908e-002
3.172328e+003, 1.830483e-002
3.174256e+003, 1.855755e-002
3.176185e+003, 1.842534e-002
3.178113e+003, 1.802900e-002
3.180042e+003, 1.864125e-002
3.181970e+003, 1.937820e-002
3.183898e+003, 1.871960e-002
3.185827e+003, 1.801218e-002
3.187755e+003, 1.792974e-002
3.189684e+003, 1.812075e-002
3.191612e+003, 1.881412e-002
3.193541e+003, 1.904169e-002
3.195469e+003, 1.867388e-002
3.197398e+003, 1.834036e-002
3.199326e+003, 1.841863e-002
3.201255e+003, 1.865274e-002
3.203183e+003, 1.886521e-002
3.205112e+003, 1.859120e-002
3.207040e+003, 1.848432e-002
3.208969e+003, 1.917360e-002
3.210897e+003, 1.884547e-002
3.212825e+003, 1.813444e-002
3.214754e+003, 1.838984e-002
3.216682e+003, 1.849727e-002
3.218611e+003, 1.861801e-002
3.220539e+003, 1.864125e-002
3.222468e+003, 1.847926e-002
3.224396e+003, 1.876560e-002
3.226325e+003, 1.888448e-002
3.228253e+003, 1.900415e-002
3.230182e+003, 1.859633e-002
3.232110e+003, 1.829392e-002
3.234039e+003, 1.842150e-002
3.235967e+003, 1.850329e-002
3.237896e+003, 1.836568e-002
3.239824e+003, 1.807340e-002
3.241752e+003, 1.809337e-002
3.243681e+003, 1.845197e-002
3.245609e+003, 1.857045e-002
3.247538e+003, 1.852181e-002
3.249466e+003, 1.839456e-002
3.251395e+003, 1.849090e-002
3.253323e+003, 1.851483e-002
3.255252e+003, 1.854478e-002
3.257180e+003, 1.850948e-002
3.259109e+003, 1.851592e-002
3.261037e+003, 1.824793e-002
3.262966e+003, 1.837850e-002
3.264894e+003, 1.863142e-002
3.266823e+003, 1.862090e-002
3.268751e+003, 1.874347e-002
3.270679e+003, 1.859528e-002
3.272608e+003, 1.868344e-002
3.274536e+003, 1.898785e-002
3.276465e+003, 1.922830e-002
3.278393e+003, 1.892714e-002
3.280322e+003, 1.886907e-002
3.282250e+003, 1.908060e-002
3.284179e+003, 1.900940e-002
3.286107e+003, 1.892463e-002
3.288036e+003, 1.843668e-002
3.289964e+003, 1.801489e-002
3.291893e+003, 1.855028e-002
3.293821e+003, 1.893299e-002
3.295750e+003, 1.858766e-002
3.297678e+003, 1.864710e-002
3.299606e+003, 1.875366e-002
3.301535e+003, 1.868889e-002
3.303463e+003, 1.869578e-002
3.305392e+003, 1.870055e-002
3.307320e+003, 1.863372e-002
3.309249e+003, 1.890460e-002
3.311177e+003, 1.917684e-002
3.313106e+003, 1.894647e-002
3.315034e+003, 1.862440e-002
3.316963e+003, 1.868976e-002
3.318891e+003, 1.884753e-002
3.320820e+003, 1.856251e-002
3.322748e+003, 1.849898e-002
3.324677e+003, 1.835025e-002
3.326605e+003, 1.828249e-002
3.328533e+003, 1.862817e-002
3.330462e+003, 1.856895e-002
3.332390e+003, 1.877752e-002
3.334319e+003, 1.919961e-002
3.336247e+003, 1.918009e-002
3.338176e+003, 1.871489e-002
3.340104e+003, 1.849194e-002
3.342033e+003, 1.876168e-002
3.343961e+003, 1.884161e-002
3.345890e+003, 1.866704e-002
3.347818e+003, 1.869518e-002
3.349747e+003, 1.871457e-002
3.351675e+003, 1.887527e-002
3.353604e+003, 1.857870e-002
3.355532e+003, 1.867989e-002
3.357460e+003, 1.900782e-002
3.359389e+003, 1.900021e-002
3.361317e+003, 1.902880e-002
3.363246e+003, 1.907117e-002
3.365174e+003, 1.904909e-002
3.367103e+003, 1.877641e-002
3.369031e+003, 1.872415e-002
3.370960e+003, 1.894313e-002
3.372888e+003, 1.866108e-002
3.374817e+003, 1.900778e-002
3.376745e+003, 1.895751e-002
3.378674e+003, 1.849039e-002
3.380602e+003, 1.857429e-002
3.382531e+003, 1.872345e-002
3.384459e+003, 1.892320e-002
3.386387e+003, 1.874154e-002
3.388316e+003, 1.858482e-002
3.390244e+003, 1.874677e-002
3.392173e+003, 1.882275e-002
3.394101e+003, 1.856622e-002
3.396030e+003, 1.887075e-002
3.397958e+003, 1.901908e-002
3.399887e+003, 1.866063e-002
3.401815e+003, 1.811835e-002
3.403744e+003, 1.818579e-002
3.405672e+003, 1.860292e-002
3.407601e+003, 1.882643e-002
3.409529e+003, 1.935145e-002
3.411458e+003, 1.889667e-002
3.413386e+003, 1.859200e-002
3.415314e+003, 1.868532e-002
3.417243e+003, 1.838296e-002
3.419171e+003, 1.878425e-002
3.421100e+003, 1.921951e-002
3.423028e+003, 1.880113e-002
3.424957e+003, 1.835883e-002
3.426885e+003, 1.826752e-002
3.428814e+003, 1.848377e-002
3.430742e+003, 1.899152e-002
3.432671e+003, 1.896208e-002
3.434599e+003, 1.891483e-002
3.436528e+003, 1.890963e-002
3.438456e+003, 1.846567e-002
3.440385e+003, 1.834258e-002
3.442313e+003, 1.831739e-002
3.444241e+003, 1.861091e-002
3.446170e+003, 1.888423e-002
3.448098e+003, 1.906149e-002
3.450027e+003, 1.882716e-002
3.451955e+003, 1.868257e-002
3.453884e+003, 1.856239e-002
3.455812e+003, 1.811487e-002
3.457741e+003, 1.798151e-002
3.459669e+003, 1.784812e-002
3.461598e+003, 1.795982e-002
3.463526e+003, 1.849100e-002
3.465455e+003, 1.884793e-002
3.467383e+003, 1.896635e-002
3.469312e+003, 1.897547e-002
3.471240e+003, 1.871452e-002
3.473168e+003, 1.813380e-002
3.475097e+003, 1.839941e-002
3.477025e+003, 1.890495e-002
3.478954e+003, 1.884829e-002
3.480882e+003, 1.851120e-002
3.482811e+003, 1.797445e-002
3.484739e+003, 1.762548e-002
3.486668e+003, 1.821760e-002
3.488596e+003, 1.900769e-002
3.490525e+003, 1.949501e-002
3.492453e+003, 1.890607e-002
3.494382e+003, 1.849368e-002
3.496310e+003, 1.808703e-002
3.498239e+003, 1.794074e-002
3.500167e+003, 1.812723e-002
3.502095e+003, 1.833188e-002
3.504024e+003, 1.893489e-002
3.505952e+003, 1.900456e-002
3.507881e+003, 1.899321e-002
3.509809e+003, 1.870103e-002
3.511738e+003, 1.833119e-002
3.513666e+003, 1.857750e-002
3.515595e+003, 1.897598e-002
3.517523e+003, 1.871745e-002
3.519452e+003, 1.825425e-002
3.521380e+003, 1.827297e-002
3.523309e+003, 1.851215e-002
3.525237e+003, 1.870173e-002
3.527166e+003, 1.881474e-002
3.529094e+003, 1.825286e-002
3.531022e+003, 1.763283e-002
3.532951e+003, 1.776889e-002
3.534879e+003, 1.754137e-002
3.536808e+003, 1.725992e-002
3.538736e+003, 1.728970e-002
3.540665e+003, 1.770680e-002
3.542593e+003, 1.798050e-002
3.544522e+003, 1.843235e-002
3.546450e+003, 1.840083e-002
3.548379e+003, 1.778688e-002
3.550307e+003, 1.799275e-002
3.552236e+003, 1.801654e-002
3.554164e+003, 1.718535e-002
3.556093e+003, 1.742437e-002
3.558021e+003, 1.831513e-002
3.559949e+003, 1.856328e-002
3.561878e+003, 1.810982e-002
3.563806e+003, 1.785988e-002
3.565735e+003, 1.805071e-002
3.567663e+003, 1.822549e-002
3.569592e+003, 1.739076e-002
3.571520e+003, 1.690776e-002
3.573449e+003, 1.704410e-002
3.575377e+003, 1.709914e-002
3.577306e+003, 1.723944e-002
3.579234e+003, 1.749863e-002
3.581163e+003, 1.779161e-002
3.583091e+003, 1.757301e-002
3.585020e+003, 1.739804e-002
3.586948e+003, 1.746013e-002
3.588876e+003, 1.719846e-002
3.590805e+003, 1.716941e-002
3.592733e+003, 1.726935e-002
3.594662e+003, 1.725919e-002
3.596590e+003, 1.705709e-002
3.598519e+003, 1.737266e-002
3.600447e+003, 1.747048e-002
3.602376e+003, 1.739665e-002
3.604304e+003, 1.769951e-002
3.606233e+003, 1.822856e-002
3.608161e+003, 1.816364e-002
3.610090e+003, 1.766686e-002
3.612018e+003, 1.732107e-002
3.613947e+003, 1.672237e-002
3.615875e+003, 1.695493e-002
3.617803e+003, 1.826101e-002
3.619732e+003, 1.865030e-002
3.621660e+003, 1.822882e-002
3.623589e+003, 1.777046e-002
3.625517e+003, 1.743210e-002
3.627446e+003, 1.789142e-002
3.629374e+003, 1.830220e-002
3.631303e+003, 1.738353e-002
3.633231e+003, 1.716904e-002
3.635160e+003, 1.750995e-002
3.637088e+003, 1.717550e-002
3.639017e+003, 1.698859e-002
3.640945e+003, 1.729805e-002
3.642874e+003, 1.737161e-002
3.644802e+003, 1.773172e-002
3.646730e+003, 1.784384e-002
3.648659e+003, 1.762182e-002
3.650587e+003, 1.793140e-002
3.652516e+003, 1.736483e-002
3.654444e+003, 1.703722e-002
3.656373e+003, 1.731732e-002
3.658301e+003, 1.704203e-002
3.660230e+003, 1.724578e-002
3.662158e+003, 1.772163e-002
3.664087e+003, 1.777243e-002
3.666015e+003, 1.762319e-002
3.667944e+003, 1.744909e-002
3.669872e+003, 1.783003e-002
3.671801e+003, 1.725902e-002
3.673729e+003, 1.676500e-002
3.675657e+003, 1.787886e-002
3.677586e+003, 1.801847e-002
3.679514e+003, 1.753920e-002
3.681443e+003, 1.742306e-002
3.683371e+003, 1.727461e-002
3.685300e+003, 1.740928e-002
3.687228e+003, 1.772222e-002
3.689157e+003, 1.766187e-002
3.691085e+003, 1.776109e-002
3.693014e+003, 1.769030e-002
3.694942e+003, 1.767660e-002
3.696871e+003, 1.725053e-002
3.698799e+003, 1.681310e-002
3.700728e+003, 1.751253e-002
3.702656e+003, 1.740566e-002
3.704584e+003, 1.741482e-002
3.706513e+003, 1.782713e-002
3.708441e+003, 1.844291e-002
3.710370e+003, 1.833062e-002
3.712298e+003, 1.819070e-002
3.714227e+003, 1.738771e-002
3.716155e+003, 1.646909e-002
3.718084e+003, 1.702058e-002
3.720012e+003, 1.799005e-002
3.721941e+003, 1.791267e-002
3.723869e+003, 1.771609e-002
3.725798e+003, 1.757347e-002
3.727726e+003, 1.775461e-002
3.729655e+003, 1.844182e-002
3.731583e+003, 1.855275e-002
3.733511e+003, 1.846758e-002
3.735440e+003, 1.847922e-002
3.737368e+003, 1.890484e-002
3.739297e+003, 1.874908e-002
3.741225e+003, 1.788076e-002
3.743154e+003, 1.844225e-002
3.745082e+003, 1.908173e-002
3.747011e+003, 1.869987e-002
3.748939e+003, 1.891564e-002
3.750868e+003, 1.873523e-002
3.752796e+003, 1.827960e-002
3.754725e+003, 1.759663e-002
3.756653e+003, 1.709975e-002
3.758582e+003, 1.725271e-002
3.760510e+003, 1.764901e-002
3.762438e+003, 1.788927e-002
3.764367e+003, 1.800974e-002
3.766295e+003, 1.790889e-002
3.768224e+003, 1.808325e-002
3.770152e+003, 1.794429e-002
3.772081e+003, 1.821286e-002
3.774009e+003, 1.870761e-002
3.775938e+003, 1.840584e-002
3.777866e+003, 1.803839e-002
3.779795e+003, 1.802563e-002
3.781723e+003, 1.833746e-002
3.783652e+003, 1.894955e-002
3.785580e+003, 1.863158e-002
3.787509e+003, 1.799256e-002
3.789437e+003, 1.749653e-002
3.791365e+003, 1.822455e-002
3.793294e+003, 1.880092e-002
3.795222e+003, 1.816098e-002
3.797151e+003, 1.801382e-002
3.799079e+003, 1.862651e-002
3.801008e+003, 1.901386e-002
3.802936e+003, 1.817132e-002
3.804865e+003, 1.852723e-002
3.806793e+003, 1.908476e-002
3.808722e+003, 1.825229e-002
3.810650e+003, 1.803093e-002
3.812579e+003, 1.831027e-002
3.814507e+003, 1.846798e-002
3.816436e+003, 1.865746e-002
3.818364e+003, 1.870408e-002
3.820292e+003, 1.873396e-002
3.822221e+003, 1.825366e-002
3.824149e+003, 1.766593e-002
3.826078e+003, 1.770555e-002
3.828006e+003, 1.783250e-002
3.829935e+003, 1.776858e-002
3.831863e+003, 1.764313e-002
3.833792e+003, 1.819780e-002
3.835720e+003, 1.853434e-002
3.837649e+003, 1.870512e-002
3.839577e+003, 1.878099e-002
3.841506e+003, 1.867916e-002
3.843434e+003, 1.801729e-002
3.845363e+003, 1.792274e-002
3.847291e+003, 1.796802e-002
3.849219e+003, 1.781301e-002
3.851148e+003, 1.785814e-002
3.853076e+003, 1.830674e-002
3.855005e+003, 1.827827e-002
3.856933e+003, 1.782685e-002
3.858862e+003, 1.762690e-002
3.860790e+003, 1.742742e-002
3.862719e+003, 1.756439e-002
3.864647e+003, 1.840147e-002
3.866576e+003, 1.836450e-002
3.868504e+003, 1.828472e-002
3.870433e+003, 1.825128e-002
3.872361e+003, 1.847358e-002
3.874290e+003, 1.856179e-002
3.876218e+003, 1.863696e-002
3.878146e+003, 1.867374e-002
3.880075e+003, 1.861786e-002
3.882003e+003, 1.834982e-002
3.883932e+003, 1.872400e-002
3.885860e+003, 1.914693e-002
3.887789e+003, 1.762178e-002
3.889717e+003, 1.715494e-002
3.891646e+003, 1.756401e-002
3.893574e+003, 1.727992e-002
3.895503e+003, 1.678139e-002
3.897431e+003, 1.702562e-002
3.899360e+003, 1.719271e-002
3.901288e+003, 1.736234e-002
3.903217e+003, 1.810589e-002
3.905145e+003, 1.839090e-002
3.907073e+003, 1.801354e-002
3.909002e+003, 1.813131e-002
3.910930e+003, 1.779946e-002
3.912859e+003, 1.728330e-002
3.914787e+003, 1.770684e-002
3.916716e+003, 1.777022e-002
3.918644e+003, 1.755066e-002
3.920573e+003, 1.771572e-002
3.922501e+003, 1.767686e-002
3.924430e+003, 1.800378e-002
3.926358e+003, 1.763700e-002
3.928287e+003, 1.778662e-002
3.930215e+003, 1.787126e-002
3.932144e+003, 1.794424e-002
3.934072e+003, 1.844457e-002
3.936000e+003, 1.831278e-002
3.937929e+003, 1.811706e-002
3.939857e+003, 1.784305e-002
3.941786e+003, 1.710348e-002
3.943714e+003, 1.745871e-002
3.945643e+003, 1.769387e-002
3.947571e+003, 1.749251e-002
3.949500e+003, 1.719380e-002
3.951428e+003, 1.663917e-002
3.953357e+003, 1.623423e-002
3.955285e+003, 1.682276e-002
3.957214e+003, 1.728926e-002
3.959142e+003, 1.706857e-002
3.961071e+003, 1.729148e-002
3.962999e+003, 1.765538e-002
3.964927e+003, 1.737077e-002
3.966856e+003, 1.711792e-002
3.968784e+003, 1.724124e-002
3.970713e+003, 1.742089e-002
3.972641e+003, 1.727616e-002
3.974570e+003, 1.705242e-002
3.976498e+003, 1.708515e-002
3.978427e+003, 1.737848e-002
3.980355e+003, 1.685194e-002
3.982284e+003, 1.681172e-002
3.984212e+003, 1.807562e-002
3.986141e+003, 1.842058e-002
3.988069e+003, 1.788986e-002
3.989998e+003, 1.743302e-002
3.991926e+003, 1.730903e-002
3.993854e+003, 1.776573e-002
3.995783e+003, 1.820385e-002
3.997711e+003, 1.761169e-002
3.999640e+003, 1.734279e-002
4.001568e+003, 0.000000e+000
##END=



