##NAMES=Cassiterite
##RRUFFID=R040017
##IDEAL CHEMISTRY=SnO_2_
##LOCALITY=Bolivia
##OWNER=RRUFF
##SOURCE=University of Arizona Mineral Museum
##DESCRIPTION=Dark brown short prismatic single crystals
##STATUS=The identification of this mineral has been confirmed by X-ray diffraction and chemical analysis
##URL=rruff.info/R040017
##MEASURED CHEMISTRY=Sn_1.00_O_2_; trace amounts of Fe
3.991926e+002, 2.245904e-001
4.011211e+002, 2.314882e-001
4.030495e+002, 2.342228e-001
4.049780e+002, 2.317122e-001
4.069065e+002, 2.324997e-001
4.088349e+002, 2.375010e-001
4.107634e+002, 2.409372e-001
4.126919e+002, 2.423809e-001
4.146203e+002, 2.452829e-001
4.165488e+002, 2.467275e-001
4.184773e+002, 2.512707e-001
4.204057e+002, 2.558346e-001
4.223342e+002, 2.573970e-001
4.242627e+002, 2.583377e-001
4.261911e+002, 2.628878e-001
4.281196e+002, 2.667056e-001
4.300481e+002, 2.698767e-001
4.319765e+002, 2.732549e-001
4.339050e+002, 2.735101e-001
4.358335e+002, 2.758634e-001
4.377619e+002, 2.783252e-001
4.396904e+002, 2.806114e-001
4.416189e+002, 2.837374e-001
4.435473e+002, 2.873980e-001
4.454758e+002, 2.914618e-001
4.474043e+002, 2.947576e-001
4.493327e+002, 2.960468e-001
4.512612e+002, 3.008143e-001
4.531897e+002, 3.023543e-001
4.551181e+002, 3.042793e-001
4.570466e+002, 3.085691e-001
4.589751e+002, 3.116615e-001
4.609035e+002, 3.136210e-001
4.628320e+002, 3.172209e-001
4.647605e+002, 3.192178e-001
4.666889e+002, 3.176881e-001
4.686174e+002, 3.163786e-001
4.705459e+002, 3.153415e-001
4.724743e+002, 3.161999e-001
4.744028e+002, 3.172064e-001
4.763313e+002, 3.172237e-001
4.782597e+002, 3.181706e-001
4.801882e+002, 3.191804e-001
4.821167e+002, 3.203373e-001
4.840451e+002, 3.203206e-001
4.859736e+002, 3.196525e-001
4.879021e+002, 3.192527e-001
4.898305e+002, 3.196776e-001
4.917590e+002, 3.191957e-001
4.936875e+002, 3.192472e-001
4.956159e+002, 3.195763e-001
4.975444e+002, 3.186211e-001
4.994729e+002, 3.176094e-001
5.014013e+002, 3.180839e-001
5.033298e+002, 3.195751e-001
5.052583e+002, 3.210022e-001
5.071867e+002, 3.200811e-001
5.091152e+002, 3.192293e-001
5.110437e+002, 3.198909e-001
5.129721e+002, 3.194505e-001
5.149006e+002, 3.185439e-001
5.168290e+002, 3.187320e-001
5.187575e+002, 3.186902e-001
5.206860e+002, 3.185514e-001
5.226144e+002, 3.178140e-001
5.245429e+002, 3.169419e-001
5.264714e+002, 3.149696e-001
5.283998e+002, 3.141848e-001
5.303283e+002, 3.137361e-001
5.322568e+002, 3.132756e-001
5.341852e+002, 3.127105e-001
5.361137e+002, 3.118559e-001
5.380422e+002, 3.116868e-001
5.399706e+002, 3.111579e-001
5.418991e+002, 3.105262e-001
5.438276e+002, 3.109653e-001
5.457560e+002, 3.099740e-001
5.476845e+002, 3.097773e-001
5.496130e+002, 3.110794e-001
5.515414e+002, 3.116806e-001
5.534699e+002, 3.110890e-001
5.553984e+002, 3.109222e-001
5.573268e+002, 3.111604e-001
5.592553e+002, 3.118504e-001
5.611838e+002, 3.122339e-001
5.631122e+002, 3.126237e-001
5.650407e+002, 3.146098e-001
5.669692e+002, 3.163013e-001
5.688976e+002, 3.174854e-001
5.708261e+002, 3.182990e-001
5.727546e+002, 3.183361e-001
5.746830e+002, 3.182363e-001
5.766115e+002, 3.190830e-001
5.785400e+002, 3.209469e-001
5.804684e+002, 3.227237e-001
5.823969e+002, 3.242282e-001
5.843254e+002, 3.249969e-001
5.862538e+002, 3.258862e-001
5.881823e+002, 3.274119e-001
5.901108e+002, 3.288850e-001
5.920392e+002, 3.290348e-001
5.939677e+002, 3.292050e-001
5.958962e+002, 3.291813e-001
5.978246e+002, 3.281798e-001
5.997531e+002, 3.273638e-001
6.016816e+002, 3.270671e-001
6.036100e+002, 3.259917e-001
6.055385e+002, 3.240372e-001
6.074670e+002, 3.213994e-001
6.093954e+002, 3.183096e-001
6.113239e+002, 3.151193e-001
6.132524e+002, 3.115785e-001
6.151808e+002, 3.077726e-001
6.171093e+002, 3.039259e-001
6.190378e+002, 3.005396e-001
6.209662e+002, 2.970089e-001
6.228947e+002, 2.928774e-001
6.248232e+002, 2.885960e-001
6.267516e+002, 2.845931e-001
6.286801e+002, 2.807874e-001
6.306086e+002, 2.763608e-001
6.325370e+002, 2.716593e-001
6.344655e+002, 2.677442e-001
6.363940e+002, 2.641720e-001
6.383224e+002, 2.601356e-001
6.402509e+002, 2.557883e-001
6.421794e+002, 2.513073e-001
6.441078e+002, 2.473772e-001
6.460363e+002, 2.434414e-001
6.479648e+002, 2.393280e-001
6.498932e+002, 2.352080e-001
6.518217e+002, 2.315630e-001
6.537502e+002, 2.280114e-001
6.556786e+002, 2.244316e-001
6.576071e+002, 2.209376e-001
6.595356e+002, 2.174164e-001
6.614641e+002, 2.140580e-001
6.633925e+002, 2.109762e-001
6.653210e+002, 2.077605e-001
6.672495e+002, 2.047182e-001
6.691779e+002, 2.014854e-001
6.711064e+002, 1.980112e-001
6.730349e+002, 1.945235e-001
6.749633e+002, 1.910627e-001
6.768918e+002, 1.877355e-001
6.788203e+002, 1.846826e-001
6.807487e+002, 1.814363e-001
6.826772e+002, 1.781497e-001
6.846057e+002, 1.748356e-001
6.865341e+002, 1.717568e-001
6.884626e+002, 1.688054e-001
6.903911e+002, 1.658657e-001
6.923195e+002, 1.632632e-001
6.942480e+002, 1.607956e-001
6.961765e+002, 1.582274e-001
6.981049e+002, 1.554244e-001
7.000334e+002, 1.525643e-001
7.019619e+002, 1.496444e-001
7.038903e+002, 1.471456e-001
7.058188e+002, 1.448102e-001
7.077473e+002, 1.423264e-001
7.096757e+002, 1.399676e-001
7.116042e+002, 1.380047e-001
7.135327e+002, 1.361144e-001
7.154611e+002, 1.342271e-001
7.173896e+002, 1.321802e-001
7.193181e+002, 1.301053e-001
7.212465e+002, 1.280215e-001
7.231750e+002, 1.259000e-001
7.251035e+002, 1.241130e-001
7.270319e+002, 1.224023e-001
7.289604e+002, 1.205065e-001
7.308889e+002, 1.183802e-001
7.328173e+002, 1.162909e-001
7.347458e+002, 1.143324e-001
7.366743e+002, 1.122708e-001
7.386027e+002, 1.102373e-001
7.405312e+002, 1.084925e-001
7.424597e+002, 1.067283e-001
7.443881e+002, 1.052479e-001
7.463166e+002, 1.039034e-001
7.482451e+002, 1.025231e-001
7.501735e+002, 1.011129e-001
7.521020e+002, 9.998058e-002
7.540305e+002, 9.889480e-002
7.559589e+002, 9.789523e-002
7.578874e+002, 9.709726e-002
7.598159e+002, 9.654877e-002
7.617443e+002, 9.635907e-002
7.636728e+002, 9.638982e-002
7.656013e+002, 9.638210e-002
7.675297e+002, 9.643144e-002
7.694582e+002, 9.653877e-002
7.713867e+002, 9.666838e-002
7.733151e+002, 9.671572e-002
7.752436e+002, 9.688266e-002
7.771721e+002, 9.707397e-002
7.791005e+002, 9.715696e-002
7.810290e+002, 9.710468e-002
7.829575e+002, 9.709936e-002
7.848859e+002, 9.690625e-002
7.868144e+002, 9.696370e-002
7.887429e+002, 9.720456e-002
7.906713e+002, 9.725797e-002
7.925998e+002, 9.729700e-002
7.945283e+002, 9.729698e-002
7.964567e+002, 9.735371e-002
7.983852e+002, 9.744684e-002
8.003137e+002, 9.758400e-002
8.022421e+002, 9.755958e-002
8.041706e+002, 9.743418e-002
8.060991e+002, 9.744121e-002
8.080275e+002, 9.754038e-002
8.099560e+002, 9.773757e-002
8.118845e+002, 9.776790e-002
8.138129e+002, 9.751148e-002
8.157414e+002, 9.734614e-002
8.176699e+002, 9.736962e-002
8.195983e+002, 9.725297e-002
8.215268e+002, 9.707059e-002
8.234553e+002, 9.690284e-002
8.253837e+002, 9.686050e-002
8.273122e+002, 9.683343e-002
8.292407e+002, 9.655574e-002
8.311691e+002, 9.633854e-002
8.330976e+002, 9.613467e-002
8.350261e+002, 9.610072e-002
8.369545e+002, 9.591279e-002
8.388830e+002, 9.579007e-002
8.408115e+002, 9.559210e-002
8.427399e+002, 9.528790e-002
8.446684e+002, 9.507414e-002
8.465969e+002, 9.483873e-002
8.485253e+002, 9.456372e-002
8.504538e+002, 9.431374e-002
8.523823e+002, 9.414580e-002
8.543107e+002, 9.418121e-002
8.562392e+002, 9.403767e-002
8.581677e+002, 9.390724e-002
8.600961e+002, 9.382921e-002
8.620246e+002, 9.374315e-002
8.639531e+002, 9.372021e-002
8.658815e+002, 9.364110e-002
8.678100e+002, 9.350036e-002
8.697385e+002, 9.326505e-002
8.716669e+002, 9.323687e-002
8.735954e+002, 9.328613e-002
8.755239e+002, 9.305963e-002
8.774523e+002, 9.304044e-002
8.793808e+002, 9.305251e-002
8.813093e+002, 9.293406e-002
8.832377e+002, 9.280571e-002
8.851662e+002, 9.271666e-002
8.870947e+002, 9.262086e-002
8.890231e+002, 9.250701e-002
8.909516e+002, 9.243028e-002
8.928801e+002, 9.233974e-002
8.948085e+002, 9.219777e-002
8.967370e+002, 9.201074e-002
8.986655e+002, 9.181068e-002
9.005939e+002, 9.167904e-002
9.025224e+002, 9.147990e-002
9.044509e+002, 9.127490e-002
9.063793e+002, 9.123790e-002
9.083078e+002, 9.107261e-002
9.102363e+002, 9.088740e-002
9.121647e+002, 9.082391e-002
9.140932e+002, 9.085134e-002
9.160217e+002, 9.068485e-002
9.179501e+002, 9.047516e-002
9.198786e+002, 9.032332e-002
9.218071e+002, 9.020206e-002
9.237355e+002, 9.007408e-002
9.256640e+002, 9.005672e-002
9.275925e+002, 9.002697e-002
9.295209e+002, 8.996124e-002
9.314494e+002, 8.974349e-002
9.333779e+002, 8.952465e-002
9.353063e+002, 8.943062e-002
9.372348e+002, 8.930617e-002
9.391633e+002, 8.917902e-002
9.410917e+002, 8.907786e-002
9.430202e+002, 8.889152e-002
9.449487e+002, 8.869904e-002
9.468771e+002, 8.866739e-002
9.488056e+002, 8.847033e-002
9.507341e+002, 8.817536e-002
9.526625e+002, 8.794284e-002
9.545910e+002, 8.781409e-002
9.565195e+002, 8.788287e-002
9.584479e+002, 8.780096e-002
9.603764e+002, 8.767785e-002
9.623049e+002, 8.755983e-002
9.642333e+002, 8.750331e-002
9.661618e+002, 8.732557e-002
9.680903e+002, 8.718082e-002
9.700187e+002, 8.710419e-002
9.719472e+002, 8.690180e-002
9.738757e+002, 8.652543e-002
9.758041e+002, 8.630263e-002
9.777326e+002, 8.620954e-002
9.796611e+002, 8.602580e-002
9.815895e+002, 8.591818e-002
9.835180e+002, 8.574796e-002
9.854465e+002, 8.562071e-002
9.873749e+002, 8.564853e-002
9.893034e+002, 8.560901e-002
9.912319e+002, 8.547744e-002
9.931603e+002, 8.546983e-002
9.950888e+002, 8.542152e-002
9.970173e+002, 8.551063e-002
9.989457e+002, 8.544836e-002
1.000874e+003, 8.519778e-002
1.002803e+003, 8.508114e-002
1.004731e+003, 8.504122e-002
1.006660e+003, 8.495624e-002
1.008588e+003, 8.502807e-002
1.010517e+003, 8.501239e-002
1.012445e+003, 8.470120e-002
1.014373e+003, 8.461208e-002
1.016302e+003, 8.469378e-002
1.018230e+003, 8.458493e-002
1.020159e+003, 8.446904e-002
1.022087e+003, 8.434132e-002
1.024016e+003, 8.425562e-002
1.025944e+003, 8.428355e-002
1.027873e+003, 8.424191e-002
1.029801e+003, 8.403276e-002
1.031730e+003, 8.396425e-002
1.033658e+003, 8.387139e-002
1.035587e+003, 8.376493e-002
1.037515e+003, 8.357050e-002
1.039443e+003, 8.337790e-002
1.041372e+003, 8.325435e-002
1.043300e+003, 8.310746e-002
1.045229e+003, 8.301452e-002
1.047157e+003, 8.290955e-002
1.049086e+003, 8.282477e-002
1.051014e+003, 8.276304e-002
1.052943e+003, 8.268059e-002
1.054871e+003, 8.280459e-002
1.056800e+003, 8.284209e-002
1.058728e+003, 8.276881e-002
1.060657e+003, 8.285950e-002
1.062585e+003, 8.284337e-002
1.064514e+003, 8.263727e-002
1.066442e+003, 8.262304e-002
1.068370e+003, 8.242791e-002
1.070299e+003, 8.211800e-002
1.072227e+003, 8.204533e-002
1.074156e+003, 8.196554e-002
1.076084e+003, 8.180266e-002
1.078013e+003, 8.177147e-002
1.079941e+003, 8.185542e-002
1.081870e+003, 8.174755e-002
1.083798e+003, 8.165415e-002
1.085727e+003, 8.158344e-002
1.087655e+003, 8.157980e-002
1.089584e+003, 8.148085e-002
1.091512e+003, 8.121257e-002
1.093441e+003, 8.113746e-002
1.095369e+003, 8.105391e-002
1.097297e+003, 8.090156e-002
1.099226e+003, 8.094347e-002
1.101154e+003, 8.080887e-002
1.103083e+003, 8.048069e-002
1.105011e+003, 8.015232e-002
1.106940e+003, 7.979491e-002
1.108868e+003, 7.954208e-002
1.110797e+003, 7.936420e-002
1.112725e+003, 7.915405e-002
1.114654e+003, 7.894646e-002
1.116582e+003, 7.886066e-002
1.118511e+003, 7.862133e-002
1.120439e+003, 7.827507e-002
1.122368e+003, 7.801971e-002
1.124296e+003, 7.776795e-002
1.126224e+003, 7.759423e-002
1.128153e+003, 7.755526e-002
1.130081e+003, 7.748466e-002
1.132010e+003, 7.731051e-002
1.133938e+003, 7.699109e-002
1.135867e+003, 7.683109e-002
1.137795e+003, 7.666217e-002
1.139724e+003, 7.650476e-002
1.141652e+003, 7.617868e-002
1.143581e+003, 7.578356e-002
1.145509e+003, 7.559770e-002
1.147438e+003, 7.558616e-002
1.149366e+003, 7.554217e-002
1.151295e+003, 7.528139e-002
1.153223e+003, 7.501563e-002
1.155151e+003, 7.490236e-002
1.157080e+003, 7.484198e-002
1.159008e+003, 7.476144e-002
1.160937e+003, 7.456601e-002
1.162865e+003, 7.443618e-002
1.164794e+003, 7.435575e-002
1.166722e+003, 7.417381e-002
1.168651e+003, 7.392496e-002
1.170579e+003, 7.370640e-002
1.172508e+003, 7.354451e-002
1.174436e+003, 7.343162e-002
1.176365e+003, 7.338547e-002
1.178293e+003, 7.325850e-002
1.180222e+003, 7.315424e-002
1.182150e+003, 7.298253e-002
1.184078e+003, 7.283408e-002
1.186007e+003, 7.269562e-002
1.187935e+003, 7.255288e-002
1.189864e+003, 7.249215e-002
1.191792e+003, 7.219610e-002
1.193721e+003, 7.192348e-002
1.195649e+003, 7.178698e-002
1.197578e+003, 7.163108e-002
1.199506e+003, 7.148704e-002
1.201435e+003, 7.145539e-002
1.203363e+003, 7.148457e-002
1.205292e+003, 7.139025e-002
1.207220e+003, 7.114480e-002
1.209149e+003, 7.094246e-002
1.211077e+003, 7.087965e-002
1.213005e+003, 7.085477e-002
1.214934e+003, 7.081099e-002
1.216862e+003, 7.061050e-002
1.218791e+003, 7.021944e-002
1.220719e+003, 6.991573e-002
1.222648e+003, 6.978479e-002
1.224576e+003, 6.976394e-002
1.226505e+003, 6.975431e-002
1.228433e+003, 6.960754e-002
1.230362e+003, 6.955694e-002
1.232290e+003, 6.950407e-002
1.234219e+003, 6.929427e-002
1.236147e+003, 6.909719e-002
1.238076e+003, 6.883931e-002
1.240004e+003, 6.856952e-002
1.241932e+003, 6.853534e-002
1.243861e+003, 6.861389e-002
1.245789e+003, 6.860778e-002
1.247718e+003, 6.847566e-002
1.249646e+003, 6.834990e-002
1.251575e+003, 6.820106e-002
1.253503e+003, 6.804806e-002
1.255432e+003, 6.795394e-002
1.257360e+003, 6.781816e-002
1.259289e+003, 6.772779e-002
1.261217e+003, 6.781593e-002
1.263146e+003, 6.781095e-002
1.265074e+003, 6.771845e-002
1.267003e+003, 6.751328e-002
1.268931e+003, 6.739756e-002
1.270859e+003, 6.731978e-002
1.272788e+003, 6.710912e-002
1.274716e+003, 6.699584e-002
1.276645e+003, 6.706342e-002
1.278573e+003, 6.702483e-002
1.280502e+003, 6.683253e-002
1.282430e+003, 6.678479e-002
1.284359e+003, 6.676023e-002
1.286287e+003, 6.664414e-002
1.288216e+003, 6.647748e-002
1.290144e+003, 6.643647e-002
1.292073e+003, 6.649224e-002
1.294001e+003, 6.643520e-002
1.295930e+003, 6.634534e-002
1.297858e+003, 6.624408e-002
1.299786e+003, 6.622689e-002
1.301715e+003, 6.627115e-002
1.303643e+003, 6.632954e-002
1.305572e+003, 6.622346e-002
1.307500e+003, 6.595670e-002
1.309429e+003, 6.579946e-002
1.311357e+003, 6.574687e-002
1.313286e+003, 6.564285e-002
1.315214e+003, 6.551153e-002
1.317143e+003, 6.531706e-002
1.319071e+003, 6.530368e-002
1.321000e+003, 6.526984e-002
1.322928e+003, 6.521662e-002
1.324857e+003, 6.524533e-002
1.326785e+003, 6.507277e-002
1.328714e+003, 6.482095e-002
1.330642e+003, 6.479906e-002
1.332570e+003, 6.497786e-002
1.334499e+003, 6.501088e-002
1.336427e+003, 6.493662e-002
1.338356e+003, 6.483027e-002
1.340284e+003, 6.481694e-002
1.342213e+003, 6.476630e-002
1.344141e+003, 6.460746e-002
1.346070e+003, 6.448182e-002
1.347998e+003, 6.451974e-002
1.349927e+003, 6.444695e-002
1.351855e+003, 6.435885e-002
1.353784e+003, 6.444153e-002
1.355712e+003, 6.452844e-002
1.357641e+003, 6.447969e-002
1.359569e+003, 6.438808e-002
1.361497e+003, 6.431301e-002
1.363426e+003, 6.429722e-002
1.365354e+003, 6.428761e-002
1.367283e+003, 6.420857e-002
1.369211e+003, 6.423645e-002
1.371140e+003, 6.422994e-002
1.373068e+003, 6.413477e-002
1.374997e+003, 6.395018e-002
1.376925e+003, 6.383227e-002
1.378854e+003, 6.392546e-002
1.380782e+003, 6.388883e-002
1.382711e+003, 6.364723e-002
1.384639e+003, 6.352685e-002
1.386568e+003, 6.352040e-002
1.388496e+003, 6.344567e-002
1.390424e+003, 6.338701e-002
1.392353e+003, 6.331240e-002
1.394281e+003, 6.326453e-002
1.396210e+003, 6.314072e-002
1.398138e+003, 6.300603e-002
1.400067e+003, 6.292786e-002
1.401995e+003, 6.286402e-002
1.403924e+003, 6.284552e-002
1.405852e+003, 6.271464e-002
1.407781e+003, 6.261683e-002
1.409709e+003, 6.259160e-002
1.411638e+003, 6.257542e-002
1.413566e+003, 6.241711e-002
1.415495e+003, 6.225419e-002
1.417423e+003, 6.224769e-002
1.419351e+003, 6.225973e-002
1.421280e+003, 6.230295e-002
1.423208e+003, 6.233533e-002
1.425137e+003, 6.211869e-002
1.427065e+003, 6.186989e-002
1.428994e+003, 6.184803e-002
1.430922e+003, 6.193452e-002
1.432851e+003, 6.194502e-002
1.434779e+003, 6.197535e-002
1.436708e+003, 6.194298e-002
1.438636e+003, 6.175133e-002
1.440565e+003, 6.172963e-002
1.442493e+003, 6.189271e-002
1.444422e+003, 6.194586e-002
1.446350e+003, 6.180627e-002
1.448278e+003, 6.184102e-002
1.450207e+003, 6.184882e-002
1.452135e+003, 6.171146e-002
1.454064e+003, 6.167116e-002
1.455992e+003, 6.169838e-002
1.457921e+003, 6.168637e-002
1.459849e+003, 6.166469e-002
1.461778e+003, 6.158704e-002
1.463706e+003, 6.148426e-002
1.465635e+003, 6.136315e-002
1.467563e+003, 6.118311e-002
1.469492e+003, 6.099093e-002
1.471420e+003, 6.097602e-002
1.473349e+003, 6.094304e-002
1.475277e+003, 6.085820e-002
1.477205e+003, 6.082070e-002
1.479134e+003, 6.077650e-002
1.481062e+003, 6.065591e-002
1.482991e+003, 6.058857e-002
1.484919e+003, 6.055921e-002
1.486848e+003, 6.060852e-002
1.488776e+003, 6.060889e-002
1.490705e+003, 6.057907e-002
1.492633e+003, 6.048764e-002
1.494562e+003, 6.050795e-002
1.496490e+003, 6.053095e-002
1.498419e+003, 6.060764e-002
1.500347e+003, 6.055311e-002
1.502276e+003, 6.043334e-002
1.504204e+003, 6.046220e-002
1.506132e+003, 6.060717e-002
1.508061e+003, 6.052460e-002
1.509989e+003, 6.035762e-002
1.511918e+003, 6.038193e-002
1.513846e+003, 6.037992e-002
1.515775e+003, 6.034972e-002
1.517703e+003, 6.035876e-002
1.519632e+003, 6.039562e-002
1.521560e+003, 6.023706e-002
1.523489e+003, 6.003709e-002
1.525417e+003, 6.011663e-002
1.527346e+003, 6.007317e-002
1.529274e+003, 6.005966e-002
1.531203e+003, 6.002577e-002
1.533131e+003, 6.001643e-002
1.535059e+003, 5.991244e-002
1.536988e+003, 5.988214e-002
1.538916e+003, 6.011748e-002
1.540845e+003, 6.013149e-002
1.542773e+003, 6.002350e-002
1.544702e+003, 5.989100e-002
1.546630e+003, 5.978066e-002
1.548559e+003, 5.985211e-002
1.550487e+003, 5.977842e-002
1.552416e+003, 5.970259e-002
1.554344e+003, 5.972296e-002
1.556273e+003, 5.972986e-002
1.558201e+003, 5.993316e-002
1.560130e+003, 5.994582e-002
1.562058e+003, 5.958438e-002
1.563986e+003, 5.940645e-002
1.565915e+003, 5.953718e-002
1.567843e+003, 5.962236e-002
1.569772e+003, 5.962649e-002
1.571700e+003, 5.967167e-002
1.573629e+003, 5.974369e-002
1.575557e+003, 5.985002e-002
1.577486e+003, 5.981010e-002
1.579414e+003, 5.967162e-002
1.581343e+003, 5.963972e-002
1.583271e+003, 5.964351e-002
1.585200e+003, 5.951421e-002
1.587128e+003, 5.941853e-002
1.589057e+003, 5.956487e-002
1.590985e+003, 5.957488e-002
1.592913e+003, 5.944478e-002
1.594842e+003, 5.942370e-002
1.596770e+003, 5.944530e-002
1.598699e+003, 5.952783e-002
1.600627e+003, 5.953955e-002
1.602556e+003, 5.946986e-002
1.604484e+003, 5.957924e-002
1.606413e+003, 5.949793e-002
1.608341e+003, 5.937359e-002
1.610270e+003, 5.947650e-002
1.612198e+003, 5.960613e-002
1.614127e+003, 5.963032e-002
1.616055e+003, 5.970238e-002
1.617984e+003, 5.966542e-002
1.619912e+003, 5.959229e-002
1.621840e+003, 5.963037e-002
1.623769e+003, 5.960777e-002
1.625697e+003, 5.953041e-002
1.627626e+003, 5.953378e-002
1.629554e+003, 5.953749e-002
1.631483e+003, 5.961918e-002
1.633411e+003, 5.968231e-002
1.635340e+003, 5.972943e-002
1.637268e+003, 5.959651e-002
1.639197e+003, 5.938132e-002
1.641125e+003, 5.930485e-002
1.643054e+003, 5.943986e-002
1.644982e+003, 5.961183e-002
1.646911e+003, 5.956298e-002
1.648839e+003, 5.941397e-002
1.650767e+003, 5.948151e-002
1.652696e+003, 5.959913e-002
1.654624e+003, 5.932117e-002
1.656553e+003, 5.906813e-002
1.658481e+003, 5.909312e-002
1.660410e+003, 5.913998e-002
1.662338e+003, 5.903669e-002
1.664267e+003, 5.885760e-002
1.666195e+003, 5.890084e-002
1.668124e+003, 5.900468e-002
1.670052e+003, 5.896612e-002
1.671981e+003, 5.878531e-002
1.673909e+003, 5.877621e-002
1.675838e+003, 5.873683e-002
1.677766e+003, 5.865958e-002
1.679694e+003, 5.865946e-002
1.681623e+003, 5.862561e-002
1.683551e+003, 5.884822e-002
1.685480e+003, 5.882969e-002
1.687408e+003, 5.859601e-002
1.689337e+003, 5.864334e-002
1.691265e+003, 5.866422e-002
1.693194e+003, 5.860681e-002
1.695122e+003, 5.880988e-002
1.697051e+003, 5.894818e-002
1.698979e+003, 5.890409e-002
1.700908e+003, 5.879426e-002
1.702836e+003, 5.865616e-002
1.704765e+003, 5.871105e-002
1.706693e+003, 5.876951e-002
1.708621e+003, 5.873739e-002
1.710550e+003, 5.862840e-002
1.712478e+003, 5.862635e-002
1.714407e+003, 5.861747e-002
1.716335e+003, 5.862914e-002
1.718264e+003, 5.876204e-002
1.720192e+003, 5.871973e-002
1.722121e+003, 5.853168e-002
1.724049e+003, 5.851434e-002
1.725978e+003, 5.849045e-002
1.727906e+003, 5.847430e-002
1.729835e+003, 5.853356e-002
1.731763e+003, 5.865565e-002
1.733692e+003, 5.867677e-002
1.735620e+003, 5.848856e-002
1.737548e+003, 5.844935e-002
1.739477e+003, 5.837848e-002
1.741405e+003, 5.818021e-002
1.743334e+003, 5.793367e-002
1.745262e+003, 5.768265e-002
1.747191e+003, 5.738648e-002
1.749119e+003, 5.730414e-002
1.751048e+003, 5.736890e-002
1.752976e+003, 5.737923e-002
1.754905e+003, 5.735221e-002
1.756833e+003, 5.741833e-002
1.758762e+003, 5.739530e-002
1.760690e+003, 5.731223e-002
1.762619e+003, 5.743236e-002
1.764547e+003, 5.754361e-002
1.766475e+003, 5.738762e-002
1.768404e+003, 5.718795e-002
1.770332e+003, 5.723649e-002
1.772261e+003, 5.748328e-002
1.774189e+003, 5.751861e-002
1.776118e+003, 5.742529e-002
1.778046e+003, 5.731415e-002
1.779975e+003, 5.735893e-002
1.781903e+003, 5.758154e-002
1.783832e+003, 5.760408e-002
1.785760e+003, 5.756784e-002
1.787689e+003, 5.750639e-002
1.789617e+003, 5.731613e-002
1.791546e+003, 5.750771e-002
1.793474e+003, 5.761070e-002
1.795402e+003, 5.742968e-002
1.797331e+003, 5.749286e-002
1.799259e+003, 5.760744e-002
1.801188e+003, 5.766573e-002
1.803116e+003, 5.745143e-002
1.805045e+003, 5.731539e-002
1.806973e+003, 5.743095e-002
1.808902e+003, 5.762859e-002
1.810830e+003, 5.752703e-002
1.812759e+003, 5.724570e-002
1.814687e+003, 5.701640e-002
1.816616e+003, 5.687184e-002
1.818544e+003, 5.730158e-002
1.820473e+003, 5.763941e-002
1.822401e+003, 5.761015e-002
1.824329e+003, 5.755243e-002
1.826258e+003, 5.746618e-002
1.828186e+003, 5.755853e-002
1.830115e+003, 5.761920e-002
1.832043e+003, 5.751985e-002
1.833972e+003, 5.754090e-002
1.835900e+003, 5.754375e-002
1.837829e+003, 5.765180e-002
1.839757e+003, 5.772843e-002
1.841686e+003, 5.788932e-002
1.843614e+003, 5.810403e-002
1.845543e+003, 5.791850e-002
1.847471e+003, 5.763194e-002
1.849400e+003, 5.754005e-002
1.851328e+003, 5.746762e-002
1.853256e+003, 5.770817e-002
1.855185e+003, 5.803898e-002
1.857113e+003, 5.785462e-002
1.859042e+003, 5.749426e-002
1.860970e+003, 5.769715e-002
1.862899e+003, 5.799320e-002
1.864827e+003, 5.786781e-002
1.866756e+003, 5.798700e-002
1.868684e+003, 5.800203e-002
1.870613e+003, 5.790761e-002
1.872541e+003, 5.784381e-002
1.874470e+003, 5.773084e-002
1.876398e+003, 5.776799e-002
1.878327e+003, 5.778028e-002
1.880255e+003, 5.753703e-002
1.882183e+003, 5.743508e-002
1.884112e+003, 5.773755e-002
1.886040e+003, 5.800837e-002
1.887969e+003, 5.815600e-002
1.889897e+003, 5.837562e-002
1.891826e+003, 5.833826e-002
1.893754e+003, 5.807535e-002
1.895683e+003, 5.784301e-002
1.897611e+003, 5.795157e-002
1.899540e+003, 5.825056e-002
1.901468e+003, 5.839970e-002
1.903397e+003, 5.821813e-002
1.905325e+003, 5.826138e-002
1.907254e+003, 5.826518e-002
1.909182e+003, 5.810780e-002
1.911110e+003, 5.815138e-002
1.913039e+003, 5.833627e-002
1.914967e+003, 5.848820e-002
1.916896e+003, 5.814658e-002
1.918824e+003, 5.807459e-002
1.920753e+003, 5.844210e-002
1.922681e+003, 5.851616e-002
1.924610e+003, 5.820595e-002
1.926538e+003, 5.828299e-002
1.928467e+003, 5.814100e-002
1.930395e+003, 5.849447e-002
1.932324e+003, 5.820635e-002
1.934252e+003, 5.770642e-002
1.936181e+003, 5.768446e-002
1.938109e+003, 5.788423e-002
1.940037e+003, 5.819168e-002
1.941966e+003, 5.834865e-002
1.943894e+003, 5.800171e-002
1.945823e+003, 5.810797e-002
1.947751e+003, 5.842593e-002
1.949680e+003, 5.878584e-002
1.951608e+003, 5.945797e-002
1.953537e+003, 5.942780e-002
1.955465e+003, 5.864306e-002
1.957394e+003, 5.812855e-002
1.959322e+003, 5.871063e-002
1.961251e+003, 5.946854e-002
1.963179e+003, 5.923913e-002
1.965108e+003, 5.887872e-002
1.967036e+003, 5.839198e-002
1.968964e+003, 5.769872e-002
1.970893e+003, 5.775717e-002
1.972821e+003, 5.804233e-002
1.974750e+003, 5.865951e-002
1.976678e+003, 6.016911e-002
1.978607e+003, 6.236479e-002
1.980535e+003, 6.306718e-002
1.982464e+003, 6.298541e-002
1.984392e+003, 6.199421e-002
1.986321e+003, 6.066043e-002
1.988249e+003, 6.019747e-002
1.990178e+003, 5.999593e-002
1.992106e+003, 6.049101e-002
1.994035e+003, 6.066428e-002
1.995963e+003, 6.007403e-002
1.997891e+003, 5.997985e-002
1.999820e+003, 5.993547e-002
2.001748e+003, 5.913024e-002
2.003677e+003, 5.790283e-002
2.005605e+003, 5.800013e-002
2.007534e+003, 5.962969e-002
2.009462e+003, 5.974336e-002
2.011391e+003, 5.946582e-002
2.013319e+003, 6.001047e-002
2.015248e+003, 6.074225e-002
2.017176e+003, 6.092056e-002
2.019105e+003, 6.059280e-002
2.021033e+003, 6.024120e-002
2.022962e+003, 6.070773e-002
2.024890e+003, 6.038314e-002
2.026818e+003, 5.989883e-002
2.028747e+003, 6.019774e-002
2.030675e+003, 6.055147e-002
2.032604e+003, 6.048734e-002
2.034532e+003, 6.093596e-002
2.036461e+003, 6.132497e-002
2.038389e+003, 6.127669e-002
2.040318e+003, 6.144665e-002
2.042246e+003, 6.193785e-002
2.044175e+003, 6.121866e-002
2.046103e+003, 6.137221e-002
2.048031e+003, 6.182128e-002
2.049960e+003, 6.202658e-002
2.051888e+003, 6.165682e-002
2.053817e+003, 6.042878e-002
2.055745e+003, 6.075208e-002
2.057674e+003, 6.094812e-002
2.059602e+003, 6.037499e-002
2.061531e+003, 6.014491e-002
2.063459e+003, 6.040065e-002
2.065388e+003, 6.074379e-002
2.067316e+003, 6.086100e-002
2.069245e+003, 6.150840e-002
2.071173e+003, 6.208466e-002
2.073102e+003, 6.237182e-002
2.075030e+003, 6.289121e-002
2.076958e+003, 6.275190e-002
2.078887e+003, 6.179572e-002
2.080815e+003, 6.151970e-002
2.082744e+003, 6.176738e-002
2.084672e+003, 6.164724e-002
2.086601e+003, 6.132565e-002
2.088529e+003, 6.113839e-002
2.090458e+003, 6.066747e-002
2.092386e+003, 5.968802e-002
2.094315e+003, 5.981252e-002
2.096243e+003, 6.029937e-002
2.098172e+003, 6.047252e-002
2.100100e+003, 6.083644e-002
2.102029e+003, 6.150334e-002
2.103957e+003, 6.179763e-002
2.105885e+003, 6.165131e-002
2.107814e+003, 6.141767e-002
2.109742e+003, 6.109959e-002
2.111671e+003, 6.133622e-002
2.113599e+003, 6.134971e-002
2.115528e+003, 6.076536e-002
2.117456e+003, 6.047289e-002
2.119385e+003, 6.063987e-002
2.121313e+003, 6.023782e-002
2.123242e+003, 5.994083e-002
2.125170e+003, 5.991559e-002
2.127099e+003, 5.981332e-002
2.129027e+003, 5.933025e-002
2.130956e+003, 5.864438e-002
2.132884e+003, 5.843634e-002
2.134813e+003, 5.869973e-002
2.136741e+003, 5.932820e-002
2.138669e+003, 5.954054e-002
2.140598e+003, 5.911166e-002
2.142526e+003, 5.952463e-002
2.144455e+003, 6.015642e-002
2.146383e+003, 5.969476e-002
2.148312e+003, 5.899053e-002
2.150240e+003, 5.890281e-002
2.152169e+003, 5.846242e-002
2.154097e+003, 5.716095e-002
2.156026e+003, 5.603402e-002
2.157954e+003, 5.885288e-002
2.159883e+003, 6.417868e-002
2.161811e+003, 6.535465e-002
2.163740e+003, 6.516849e-002
2.165668e+003, 6.530283e-002
2.167596e+003, 6.472412e-002
2.169525e+003, 6.386293e-002
2.171453e+003, 6.304777e-002
2.173382e+003, 6.361981e-002
2.175310e+003, 6.402177e-002
2.177239e+003, 6.308882e-002
2.179167e+003, 6.249127e-002
2.181096e+003, 6.409101e-002
2.183024e+003, 6.529153e-002
2.184953e+003, 6.479919e-002
2.186881e+003, 6.475307e-002
2.188810e+003, 6.562201e-002
2.190738e+003, 6.583614e-002
2.192667e+003, 6.464323e-002
2.194595e+003, 6.412382e-002
2.196523e+003, 6.396355e-002
2.198452e+003, 6.409000e-002
2.200380e+003, 6.365894e-002
2.202309e+003, 6.295832e-002
2.204237e+003, 6.253105e-002
2.206166e+003, 6.309813e-002
2.208094e+003, 6.447603e-002
2.210023e+003, 6.485707e-002
2.211951e+003, 6.488706e-002
2.213880e+003, 6.441239e-002
2.215808e+003, 6.371370e-002
2.217737e+003, 6.403753e-002
2.219665e+003, 6.493535e-002
2.221594e+003, 6.485587e-002
2.223522e+003, 6.467485e-002
2.225450e+003, 6.502207e-002
2.227379e+003, 6.512623e-002
2.229307e+003, 6.494730e-002
2.231236e+003, 6.504571e-002
2.233164e+003, 6.585220e-002
2.235093e+003, 6.525987e-002
2.237021e+003, 6.461135e-002
2.238950e+003, 6.502977e-002
2.240878e+003, 6.528318e-002
2.242807e+003, 6.521458e-002
2.244735e+003, 6.477749e-002
2.246664e+003, 6.492005e-002
2.248592e+003, 6.550924e-002
2.250521e+003, 6.533722e-002
2.252449e+003, 6.527217e-002
2.254377e+003, 6.585133e-002
2.256306e+003, 6.626008e-002
2.258234e+003, 6.564645e-002
2.260163e+003, 6.537557e-002
2.262091e+003, 6.586702e-002
2.264020e+003, 6.556999e-002
2.265948e+003, 6.546053e-002
2.267877e+003, 6.580652e-002
2.269805e+003, 6.622621e-002
2.271734e+003, 6.619824e-002
2.273662e+003, 6.604158e-002
2.275591e+003, 6.610423e-002
2.277519e+003, 6.648464e-002
2.279448e+003, 6.661221e-002
2.281376e+003, 6.639771e-002
2.283304e+003, 6.682358e-002
2.285233e+003, 6.727491e-002
2.287161e+003, 6.739727e-002
2.289090e+003, 6.727782e-002
2.291018e+003, 6.713235e-002
2.292947e+003, 6.689791e-002
2.294875e+003, 6.673574e-002
2.296804e+003, 6.660688e-002
2.298732e+003, 6.655139e-002
2.300661e+003, 6.667960e-002
2.302589e+003, 6.653429e-002
2.304518e+003, 6.626365e-002
2.306446e+003, 6.664875e-002
2.308375e+003, 6.733526e-002
2.310303e+003, 6.714368e-002
2.312231e+003, 6.694748e-002
2.314160e+003, 6.723530e-002
2.316088e+003, 6.727383e-002
2.318017e+003, 6.724883e-002
2.319945e+003, 6.767363e-002
2.321874e+003, 6.849495e-002
2.323802e+003, 6.856768e-002
2.325731e+003, 6.733118e-002
2.327659e+003, 6.647702e-002
2.329588e+003, 6.669606e-002
2.331516e+003, 6.681890e-002
2.333445e+003, 6.634699e-002
2.335373e+003, 6.600141e-002
2.337302e+003, 6.617158e-002
2.339230e+003, 6.659395e-002
2.341158e+003, 6.665821e-002
2.343087e+003, 6.674355e-002
2.345015e+003, 6.658902e-002
2.346944e+003, 6.667836e-002
2.348872e+003, 6.635737e-002
2.350801e+003, 6.607328e-002
2.352729e+003, 6.620098e-002
2.354658e+003, 6.647824e-002
2.356586e+003, 6.679717e-002
2.358515e+003, 6.706248e-002
2.360443e+003, 6.699239e-002
2.362372e+003, 6.679076e-002
2.364300e+003, 6.668247e-002
2.366229e+003, 6.651264e-002
2.368157e+003, 6.629843e-002
2.370085e+003, 6.599673e-002
2.372014e+003, 6.580729e-002
2.373942e+003, 6.604445e-002
2.375871e+003, 6.641486e-002
2.377799e+003, 6.617197e-002
2.379728e+003, 6.594765e-002
2.381656e+003, 6.609724e-002
2.383585e+003, 6.628547e-002
2.385513e+003, 6.645426e-002
2.387442e+003, 6.648359e-002
2.389370e+003, 6.633934e-002
2.391299e+003, 6.623308e-002
2.393227e+003, 6.659699e-002
2.395156e+003, 6.691731e-002
2.397084e+003, 6.652566e-002
2.399012e+003, 6.625904e-002
2.400941e+003, 6.658572e-002
2.402869e+003, 6.684978e-002
2.404798e+003, 6.697286e-002
2.406726e+003, 6.721310e-002
2.408655e+003, 6.752730e-002
2.410583e+003, 6.758508e-002
2.412512e+003, 6.749997e-002
2.414440e+003, 6.742052e-002
2.416369e+003, 6.754087e-002
2.418297e+003, 6.764448e-002
2.420226e+003, 6.721818e-002
2.422154e+003, 6.730642e-002
2.424083e+003, 6.765926e-002
2.426011e+003, 6.750137e-002
2.427939e+003, 6.781009e-002
2.429868e+003, 6.794347e-002
2.431796e+003, 6.760970e-002
2.433725e+003, 6.773724e-002
2.435653e+003, 6.810250e-002
2.437582e+003, 6.771822e-002
2.439510e+003, 6.760135e-002
2.441439e+003, 6.828377e-002
2.443367e+003, 6.885369e-002
2.445296e+003, 6.885674e-002
2.447224e+003, 6.867442e-002
2.449153e+003, 6.871024e-002
2.451081e+003, 6.893577e-002
2.453010e+003, 6.893726e-002
2.454938e+003, 6.879324e-002
2.456866e+003, 6.866137e-002
2.458795e+003, 6.841657e-002
2.460723e+003, 6.849741e-002
2.462652e+003, 6.887692e-002
2.464580e+003, 6.888127e-002
2.466509e+003, 6.846007e-002
2.468437e+003, 6.828848e-002
2.470366e+003, 6.850128e-002
2.472294e+003, 6.884893e-002
2.474223e+003, 6.862931e-002
2.476151e+003, 6.853150e-002
2.478080e+003, 6.895165e-002
2.480008e+003, 6.896998e-002
2.481937e+003, 6.881353e-002
2.483865e+003, 6.931517e-002
2.485793e+003, 6.928252e-002
2.487722e+003, 6.895742e-002
2.489650e+003, 6.900400e-002
2.491579e+003, 6.917982e-002
2.493507e+003, 6.944641e-002
2.495436e+003, 6.932810e-002
2.497364e+003, 6.893221e-002
2.499293e+003, 6.902054e-002
2.501221e+003, 6.922886e-002
2.503150e+003, 6.900750e-002
2.505078e+003, 6.893143e-002
2.507007e+003, 6.920680e-002
2.508935e+003, 6.951525e-002
2.510864e+003, 6.992252e-002
2.512792e+003, 6.985121e-002
2.514720e+003, 6.966276e-002
2.516649e+003, 6.969482e-002
2.518577e+003, 7.008963e-002
2.520506e+003, 7.036170e-002
2.522434e+003, 7.019628e-002
2.524363e+003, 7.034213e-002
2.526291e+003, 7.058819e-002
2.528220e+003, 7.057540e-002
2.530148e+003, 7.056708e-002
2.532077e+003, 7.090116e-002
2.534005e+003, 7.105614e-002
2.535934e+003, 7.095595e-002
2.537862e+003, 7.108074e-002
2.539791e+003, 7.102818e-002
2.541719e+003, 7.085676e-002
2.543647e+003, 7.074946e-002
2.545576e+003, 7.091305e-002
2.547504e+003, 7.120509e-002
2.549433e+003, 7.103801e-002
2.551361e+003, 7.111983e-002
2.553290e+003, 7.150187e-002
2.555218e+003, 7.169845e-002
2.557147e+003, 7.150156e-002
2.559075e+003, 7.128637e-002
2.561004e+003, 7.132705e-002
2.562932e+003, 7.157966e-002
2.564861e+003, 7.166956e-002
2.566789e+003, 7.155320e-002
2.568718e+003, 7.179525e-002
2.570646e+003, 7.197031e-002
2.572574e+003, 7.191610e-002
2.574503e+003, 7.202755e-002
2.576431e+003, 7.184251e-002
2.578360e+003, 7.231648e-002
2.580288e+003, 7.265200e-002
2.582217e+003, 7.234327e-002
2.584145e+003, 7.244476e-002
2.586074e+003, 7.277778e-002
2.588002e+003, 7.317077e-002
2.589931e+003, 7.314606e-002
2.591859e+003, 7.309511e-002
2.593788e+003, 7.337976e-002
2.595716e+003, 7.340989e-002
2.597645e+003, 7.302078e-002
2.599573e+003, 7.294945e-002
2.601501e+003, 7.325560e-002
2.603430e+003, 7.361816e-002
2.605358e+003, 7.365608e-002
2.607287e+003, 7.360943e-002
2.609215e+003, 7.370333e-002
2.611144e+003, 7.383294e-002
2.613072e+003, 7.413032e-002
2.615001e+003, 7.422615e-002
2.616929e+003, 7.426125e-002
2.618858e+003, 7.438477e-002
2.620786e+003, 7.437221e-002
2.622715e+003, 7.445159e-002
2.624643e+003, 7.436696e-002
2.626572e+003, 7.455572e-002
2.628500e+003, 7.464670e-002
2.630428e+003, 7.451778e-002
2.632357e+003, 7.425702e-002
2.634285e+003, 7.459465e-002
2.636214e+003, 7.510477e-002
2.638142e+003, 7.525518e-002
2.640071e+003, 7.532278e-002
2.641999e+003, 7.549603e-002
2.643928e+003, 7.547308e-002
2.645856e+003, 7.499672e-002
2.647785e+003, 7.475472e-002
2.649713e+003, 7.504987e-002
2.651642e+003, 7.546424e-002
2.653570e+003, 7.535390e-002
2.655499e+003, 7.528286e-002
2.657427e+003, 7.521194e-002
2.659355e+003, 7.486366e-002
2.661284e+003, 7.473222e-002
2.663212e+003, 7.477920e-002
2.665141e+003, 7.461234e-002
2.667069e+003, 7.471269e-002
2.668998e+003, 7.470159e-002
2.670926e+003, 7.480802e-002
2.672855e+003, 7.500381e-002
2.674783e+003, 7.489141e-002
2.676712e+003, 7.482961e-002
2.678640e+003, 7.485802e-002
2.680569e+003, 7.490962e-002
2.682497e+003, 7.499352e-002
2.684426e+003, 7.503035e-002
2.686354e+003, 7.513729e-002
2.688282e+003, 7.512280e-002
2.690211e+003, 7.524446e-002
2.692139e+003, 7.540605e-002
2.694068e+003, 7.559592e-002
2.695996e+003, 7.571899e-002
2.697925e+003, 7.560024e-002
2.699853e+003, 7.556190e-002
2.701782e+003, 7.568459e-002
2.703710e+003, 7.594920e-002
2.705639e+003, 7.610348e-002
2.707567e+003, 7.575941e-002
2.709496e+003, 7.567567e-002
2.711424e+003, 7.559575e-002
2.713353e+003, 7.576799e-002
2.715281e+003, 7.602494e-002
2.717209e+003, 7.610120e-002
2.719138e+003, 7.630730e-002
2.721066e+003, 7.638717e-002
2.722995e+003, 7.651318e-002
2.724923e+003, 7.641806e-002
2.726852e+003, 7.627812e-002
2.728780e+003, 7.639259e-002
2.730709e+003, 7.663215e-002
2.732637e+003, 7.683470e-002
2.734566e+003, 7.682248e-002
2.736494e+003, 7.695711e-002
2.738423e+003, 7.701539e-002
2.740351e+003, 7.678881e-002
2.742280e+003, 7.703114e-002
2.744208e+003, 7.727028e-002
2.746136e+003, 7.707895e-002
2.748065e+003, 7.717794e-002
2.749993e+003, 7.742776e-002
2.751922e+003, 7.748806e-002
2.753850e+003, 7.755626e-002
2.755779e+003, 7.785199e-002
2.757707e+003, 7.796135e-002
2.759636e+003, 7.786732e-002
2.761564e+003, 7.758469e-002
2.763493e+003, 7.742143e-002
2.765421e+003, 7.740467e-002
2.767350e+003, 7.780311e-002
2.769278e+003, 7.827909e-002
2.771207e+003, 7.828479e-002
2.773135e+003, 7.794549e-002
2.775063e+003, 7.783008e-002
2.776992e+003, 7.812020e-002
2.778920e+003, 7.825577e-002
2.780849e+003, 7.813861e-002
2.782777e+003, 7.826605e-002
2.784706e+003, 7.857458e-002
2.786634e+003, 7.895306e-002
2.788563e+003, 7.913353e-002
2.790491e+003, 7.908332e-002
2.792420e+003, 7.889579e-002
2.794348e+003, 7.884721e-002
2.796277e+003, 7.883674e-002
2.798205e+003, 7.896588e-002
2.800134e+003, 7.911126e-002
2.802062e+003, 7.912074e-002
2.803990e+003, 7.912123e-002
2.805919e+003, 7.930301e-002
2.807847e+003, 7.951795e-002
2.809776e+003, 7.959013e-002
2.811704e+003, 7.965388e-002
2.813633e+003, 7.947565e-002
2.815561e+003, 7.920499e-002
2.817490e+003, 7.926320e-002
2.819418e+003, 7.960630e-002
2.821347e+003, 8.003779e-002
2.823275e+003, 8.003574e-002
2.825204e+003, 7.983442e-002
2.827132e+003, 8.006185e-002
2.829061e+003, 8.024640e-002
2.830989e+003, 8.028946e-002
2.832917e+003, 8.007423e-002
2.834846e+003, 8.025463e-002
2.836774e+003, 8.054468e-002
2.838703e+003, 8.080698e-002
2.840631e+003, 8.123364e-002
2.842560e+003, 8.159260e-002
2.844488e+003, 8.148180e-002
2.846417e+003, 8.152200e-002
2.848345e+003, 8.190831e-002
2.850274e+003, 8.214478e-002
2.852202e+003, 8.194082e-002
2.854131e+003, 8.194911e-002
2.856059e+003, 8.183271e-002
2.857988e+003, 8.160302e-002
2.859916e+003, 8.180217e-002
2.861844e+003, 8.216797e-002
2.863773e+003, 8.219625e-002
2.865701e+003, 8.240434e-002
2.867630e+003, 8.253389e-002
2.869558e+003, 8.212294e-002
2.871487e+003, 8.185833e-002
2.873415e+003, 8.180787e-002
2.875344e+003, 8.192083e-002
2.877272e+003, 8.231498e-002
2.879201e+003, 8.237492e-002
2.881129e+003, 8.216123e-002
2.883058e+003, 8.233830e-002
2.884986e+003, 8.238978e-002
2.886915e+003, 8.229374e-002
2.888843e+003, 8.206651e-002
2.890771e+003, 8.209766e-002
2.892700e+003, 8.258663e-002
2.894628e+003, 8.294868e-002
2.896557e+003, 8.337160e-002
2.898485e+003, 8.344874e-002
2.900414e+003, 8.317372e-002
2.902342e+003, 8.348174e-002
2.904271e+003, 8.383530e-002
2.906199e+003, 8.403172e-002
2.908128e+003, 8.414678e-002
2.910056e+003, 8.404540e-002
2.911985e+003, 8.414984e-002
2.913913e+003, 8.444972e-002
2.915842e+003, 8.506042e-002
2.917770e+003, 8.515316e-002
2.919698e+003, 8.489760e-002
2.921627e+003, 8.510386e-002
2.923555e+003, 8.525209e-002
2.925484e+003, 8.525886e-002
2.927412e+003, 8.530540e-002
2.929341e+003, 8.517402e-002
2.931269e+003, 8.480488e-002
2.933198e+003, 8.462838e-002
2.935126e+003, 8.457863e-002
2.937055e+003, 8.435954e-002
2.938983e+003, 8.428051e-002
2.940912e+003, 8.457804e-002
2.942840e+003, 8.492157e-002
2.944769e+003, 8.466275e-002
2.946697e+003, 8.442591e-002
2.948625e+003, 8.411770e-002
2.950554e+003, 8.406036e-002
2.952482e+003, 8.438512e-002
2.954411e+003, 8.467401e-002
2.956339e+003, 8.489029e-002
2.958268e+003, 8.494115e-002
2.960196e+003, 8.473150e-002
2.962125e+003, 8.467777e-002
2.964053e+003, 8.486620e-002
2.965982e+003, 8.457272e-002
2.967910e+003, 8.407997e-002
2.969839e+003, 8.392831e-002
2.971767e+003, 8.395305e-002
2.973696e+003, 8.407132e-002
2.975624e+003, 8.368532e-002
2.977552e+003, 8.362512e-002
2.979481e+003, 8.357774e-002
2.981409e+003, 8.347524e-002
2.983338e+003, 8.385672e-002
2.985266e+003, 8.407563e-002
2.987195e+003, 8.375592e-002
2.989123e+003, 8.343264e-002
2.991052e+003, 8.340984e-002
2.992980e+003, 8.380456e-002
2.994909e+003, 8.380762e-002
2.996837e+003, 8.351085e-002
2.998766e+003, 8.354254e-002
3.000694e+003, 8.391567e-002
3.002623e+003, 8.394805e-002
3.004551e+003, 8.383963e-002
3.006479e+003, 8.379100e-002
3.008408e+003, 8.398312e-002
3.010336e+003, 8.440362e-002
3.012265e+003, 8.441295e-002
3.014193e+003, 8.447293e-002
3.016122e+003, 8.503596e-002
3.018050e+003, 8.548111e-002
3.019979e+003, 8.509574e-002
3.021907e+003, 8.471733e-002
3.023836e+003, 8.444428e-002
3.025764e+003, 8.456130e-002
3.027693e+003, 8.497308e-002
3.029621e+003, 8.497675e-002
3.031550e+003, 8.493888e-002
3.033478e+003, 8.509056e-002
3.035406e+003, 8.501504e-002
3.037335e+003, 8.498165e-002
3.039263e+003, 8.514611e-002
3.041192e+003, 8.521570e-002
3.043120e+003, 8.551334e-002
3.045049e+003, 8.556040e-002
3.046977e+003, 8.543061e-002
3.048906e+003, 8.507600e-002
3.050834e+003, 8.500022e-002
3.052763e+003, 8.503830e-002
3.054691e+003, 8.504266e-002
3.056620e+003, 8.545974e-002
3.058548e+003, 8.576267e-002
3.060477e+003, 8.610502e-002
3.062405e+003, 8.601648e-002
3.064333e+003, 8.570834e-002
3.066262e+003, 8.614752e-002
3.068190e+003, 8.642338e-002
3.070119e+003, 8.621363e-002
3.072047e+003, 8.626547e-002
3.073976e+003, 8.618291e-002
3.075904e+003, 8.630981e-002
3.077833e+003, 8.664317e-002
3.079761e+003, 8.668438e-002
3.081690e+003, 8.651956e-002
3.083618e+003, 8.690222e-002
3.085547e+003, 8.743248e-002
3.087475e+003, 8.715846e-002
3.089404e+003, 8.672238e-002
3.091332e+003, 8.714762e-002
3.093260e+003, 8.749006e-002
3.095189e+003, 8.741597e-002
3.097117e+003, 8.726038e-002
3.099046e+003, 8.710314e-002
3.100974e+003, 8.695411e-002
3.102903e+003, 8.737087e-002
3.104831e+003, 8.720356e-002
3.106760e+003, 8.700482e-002
3.108688e+003, 8.718482e-002
3.110617e+003, 8.737489e-002
3.112545e+003, 8.781922e-002
3.114474e+003, 8.803461e-002
3.116402e+003, 8.787356e-002
3.118331e+003, 8.800422e-002
3.120259e+003, 8.766238e-002
3.122188e+003, 8.761743e-002
3.124116e+003, 8.778515e-002
3.126044e+003, 8.830041e-002
3.127973e+003, 8.837267e-002
3.129901e+003, 8.825272e-002
3.131830e+003, 8.846221e-002
3.133758e+003, 8.846857e-002
3.135687e+003, 8.821479e-002
3.137615e+003, 8.819947e-002
3.139544e+003, 8.918321e-002
3.141472e+003, 8.948614e-002
3.143401e+003, 8.928806e-002
3.145329e+003, 8.879241e-002
3.147258e+003, 8.880477e-002
3.149186e+003, 8.885415e-002
3.151115e+003, 8.872137e-002
3.153043e+003, 8.879003e-002
3.154971e+003, 8.910365e-002
3.156900e+003, 8.936094e-002
3.158828e+003, 8.960756e-002
3.160757e+003, 8.964949e-002
3.162685e+003, 8.985105e-002
3.164614e+003, 8.993986e-002
3.166542e+003, 8.984129e-002
3.168471e+003, 9.000818e-002
3.170399e+003, 9.045988e-002
3.172328e+003, 9.019546e-002
3.174256e+003, 8.994127e-002
3.176185e+003, 8.988818e-002
3.178113e+003, 9.015910e-002
3.180042e+003, 9.010468e-002
3.181970e+003, 8.975840e-002
3.183898e+003, 8.991127e-002
3.185827e+003, 9.004468e-002
3.187755e+003, 9.021042e-002
3.189684e+003, 9.065375e-002
3.191612e+003, 9.095886e-002
3.193541e+003, 9.103955e-002
3.195469e+003, 9.088390e-002
3.197398e+003, 9.081747e-002
3.199326e+003, 9.096447e-002
3.201255e+003, 9.107816e-002
3.203183e+003, 9.064876e-002
3.205112e+003, 9.026089e-002
3.207040e+003, 9.109441e-002
3.208969e+003, 9.163622e-002
3.210897e+003, 9.132738e-002
3.212825e+003, 9.125152e-002
3.214754e+003, 9.092616e-002
3.216682e+003, 9.104906e-002
3.218611e+003, 9.148739e-002
3.220539e+003, 9.146482e-002
3.222468e+003, 9.096149e-002
3.224396e+003, 9.086838e-002
3.226325e+003, 9.139684e-002
3.228253e+003, 9.162808e-002
3.230182e+003, 9.177844e-002
3.232110e+003, 9.187380e-002
3.234039e+003, 9.152743e-002
3.235967e+003, 9.087323e-002
3.237896e+003, 9.122232e-002
3.239824e+003, 9.202100e-002
3.241752e+003, 9.224754e-002
3.243681e+003, 9.209173e-002
3.245609e+003, 9.180474e-002
3.247538e+003, 9.184605e-002
3.249466e+003, 9.212190e-002
3.251395e+003, 9.237677e-002
3.253323e+003, 9.225134e-002
3.255252e+003, 9.224153e-002
3.257180e+003, 9.213903e-002
3.259109e+003, 9.236749e-002
3.261037e+003, 9.270887e-002
3.262966e+003, 9.266764e-002
3.264894e+003, 9.231812e-002
3.266823e+003, 9.210291e-002
3.268751e+003, 9.252343e-002
3.270679e+003, 9.267412e-002
3.272608e+003, 9.271103e-002
3.274536e+003, 9.313662e-002
3.276465e+003, 9.320560e-002
3.278393e+003, 9.302074e-002
3.280322e+003, 9.289965e-002
3.282250e+003, 9.285628e-002
3.284179e+003, 9.249788e-002
3.286107e+003, 9.213295e-002
3.288036e+003, 9.236225e-002
3.289964e+003, 9.283116e-002
3.291893e+003, 9.289067e-002
3.293821e+003, 9.281942e-002
3.295750e+003, 9.274685e-002
3.297678e+003, 9.271553e-002
3.299606e+003, 9.284227e-002
3.301535e+003, 9.304278e-002
3.303463e+003, 9.373458e-002
3.305392e+003, 9.409609e-002
3.307320e+003, 9.352851e-002
3.309249e+003, 9.284514e-002
3.311177e+003, 9.282327e-002
3.313106e+003, 9.280378e-002
3.315034e+003, 9.299580e-002
3.316963e+003, 9.354071e-002
3.318891e+003, 9.370174e-002
3.320820e+003, 9.330686e-002
3.322748e+003, 9.346873e-002
3.324677e+003, 9.423184e-002
3.326605e+003, 9.471692e-002
3.328533e+003, 9.399963e-002
3.330462e+003, 9.373026e-002
3.332390e+003, 9.425592e-002
3.334319e+003, 9.406227e-002
3.336247e+003, 9.400482e-002
3.338176e+003, 9.430630e-002
3.340104e+003, 9.441650e-002
3.342033e+003, 9.419212e-002
3.343961e+003, 9.439270e-002
3.345890e+003, 9.464683e-002
3.347818e+003, 9.405415e-002
3.349747e+003, 9.369713e-002
3.351675e+003, 9.412549e-002
3.353604e+003, 9.450743e-002
3.355532e+003, 9.436175e-002
3.357460e+003, 9.417493e-002
3.359389e+003, 9.470651e-002
3.361317e+003, 9.475931e-002
3.363246e+003, 9.467465e-002
3.365174e+003, 9.488608e-002
3.367103e+003, 9.481496e-002
3.369031e+003, 9.508841e-002
3.370960e+003, 9.508705e-002
3.372888e+003, 9.479813e-002
3.374817e+003, 9.458321e-002
3.376745e+003, 9.443543e-002
3.378674e+003, 9.453972e-002
3.380602e+003, 9.420975e-002
3.382531e+003, 9.474276e-002
3.384459e+003, 9.522597e-002
3.386387e+003, 9.493165e-002
3.388316e+003, 9.473770e-002
3.390244e+003, 9.503422e-002
3.392173e+003, 9.511643e-002
3.394101e+003, 9.475847e-002
3.396030e+003, 9.550411e-002
3.397958e+003, 9.569730e-002
3.399887e+003, 9.513631e-002
3.401815e+003, 9.498939e-002
3.403744e+003, 9.513354e-002
3.405672e+003, 9.515865e-002
3.407601e+003, 9.507862e-002
3.409529e+003, 9.497943e-002
3.411458e+003, 9.515546e-002
3.413386e+003, 9.551221e-002
3.415314e+003, 9.577870e-002
3.417243e+003, 9.525435e-002
3.419171e+003, 9.502110e-002
3.421100e+003, 9.550058e-002
3.423028e+003, 9.602533e-002
3.424957e+003, 9.606244e-002
3.426885e+003, 9.616788e-002
3.428814e+003, 9.622609e-002
3.430742e+003, 9.605272e-002
3.432671e+003, 9.583899e-002
3.434599e+003, 9.584352e-002
3.436528e+003, 9.596193e-002
3.438456e+003, 9.580704e-002
3.440385e+003, 9.585334e-002
3.442313e+003, 9.640757e-002
3.444241e+003, 9.660410e-002
3.446170e+003, 9.612539e-002
3.448098e+003, 9.568974e-002
3.450027e+003, 9.537114e-002
3.451955e+003, 9.501795e-002
3.453884e+003, 9.559004e-002
3.455812e+003, 9.624811e-002
3.457741e+003, 9.649613e-002
3.459669e+003, 9.663624e-002
3.461598e+003, 9.679687e-002
3.463526e+003, 9.633009e-002
3.465455e+003, 9.618320e-002
3.467383e+003, 9.659742e-002
3.469312e+003, 9.676352e-002
3.471240e+003, 9.633525e-002
3.473168e+003, 9.577503e-002
3.475097e+003, 9.599590e-002
3.477025e+003, 9.661599e-002
3.478954e+003, 9.633767e-002
3.480882e+003, 9.615984e-002
3.482811e+003, 9.665686e-002
3.484739e+003, 9.669387e-002
3.486668e+003, 9.661289e-002
3.488596e+003, 9.695955e-002
3.490525e+003, 9.688923e-002
3.492453e+003, 9.664141e-002
3.494382e+003, 9.702883e-002
3.496310e+003, 9.717584e-002
3.498239e+003, 9.695660e-002
3.500167e+003, 9.725396e-002
3.502095e+003, 9.724516e-002
3.504024e+003, 9.692743e-002
3.505952e+003, 9.691403e-002
3.507881e+003, 9.721942e-002
3.509809e+003, 9.714331e-002
3.511738e+003, 9.665594e-002
3.513666e+003, 9.705535e-002
3.515595e+003, 9.711294e-002
3.517523e+003, 9.719836e-002
3.519452e+003, 9.780549e-002
3.521380e+003, 9.754153e-002
3.523309e+003, 9.683374e-002
3.525237e+003, 9.669735e-002
3.527166e+003, 9.692614e-002
3.529094e+003, 9.756656e-002
3.531022e+003, 9.759206e-002
3.532951e+003, 9.752858e-002
3.534879e+003, 9.803304e-002
3.536808e+003, 9.836884e-002
3.538736e+003, 9.831370e-002
3.540665e+003, 9.756405e-002
3.542593e+003, 9.720024e-002
3.544522e+003, 9.729955e-002
3.546450e+003, 9.787229e-002
3.548379e+003, 9.782790e-002
3.550307e+003, 9.783204e-002
3.552236e+003, 9.781329e-002
3.554164e+003, 9.788420e-002
3.556093e+003, 9.827879e-002
3.558021e+003, 9.809966e-002
3.559949e+003, 9.743795e-002
3.561878e+003, 9.728333e-002
3.563806e+003, 9.757102e-002
3.565735e+003, 9.770596e-002
3.567663e+003, 9.747238e-002
3.569592e+003, 9.736169e-002
3.571520e+003, 9.769340e-002
3.573449e+003, 9.841675e-002
3.575377e+003, 9.890827e-002
3.577306e+003, 9.847367e-002
3.579234e+003, 9.799527e-002
3.581163e+003, 9.828881e-002
3.583091e+003, 9.851220e-002
3.585020e+003, 9.868012e-002
3.586948e+003, 9.832335e-002
3.588876e+003, 9.809920e-002
3.590805e+003, 9.841876e-002
3.592733e+003, 9.852726e-002
3.594662e+003, 9.866171e-002
3.596590e+003, 9.869190e-002
3.598519e+003, 9.794065e-002
3.600447e+003, 9.748401e-002
3.602376e+003, 9.770111e-002
3.604304e+003, 9.846238e-002
3.606233e+003, 9.905007e-002
3.608161e+003, 9.894904e-002
3.610090e+003, 9.862725e-002
3.612018e+003, 9.851664e-002
3.613947e+003, 9.797861e-002
3.615875e+003, 9.825776e-002
3.617803e+003, 9.841210e-002
3.619732e+003, 9.786465e-002
3.621660e+003, 9.748888e-002
3.623589e+003, 9.788661e-002
3.625517e+003, 9.851648e-002
3.627446e+003, 9.916664e-002
3.629374e+003, 9.987774e-002
3.631303e+003, 9.946246e-002
3.633231e+003, 9.879303e-002
3.635160e+003, 9.882276e-002
3.637088e+003, 9.865452e-002
3.639017e+003, 9.934224e-002
3.640945e+003, 1.001639e-001
3.642874e+003, 1.000107e-001
3.644802e+003, 1.001930e-001
3.646730e+003, 9.973637e-002
3.648659e+003, 9.935062e-002
3.650587e+003, 9.990403e-002
3.652516e+003, 1.000874e-001
3.654444e+003, 9.938046e-002
3.656373e+003, 9.868848e-002
3.658301e+003, 9.873599e-002
3.660230e+003, 9.954251e-002
3.662158e+003, 1.004182e-001
3.664087e+003, 1.001732e-001
3.666015e+003, 9.966074e-002
3.667944e+003, 1.004841e-001
3.669872e+003, 1.014282e-001
3.671801e+003, 1.006528e-001
3.673729e+003, 1.002417e-001
3.675657e+003, 1.006057e-001
3.677586e+003, 1.004914e-001
3.679514e+003, 1.005857e-001
3.681443e+003, 1.005850e-001
3.683371e+003, 1.003376e-001
3.685300e+003, 9.991573e-002
3.687228e+003, 1.003850e-001
3.689157e+003, 1.014883e-001
3.691085e+003, 1.010691e-001
3.693014e+003, 1.006653e-001
3.694942e+003, 1.007830e-001
3.696871e+003, 1.012843e-001
3.698799e+003, 1.009547e-001
3.700728e+003, 1.012770e-001
3.702656e+003, 1.009368e-001
3.704584e+003, 1.006938e-001
3.706513e+003, 1.016206e-001
3.708441e+003, 1.019675e-001
3.710370e+003, 1.016797e-001
3.712298e+003, 1.020060e-001
3.714227e+003, 1.015738e-001
3.716155e+003, 1.008328e-001
3.718084e+003, 1.009611e-001
3.720012e+003, 1.016527e-001
3.721941e+003, 1.031484e-001
3.723869e+003, 1.031440e-001
3.725798e+003, 1.018007e-001
3.727726e+003, 1.012463e-001
3.729655e+003, 1.016318e-001
3.731583e+003, 1.022923e-001
3.733511e+003, 1.025731e-001
3.735440e+003, 1.028016e-001
3.737368e+003, 1.028874e-001
3.739297e+003, 1.025568e-001
3.741225e+003, 1.029784e-001
3.743154e+003, 1.031830e-001
3.745082e+003, 1.027795e-001
3.747011e+003, 1.020429e-001
3.748939e+003, 1.024733e-001
3.750868e+003, 1.025607e-001
3.752796e+003, 1.021031e-001
3.754725e+003, 1.016956e-001
3.756653e+003, 1.026127e-001
3.758582e+003, 1.034403e-001
3.760510e+003, 1.032265e-001
3.762438e+003, 1.030607e-001
3.764367e+003, 1.031627e-001
3.766295e+003, 1.027655e-001
3.768224e+003, 1.024771e-001
3.770152e+003, 1.029043e-001
3.772081e+003, 1.036430e-001
3.774009e+003, 1.034543e-001
3.775938e+003, 1.031534e-001
3.777866e+003, 1.035179e-001
3.779795e+003, 1.037580e-001
3.781723e+003, 1.028786e-001
3.783652e+003, 1.024709e-001
3.785580e+003, 1.024916e-001
3.787509e+003, 1.027941e-001
3.789437e+003, 1.031153e-001
3.791365e+003, 1.034977e-001
3.793294e+003, 1.034704e-001
3.795222e+003, 1.027375e-001
3.797151e+003, 1.020817e-001
3.799079e+003, 1.028653e-001
3.801008e+003, 1.036052e-001
3.802936e+003, 1.034873e-001
3.804865e+003, 1.034690e-001
3.806793e+003, 1.037419e-001
3.808722e+003, 1.039331e-001
3.810650e+003, 1.039827e-001
3.812579e+003, 1.036609e-001
3.814507e+003, 1.038069e-001
3.816436e+003, 1.040825e-001
3.818364e+003, 1.041591e-001
3.820292e+003, 1.041891e-001
3.822221e+003, 1.038198e-001
3.824149e+003, 1.029242e-001
3.826078e+003, 1.028431e-001
3.828006e+003, 1.040287e-001
3.829935e+003, 1.046672e-001
3.831863e+003, 1.049268e-001
3.833792e+003, 1.054392e-001
3.835720e+003, 1.054822e-001
3.837649e+003, 1.051131e-001
3.839577e+003, 1.046463e-001
3.841506e+003, 1.042229e-001
3.843434e+003, 1.039935e-001
3.845363e+003, 1.049343e-001
3.847291e+003, 1.048248e-001
3.849219e+003, 1.041773e-001
3.851148e+003, 1.043047e-001
3.853076e+003, 1.045931e-001
3.855005e+003, 1.046774e-001
3.856933e+003, 1.042277e-001
3.858862e+003, 1.042022e-001
3.860790e+003, 1.048423e-001
3.862719e+003, 1.053510e-001
3.864647e+003, 1.053983e-001
3.866576e+003, 1.053806e-001
3.868504e+003, 1.057415e-001
3.870433e+003, 1.054450e-001
3.872361e+003, 1.052094e-001
3.874290e+003, 1.051907e-001
3.876218e+003, 1.045534e-001
3.878146e+003, 1.045182e-001
3.880075e+003, 1.049557e-001
3.882003e+003, 1.051169e-001
3.883932e+003, 1.057938e-001
3.885860e+003, 1.060441e-001
3.887789e+003, 1.054394e-001
3.889717e+003, 1.047238e-001
3.891646e+003, 1.044662e-001
3.893574e+003, 1.049693e-001
3.895503e+003, 1.055341e-001
3.897431e+003, 1.060241e-001
3.899360e+003, 1.060714e-001
3.901288e+003, 1.059159e-001
3.903217e+003, 1.060039e-001
3.905145e+003, 1.059592e-001
3.907073e+003, 1.063234e-001
3.909002e+003, 1.068396e-001
3.910930e+003, 1.062117e-001
3.912859e+003, 1.055681e-001
3.914787e+003, 1.053199e-001
3.916716e+003, 1.054880e-001
3.918644e+003, 1.062214e-001
3.920573e+003, 1.065487e-001
3.922501e+003, 1.063751e-001
3.924430e+003, 1.062941e-001
3.926358e+003, 1.057084e-001
3.928287e+003, 1.057145e-001
3.930215e+003, 1.067764e-001
3.932144e+003, 1.069121e-001
3.934072e+003, 1.068102e-001
3.936000e+003, 1.064802e-001
3.937929e+003, 1.063210e-001
3.939857e+003, 1.068352e-001
3.941786e+003, 1.064719e-001
3.943714e+003, 1.058762e-001
3.945643e+003, 1.059811e-001
3.947571e+003, 1.065486e-001
3.949500e+003, 1.063260e-001
3.951428e+003, 1.061812e-001
3.953357e+003, 1.065878e-001
3.955285e+003, 1.062169e-001
3.957214e+003, 1.057147e-001
3.959142e+003, 1.058451e-001
3.961071e+003, 1.062836e-001
3.962999e+003, 1.069796e-001
3.964927e+003, 1.065915e-001
3.966856e+003, 1.055096e-001
3.968784e+003, 1.050593e-001
3.970713e+003, 1.049407e-001
3.972641e+003, 1.049377e-001
3.974570e+003, 1.058754e-001
3.976498e+003, 1.064056e-001
3.978427e+003, 1.066203e-001
3.980355e+003, 1.072260e-001
3.982284e+003, 1.075772e-001
3.984212e+003, 1.080810e-001
3.986141e+003, 1.073089e-001
3.988069e+003, 1.063369e-001
3.989998e+003, 1.068093e-001
3.991926e+003, 1.077484e-001
3.993854e+003, 1.079424e-001
3.995783e+003, 1.080350e-001
3.997711e+003, 1.076048e-001
3.999640e+003, 1.070155e-001
4.001568e+003, 0.000000e+000
##END=



