##NAMES=Eudialyte
##RRUFFID=R050230
##IDEAL CHEMISTRY=Na_15_Ca_6_Fe^2+^_3_Zr^4+^_3_Si(Si_25_O_73_)(O,OH,H_2_O)_3_(Cl,OH)_2_
##LOCALITY=Kipawa alkaline complex, near Sheffield Lake, Villedieu Township, Temiscamingue County, Quebec, Canada
##OWNER=RRUFF
##SOURCE=Marcus Origlieri
##DESCRIPTION=Massive aggregate of red crystals
##STATUS=The identification of this mineral has been confirmed by X-ray diffraction and chemical analysis
##URL=rruff.info/R050230
##MEASURED CHEMISTRY=(Na_14.50_K_0.35_Ca_0.15_)_Σ=15_Ca_6.00_(Fe_1.86_Mn_1.01_Mg_0.13_)_Σ=3_(Zr_2.91_Ti_0.09_)_3_(Si_0.94_Nb_0.06_)_Σ=1.00_(Si_25.00_O_73_)(OH)_1.10_(H_2_O)_1.90_)_Σ=3_(Cl_1.17_(OH)_0.83_)_Σ=2_
3.953357e+002, 4.821558e-002
3.972641e+002, 5.008915e-002
3.991926e+002, 5.158951e-002
4.011211e+002, 4.944637e-002
4.030495e+002, 4.443116e-002
4.049780e+002, 4.428017e-002
4.069065e+002, 4.751793e-002
4.088349e+002, 4.782073e-002
4.107634e+002, 4.773257e-002
4.126919e+002, 4.775622e-002
4.146203e+002, 4.660767e-002
4.165488e+002, 4.590439e-002
4.184773e+002, 4.641095e-002
4.204057e+002, 4.765752e-002
4.223342e+002, 4.911399e-002
4.242627e+002, 4.996286e-002
4.261911e+002, 5.091691e-002
4.281196e+002, 5.281753e-002
4.300481e+002, 5.513183e-002
4.319765e+002, 5.877425e-002
4.339050e+002, 6.371165e-002
4.358335e+002, 6.869674e-002
4.377619e+002, 7.414711e-002
4.396904e+002, 8.073134e-002
4.416189e+002, 8.707809e-002
4.435473e+002, 9.378333e-002
4.454758e+002, 9.964168e-002
4.474043e+002, 1.032065e-001
4.493327e+002, 1.045503e-001
4.512612e+002, 1.034106e-001
4.531897e+002, 1.005560e-001
4.551181e+002, 9.671082e-002
4.570466e+002, 9.366138e-002
4.589751e+002, 9.065393e-002
4.609035e+002, 8.803090e-002
4.628320e+002, 8.642137e-002
4.647605e+002, 8.522857e-002
4.666889e+002, 8.554396e-002
4.686174e+002, 8.726025e-002
4.705459e+002, 8.963536e-002
4.724743e+002, 9.225509e-002
4.744028e+002, 9.498388e-002
4.763313e+002, 9.764440e-002
4.782597e+002, 9.994878e-002
4.801882e+002, 1.012328e-001
4.821167e+002, 1.008962e-001
4.840451e+002, 9.886339e-002
4.859736e+002, 9.557603e-002
4.879021e+002, 9.162793e-002
4.898305e+002, 8.651914e-002
4.917590e+002, 8.061446e-002
4.936875e+002, 7.421930e-002
4.956159e+002, 6.821258e-002
4.975444e+002, 6.282561e-002
4.994729e+002, 5.759091e-002
5.014013e+002, 5.333712e-002
5.033298e+002, 4.977764e-002
5.052583e+002, 4.680846e-002
5.071867e+002, 4.490912e-002
5.091152e+002, 4.357067e-002
5.110437e+002, 4.299594e-002
5.129721e+002, 4.303783e-002
5.149006e+002, 4.307861e-002
5.168290e+002, 4.386408e-002
5.187575e+002, 4.507300e-002
5.206860e+002, 4.591574e-002
5.226144e+002, 4.685804e-002
5.245429e+002, 4.845362e-002
5.264714e+002, 4.896241e-002
5.283998e+002, 4.835633e-002
5.303283e+002, 4.719501e-002
5.322568e+002, 4.503080e-002
5.341852e+002, 4.265182e-002
5.361137e+002, 4.110388e-002
5.380422e+002, 3.989083e-002
5.399706e+002, 3.851181e-002
5.418991e+002, 3.765127e-002
5.438276e+002, 3.707767e-002
5.457560e+002, 3.610009e-002
5.476845e+002, 3.473581e-002
5.496130e+002, 3.282419e-002
5.515414e+002, 3.094746e-002
5.534699e+002, 2.895353e-002
5.553984e+002, 2.699454e-002
5.573268e+002, 2.530165e-002
5.592553e+002, 2.395247e-002
5.611838e+002, 2.314085e-002
5.631122e+002, 2.217471e-002
5.650407e+002, 2.102463e-002
5.669692e+002, 2.014816e-002
5.688976e+002, 1.930330e-002
5.708261e+002, 1.858790e-002
5.727546e+002, 1.802706e-002
5.746830e+002, 1.764431e-002
5.766115e+002, 1.747500e-002
5.785400e+002, 1.741438e-002
5.804684e+002, 1.731161e-002
5.823969e+002, 1.721125e-002
5.843254e+002, 1.698371e-002
5.862538e+002, 1.664594e-002
5.881823e+002, 1.645441e-002
5.901108e+002, 1.621237e-002
5.920392e+002, 1.618978e-002
5.939677e+002, 1.613043e-002
5.958962e+002, 1.596620e-002
5.978246e+002, 1.616485e-002
5.997531e+002, 1.626145e-002
6.016816e+002, 1.637021e-002
6.036100e+002, 1.654540e-002
6.055385e+002, 1.653367e-002
6.074670e+002, 1.664585e-002
6.093954e+002, 1.679110e-002
6.113239e+002, 1.683766e-002
6.132524e+002, 1.653537e-002
6.151808e+002, 1.634630e-002
6.171093e+002, 1.646648e-002
6.190378e+002, 1.644512e-002
6.209662e+002, 1.632764e-002
6.228947e+002, 1.619451e-002
6.248232e+002, 1.644102e-002
6.267516e+002, 1.678430e-002
6.286801e+002, 1.687198e-002
6.306086e+002, 1.716424e-002
6.325370e+002, 1.774669e-002
6.344655e+002, 1.847090e-002
6.363940e+002, 1.938369e-002
6.383224e+002, 2.021667e-002
6.402509e+002, 2.080023e-002
6.421794e+002, 2.170563e-002
6.441078e+002, 2.312719e-002
6.460363e+002, 2.444121e-002
6.479648e+002, 2.564925e-002
6.498932e+002, 2.685358e-002
6.518217e+002, 2.796598e-002
6.537502e+002, 2.868275e-002
6.556786e+002, 2.912018e-002
6.576071e+002, 2.904623e-002
6.595356e+002, 2.847112e-002
6.614641e+002, 2.814483e-002
6.633925e+002, 2.779967e-002
6.653210e+002, 2.729381e-002
6.672495e+002, 2.691245e-002
6.691779e+002, 2.650093e-002
6.711064e+002, 2.634419e-002
6.730349e+002, 2.639391e-002
6.749633e+002, 2.632100e-002
6.768918e+002, 2.629998e-002
6.788203e+002, 2.654404e-002
6.807487e+002, 2.673293e-002
6.826772e+002, 2.680654e-002
6.846057e+002, 2.695875e-002
6.865341e+002, 2.724924e-002
6.884626e+002, 2.764683e-002
6.903911e+002, 2.793355e-002
6.923195e+002, 2.828752e-002
6.942480e+002, 2.862266e-002
6.961765e+002, 2.890661e-002
6.981049e+002, 2.893825e-002
7.000334e+002, 2.868853e-002
7.019619e+002, 2.820451e-002
7.038903e+002, 2.761785e-002
7.058188e+002, 2.696759e-002
7.077473e+002, 2.637127e-002
7.096757e+002, 2.576309e-002
7.116042e+002, 2.520248e-002
7.135327e+002, 2.491683e-002
7.154611e+002, 2.496913e-002
7.173896e+002, 2.524644e-002
7.193181e+002, 2.578934e-002
7.212465e+002, 2.703809e-002
7.231750e+002, 2.894531e-002
7.251035e+002, 3.143036e-002
7.270319e+002, 3.455845e-002
7.289604e+002, 3.816605e-002
7.308889e+002, 4.217928e-002
7.328173e+002, 4.641901e-002
7.347458e+002, 5.062552e-002
7.366743e+002, 5.441387e-002
7.386027e+002, 5.745892e-002
7.405312e+002, 5.919741e-002
7.424597e+002, 5.930565e-002
7.443881e+002, 5.776633e-002
7.463166e+002, 5.468085e-002
7.482451e+002, 5.095549e-002
7.501735e+002, 4.709934e-002
7.521020e+002, 4.284599e-002
7.540305e+002, 3.879640e-002
7.559589e+002, 3.524023e-002
7.578874e+002, 3.188307e-002
7.598159e+002, 2.897969e-002
7.617443e+002, 2.642761e-002
7.636728e+002, 2.417065e-002
7.656013e+002, 2.224023e-002
7.675297e+002, 2.077688e-002
7.694582e+002, 1.941588e-002
7.713867e+002, 1.816938e-002
7.733151e+002, 1.704129e-002
7.752436e+002, 1.624808e-002
7.771721e+002, 1.585672e-002
7.791005e+002, 1.553664e-002
7.810290e+002, 1.525882e-002
7.829575e+002, 1.505477e-002
7.848859e+002, 1.496767e-002
7.868144e+002, 1.477672e-002
7.887429e+002, 1.448222e-002
7.906713e+002, 1.428788e-002
7.925998e+002, 1.415996e-002
7.945283e+002, 1.401069e-002
7.964567e+002, 1.397909e-002
7.983852e+002, 1.389980e-002
8.003137e+002, 1.385699e-002
8.022421e+002, 1.386527e-002
8.041706e+002, 1.393560e-002
8.060991e+002, 1.406791e-002
8.080275e+002, 1.412137e-002
8.099560e+002, 1.424169e-002
8.118845e+002, 1.451080e-002
8.138129e+002, 1.466576e-002
8.157414e+002, 1.504707e-002
8.176699e+002, 1.547484e-002
8.195983e+002, 1.583287e-002
8.215268e+002, 1.622438e-002
8.234553e+002, 1.670428e-002
8.253837e+002, 1.706679e-002
8.273122e+002, 1.754829e-002
8.292407e+002, 1.809745e-002
8.311691e+002, 1.858119e-002
8.330976e+002, 1.920487e-002
8.350261e+002, 1.993187e-002
8.369545e+002, 2.063738e-002
8.388830e+002, 2.151763e-002
8.408115e+002, 2.249857e-002
8.427399e+002, 2.348066e-002
8.446684e+002, 2.447827e-002
8.465969e+002, 2.569123e-002
8.485253e+002, 2.686804e-002
8.504538e+002, 2.808758e-002
8.523823e+002, 2.949620e-002
8.543107e+002, 3.106314e-002
8.562392e+002, 3.278336e-002
8.581677e+002, 3.465120e-002
8.600961e+002, 3.645927e-002
8.620246e+002, 3.825233e-002
8.639531e+002, 4.010269e-002
8.658815e+002, 4.223877e-002
8.678100e+002, 4.493765e-002
8.697385e+002, 4.829090e-002
8.716669e+002, 5.218141e-002
8.735954e+002, 5.596777e-002
8.755239e+002, 5.853519e-002
8.774523e+002, 5.978144e-002
8.793808e+002, 6.089873e-002
8.813093e+002, 6.291168e-002
8.832377e+002, 6.601775e-002
8.851662e+002, 6.992908e-002
8.870947e+002, 7.441991e-002
8.890231e+002, 7.939126e-002
8.909516e+002, 8.441701e-002
8.928801e+002, 8.946200e-002
8.948085e+002, 9.449933e-002
8.967370e+002, 9.943754e-002
8.986655e+002, 1.042183e-001
9.005939e+002, 1.088861e-001
9.025224e+002, 1.132579e-001
9.044509e+002, 1.174295e-001
9.063793e+002, 1.217610e-001
9.083078e+002, 1.261153e-001
9.102363e+002, 1.302807e-001
9.121647e+002, 1.342621e-001
9.140932e+002, 1.381067e-001
9.160217e+002, 1.419683e-001
9.179501e+002, 1.456196e-001
9.198786e+002, 1.489484e-001
9.218071e+002, 1.522115e-001
9.237355e+002, 1.549660e-001
9.256640e+002, 1.568317e-001
9.275925e+002, 1.583308e-001
9.295209e+002, 1.593656e-001
9.314494e+002, 1.596101e-001
9.333779e+002, 1.593005e-001
9.353063e+002, 1.587436e-001
9.372348e+002, 1.580067e-001
9.391633e+002, 1.570971e-001
9.410917e+002, 1.558005e-001
9.430202e+002, 1.542936e-001
9.449487e+002, 1.530138e-001
9.468771e+002, 1.519001e-001
9.488056e+002, 1.507691e-001
9.507341e+002, 1.500828e-001
9.526625e+002, 1.499252e-001
9.545910e+002, 1.499802e-001
9.565195e+002, 1.504914e-001
9.584479e+002, 1.513668e-001
9.603764e+002, 1.525170e-001
9.623049e+002, 1.537590e-001
9.642333e+002, 1.548889e-001
9.661618e+002, 1.558888e-001
9.680903e+002, 1.566445e-001
9.700187e+002, 1.571247e-001
9.719472e+002, 1.571875e-001
9.738757e+002, 1.569956e-001
9.758041e+002, 1.565920e-001
9.777326e+002, 1.558348e-001
9.796611e+002, 1.545939e-001
9.815895e+002, 1.531841e-001
9.835180e+002, 1.515370e-001
9.854465e+002, 1.498155e-001
9.873749e+002, 1.482174e-001
9.893034e+002, 1.466879e-001
9.912319e+002, 1.450157e-001
9.931603e+002, 1.435508e-001
9.950888e+002, 1.425417e-001
9.970173e+002, 1.417605e-001
9.989457e+002, 1.412986e-001
1.000874e+003, 1.411835e-001
1.002803e+003, 1.412915e-001
1.004731e+003, 1.416942e-001
1.006660e+003, 1.420939e-001
1.008588e+003, 1.423048e-001
1.010517e+003, 1.422696e-001
1.012445e+003, 1.419002e-001
1.014373e+003, 1.410851e-001
1.016302e+003, 1.395511e-001
1.018230e+003, 1.375265e-001
1.020159e+003, 1.351526e-001
1.022087e+003, 1.321406e-001
1.024016e+003, 1.288308e-001
1.025944e+003, 1.255241e-001
1.027873e+003, 1.219576e-001
1.029801e+003, 1.182542e-001
1.031730e+003, 1.146210e-001
1.033658e+003, 1.109613e-001
1.035587e+003, 1.073899e-001
1.037515e+003, 1.042629e-001
1.039443e+003, 1.014149e-001
1.041372e+003, 9.867482e-002
1.043300e+003, 9.612954e-002
1.045229e+003, 9.377846e-002
1.047157e+003, 9.179141e-002
1.049086e+003, 9.015281e-002
1.051014e+003, 8.846310e-002
1.052943e+003, 8.699198e-002
1.054871e+003, 8.567879e-002
1.056800e+003, 8.434260e-002
1.058728e+003, 8.297668e-002
1.060657e+003, 8.134727e-002
1.062585e+003, 7.973029e-002
1.064514e+003, 7.827640e-002
1.066442e+003, 7.676504e-002
1.068370e+003, 7.487991e-002
1.070299e+003, 7.294781e-002
1.072227e+003, 7.090025e-002
1.074156e+003, 6.881321e-002
1.076084e+003, 6.674415e-002
1.078013e+003, 6.439606e-002
1.079941e+003, 6.164163e-002
1.081870e+003, 5.869304e-002
1.083798e+003, 5.561904e-002
1.085727e+003, 5.241999e-002
1.087655e+003, 4.919290e-002
1.089584e+003, 4.623894e-002
1.091512e+003, 4.368698e-002
1.093441e+003, 4.152244e-002
1.095369e+003, 3.953759e-002
1.097297e+003, 3.778407e-002
1.099226e+003, 3.626144e-002
1.101154e+003, 3.482703e-002
1.103083e+003, 3.363304e-002
1.105011e+003, 3.260972e-002
1.106940e+003, 3.150320e-002
1.108868e+003, 3.056519e-002
1.110797e+003, 2.964918e-002
1.112725e+003, 2.884907e-002
1.114654e+003, 2.810073e-002
1.116582e+003, 2.743554e-002
1.118511e+003, 2.683641e-002
1.120439e+003, 2.619998e-002
1.122368e+003, 2.542103e-002
1.124296e+003, 2.476638e-002
1.126224e+003, 2.429343e-002
1.128153e+003, 2.369108e-002
1.130081e+003, 2.306825e-002
1.132010e+003, 2.252314e-002
1.133938e+003, 2.184050e-002
1.135867e+003, 2.132629e-002
1.137795e+003, 2.088171e-002
1.139724e+003, 2.035208e-002
1.141652e+003, 1.966161e-002
1.143581e+003, 1.879731e-002
1.145509e+003, 1.796404e-002
1.147438e+003, 1.724375e-002
1.149366e+003, 1.655270e-002
1.151295e+003, 1.594769e-002
1.153223e+003, 1.529562e-002
1.155151e+003, 1.460836e-002
1.157080e+003, 1.386687e-002
1.159008e+003, 1.321107e-002
1.160937e+003, 1.268989e-002
1.162865e+003, 1.213567e-002
1.164794e+003, 1.152935e-002
1.166722e+003, 1.092947e-002
1.168651e+003, 1.047386e-002
1.170579e+003, 1.004470e-002
1.172508e+003, 9.576536e-003
1.174436e+003, 9.047190e-003
1.176365e+003, 8.569745e-003
1.178293e+003, 8.220519e-003
1.180222e+003, 7.804925e-003
1.182150e+003, 7.478139e-003
1.184078e+003, 7.061087e-003
1.186007e+003, 6.690805e-003
1.187935e+003, 6.463587e-003
1.189864e+003, 6.062197e-003
1.191792e+003, 5.721648e-003
1.193721e+003, 5.541319e-003
1.195649e+003, 5.259753e-003
1.197578e+003, 5.030532e-003
1.199506e+003, 4.827776e-003
1.201435e+003, 4.591292e-003
1.203363e+003, 4.292869e-003
1.205292e+003, 3.989543e-003
1.207220e+003, 3.884958e-003
1.209149e+003, 3.780928e-003
1.211077e+003, 3.417417e-003
1.213005e+003, 3.157294e-003
1.214934e+003, 3.082725e-003
1.216862e+003, 2.932943e-003
1.218791e+003, 2.697395e-003
1.220719e+003, 2.521298e-003
1.222648e+003, 2.340499e-003
1.224576e+003, 2.203225e-003
1.226505e+003, 2.146938e-003
1.228433e+003, 2.077722e-003
1.230362e+003, 1.989708e-003
1.232290e+003, 1.896510e-003
1.234219e+003, 1.776397e-003
1.236147e+003, 1.850618e-003
1.238076e+003, 1.862793e-003
1.240004e+003, 1.853721e-003
1.241932e+003, 1.846220e-003
1.243861e+003, 1.782493e-003
1.245789e+003, 1.720553e-003
1.247718e+003, 1.631097e-003
1.249646e+003, 1.492915e-003
1.251575e+003, 1.355377e-003
1.253503e+003, 1.346665e-003
1.255432e+003, 1.318489e-003
1.257360e+003, 1.261618e-003
1.259289e+003, 1.198633e-003
1.261217e+003, 1.209833e-003
1.263146e+003, 1.284612e-003
1.265074e+003, 1.381938e-003
1.267003e+003, 1.292290e-003
1.268931e+003, 1.198544e-003
1.270859e+003, 1.223938e-003
1.272788e+003, 1.230176e-003
1.274716e+003, 1.232237e-003
1.276645e+003, 1.314894e-003
1.278573e+003, 1.366124e-003
1.280502e+003, 1.416060e-003
1.282430e+003, 1.502276e-003
1.284359e+003, 1.381176e-003
1.286287e+003, 1.166280e-003
1.288216e+003, 1.125499e-003
1.290144e+003, 1.142162e-003
1.292073e+003, 1.197650e-003
1.294001e+003, 1.302165e-003
1.295930e+003, 1.274179e-003
1.297858e+003, 1.187456e-003
1.299786e+003, 1.250321e-003
1.301715e+003, 1.352067e-003
1.303643e+003, 1.389649e-003
1.305572e+003, 1.375081e-003
1.307500e+003, 1.322298e-003
1.309429e+003, 1.387685e-003
1.311357e+003, 1.471128e-003
1.313286e+003, 1.402479e-003
1.315214e+003, 1.358965e-003
1.317143e+003, 1.466776e-003
1.319071e+003, 1.568865e-003
1.321000e+003, 1.519449e-003
1.322928e+003, 1.446640e-003
1.324857e+003, 1.437953e-003
1.326785e+003, 1.531399e-003
1.328714e+003, 1.567872e-003
1.330642e+003, 1.701451e-003
1.332570e+003, 1.916101e-003
1.334499e+003, 1.903379e-003
1.336427e+003, 1.916426e-003
1.338356e+003, 2.081326e-003
1.340284e+003, 2.234438e-003
1.342213e+003, 2.299477e-003
1.344141e+003, 2.365458e-003
1.346070e+003, 2.464010e-003
1.347998e+003, 2.441248e-003
1.349927e+003, 2.508828e-003
1.351855e+003, 2.656276e-003
1.353784e+003, 2.671321e-003
1.355712e+003, 2.805312e-003
1.357641e+003, 2.911676e-003
1.359569e+003, 3.040083e-003
1.361497e+003, 3.164515e-003
1.363426e+003, 3.232078e-003
1.365354e+003, 3.274940e-003
1.367283e+003, 3.399466e-003
1.369211e+003, 3.636084e-003
1.371140e+003, 3.777516e-003
1.373068e+003, 3.899307e-003
1.374997e+003, 3.926008e-003
1.376925e+003, 3.959246e-003
1.378854e+003, 4.223437e-003
1.380782e+003, 4.452512e-003
1.382711e+003, 4.615534e-003
1.384639e+003, 4.870372e-003
1.386568e+003, 5.152603e-003
1.388496e+003, 5.333559e-003
1.390424e+003, 5.378747e-003
1.392353e+003, 5.493639e-003
1.394281e+003, 5.697493e-003
1.396210e+003, 5.828384e-003
1.398138e+003, 6.036412e-003
1.400067e+003, 6.315273e-003
1.401995e+003, 6.562036e-003
1.403924e+003, 6.790023e-003
1.405852e+003, 6.977465e-003
1.407781e+003, 7.238273e-003
1.409709e+003, 7.539356e-003
1.411638e+003, 7.806080e-003
1.413566e+003, 8.237931e-003
1.415495e+003, 8.822405e-003
1.417423e+003, 9.287812e-003
1.419351e+003, 9.534573e-003
1.421280e+003, 9.520647e-003
1.423208e+003, 9.695448e-003
1.425137e+003, 9.913910e-003
1.427065e+003, 9.924630e-003
1.428994e+003, 9.936258e-003
1.430922e+003, 9.858953e-003
1.432851e+003, 9.814840e-003
1.434779e+003, 1.001333e-002
1.436708e+003, 1.008615e-002
1.438636e+003, 9.842160e-003
1.440565e+003, 9.633700e-003
1.442493e+003, 9.592091e-003
1.444422e+003, 9.463412e-003
1.446350e+003, 9.345624e-003
1.448278e+003, 9.391107e-003
1.450207e+003, 9.491942e-003
1.452135e+003, 9.617844e-003
1.454064e+003, 9.711091e-003
1.455992e+003, 1.000391e-002
1.457921e+003, 9.988792e-003
1.459849e+003, 9.665001e-003
1.461778e+003, 9.496573e-003
1.463706e+003, 9.520668e-003
1.465635e+003, 9.473666e-003
1.467563e+003, 9.330682e-003
1.469492e+003, 9.315326e-003
1.471420e+003, 9.311668e-003
1.473349e+003, 9.242640e-003
1.475277e+003, 9.271204e-003
1.477205e+003, 9.270310e-003
1.479134e+003, 9.351083e-003
1.481062e+003, 9.758051e-003
1.482991e+003, 1.002249e-002
1.484919e+003, 1.001908e-002
1.486848e+003, 1.010920e-002
1.488776e+003, 1.008308e-002
1.490705e+003, 9.880857e-003
1.492633e+003, 9.758371e-003
1.494562e+003, 9.914721e-003
1.496490e+003, 1.013574e-002
1.498419e+003, 1.011652e-002
1.500347e+003, 1.013030e-002
1.502276e+003, 1.012412e-002
1.504204e+003, 1.027005e-002
1.506132e+003, 1.058477e-002
1.508061e+003, 1.031639e-002
1.509989e+003, 9.785871e-003
1.511918e+003, 9.456555e-003
1.513846e+003, 9.103558e-003
1.515775e+003, 8.588414e-003
1.517703e+003, 8.119902e-003
1.519632e+003, 7.880899e-003
1.521560e+003, 7.576331e-003
1.523489e+003, 7.109712e-003
1.525417e+003, 6.745056e-003
1.527346e+003, 6.392901e-003
1.529274e+003, 6.019322e-003
1.531203e+003, 5.695044e-003
1.533131e+003, 5.593303e-003
1.535059e+003, 5.362698e-003
1.536988e+003, 5.244598e-003
1.538916e+003, 5.420901e-003
1.540845e+003, 5.291369e-003
1.542773e+003, 4.950865e-003
1.544702e+003, 4.763118e-003
1.546630e+003, 4.528757e-003
1.548559e+003, 4.460849e-003
1.550487e+003, 4.578899e-003
1.552416e+003, 4.566784e-003
1.554344e+003, 4.526420e-003
1.556273e+003, 4.644907e-003
1.558201e+003, 4.871639e-003
1.560130e+003, 4.780313e-003
1.562058e+003, 4.297385e-003
1.563986e+003, 4.169727e-003
1.565915e+003, 4.102732e-003
1.567843e+003, 4.087721e-003
1.569772e+003, 4.238968e-003
1.571700e+003, 4.182038e-003
1.573629e+003, 4.192889e-003
1.575557e+003, 4.411109e-003
1.577486e+003, 4.289694e-003
1.579414e+003, 4.008110e-003
1.581343e+003, 4.010218e-003
1.583271e+003, 4.005512e-003
1.585200e+003, 3.899357e-003
1.587128e+003, 3.781740e-003
1.589057e+003, 3.760450e-003
1.590985e+003, 3.854444e-003
1.592913e+003, 3.960873e-003
1.594842e+003, 3.950849e-003
1.596770e+003, 3.799588e-003
1.598699e+003, 3.715190e-003
1.600627e+003, 3.744207e-003
1.602556e+003, 3.660908e-003
1.604484e+003, 3.599483e-003
1.606413e+003, 3.578939e-003
1.608341e+003, 3.397669e-003
1.610270e+003, 3.327660e-003
1.612198e+003, 3.344052e-003
1.614127e+003, 3.487364e-003
1.616055e+003, 3.697884e-003
1.617984e+003, 3.435424e-003
1.619912e+003, 3.110914e-003
1.621840e+003, 3.162073e-003
1.623769e+003, 3.292694e-003
1.625697e+003, 3.309331e-003
1.627626e+003, 3.157450e-003
1.629554e+003, 3.060927e-003
1.631483e+003, 3.048544e-003
1.633411e+003, 3.190122e-003
1.635340e+003, 3.278268e-003
1.637268e+003, 3.034867e-003
1.639197e+003, 2.786117e-003
1.641125e+003, 2.796334e-003
1.643054e+003, 2.966888e-003
1.644982e+003, 3.088720e-003
1.646911e+003, 2.992231e-003
1.648839e+003, 2.899141e-003
1.650767e+003, 3.116096e-003
1.652696e+003, 3.473309e-003
1.654624e+003, 3.007001e-003
1.656553e+003, 2.537650e-003
1.658481e+003, 2.557545e-003
1.660410e+003, 2.664887e-003
1.662338e+003, 2.504263e-003
1.664267e+003, 2.169439e-003
1.666195e+003, 2.069033e-003
1.668124e+003, 2.215510e-003
1.670052e+003, 2.094430e-003
1.671981e+003, 1.848054e-003
1.673909e+003, 1.839077e-003
1.675838e+003, 1.771905e-003
1.677766e+003, 1.550417e-003
1.679694e+003, 1.553941e-003
1.681623e+003, 1.666243e-003
1.683551e+003, 1.852301e-003
1.685480e+003, 1.804049e-003
1.687408e+003, 1.460558e-003
1.689337e+003, 1.321086e-003
1.691265e+003, 1.249686e-003
1.693194e+003, 1.081372e-003
1.695122e+003, 1.166427e-003
1.697051e+003, 9.777725e-004
1.698979e+003, 9.530810e-004
1.700908e+003, 1.135622e-003
1.702836e+003, 7.745124e-004
1.704765e+003, 6.591572e-004
1.706693e+003, 6.714633e-004
1.708621e+003, 5.846336e-004
1.710550e+003, 4.051248e-004
1.712478e+003, 4.321088e-004
1.714407e+003, 5.296384e-004
1.716335e+003, 9.579869e-004
1.718264e+003, 9.179210e-004
1.720192e+003, 4.436379e-004
1.722121e+003, 3.693560e-004
1.724049e+003, 3.135486e-004
1.725978e+003, 1.794779e-004
1.727906e+003, 2.456668e-004
1.729835e+003, 2.856331e-004
1.731763e+003, 3.937751e-004
1.733692e+003, 5.093007e-004
1.735620e+003, 2.869758e-004
1.737548e+003, 6.531554e-005
1.739477e+003, 1.154952e-004
1.741405e+003, 1.923374e-004
1.743334e+003, 2.945515e-004
1.745262e+003, 2.509291e-004
1.747191e+003, 1.395799e-004
1.749119e+003, 4.492001e-005
1.751048e+003, -1.013313e-005
1.752976e+003, -3.678681e-005
1.754905e+003, -1.529696e-005
1.756833e+003, 7.400164e-005
1.758762e+003, -6.593455e-005
1.760690e+003, -6.598974e-005
1.762619e+003, 4.140923e-005
1.764547e+003, -5.710118e-005
1.766475e+003, -7.446958e-005
1.768404e+003, 6.404059e-005
1.770332e+003, 3.327206e-005
1.772261e+003, -7.207695e-005
1.774189e+003, -2.445794e-004
1.776118e+003, -2.390075e-004
1.778046e+003, -1.979622e-004
1.779975e+003, -2.090077e-004
1.781903e+003, -3.250150e-004
1.783832e+003, -3.690666e-004
1.785760e+003, -5.586750e-004
1.787689e+003, -7.628524e-004
1.789617e+003, -6.462960e-004
1.791546e+003, -3.492323e-004
1.793474e+003, -2.584079e-004
1.795402e+003, -2.932769e-004
1.797331e+003, -6.006283e-004
1.799259e+003, -7.979904e-004
1.801188e+003, -6.726661e-004
1.803116e+003, -5.964786e-004
1.805045e+003, -5.506003e-004
1.806973e+003, -5.904163e-004
1.808902e+003, -5.827617e-004
1.810830e+003, -4.188883e-004
1.812759e+003, -6.103724e-004
1.814687e+003, -9.056485e-004
1.816616e+003, -1.009033e-003
1.818544e+003, -1.091380e-003
1.820473e+003, -1.046315e-003
1.822401e+003, -9.340847e-004
1.824329e+003, -8.689986e-004
1.826258e+003, -9.099099e-004
1.828186e+003, -1.047948e-003
1.830115e+003, -1.034438e-003
1.832043e+003, -8.412444e-004
1.833972e+003, -9.760117e-004
1.835900e+003, -1.253287e-003
1.837829e+003, -1.167514e-003
1.839757e+003, -9.085200e-004
1.841686e+003, -9.469403e-004
1.843614e+003, -9.628584e-004
1.845543e+003, -9.383134e-004
1.847471e+003, -1.049871e-003
1.849400e+003, -1.095557e-003
1.851328e+003, -1.068008e-003
1.853256e+003, -1.235576e-003
1.855185e+003, -1.364003e-003
1.857113e+003, -1.548008e-003
1.859042e+003, -1.536928e-003
1.860970e+003, -1.594626e-003
1.862899e+003, -1.554549e-003
1.864827e+003, -1.417920e-003
1.866756e+003, -1.360951e-003
1.868684e+003, -1.317275e-003
1.870613e+003, -1.249922e-003
1.872541e+003, -1.091094e-003
1.874470e+003, -1.285381e-003
1.876398e+003, -1.815662e-003
1.878327e+003, -1.698982e-003
1.880255e+003, -1.368942e-003
1.882183e+003, -1.720777e-003
1.884112e+003, -2.038957e-003
1.886040e+003, -2.352274e-003
1.887969e+003, -2.150231e-003
1.889897e+003, -1.754386e-003
1.891826e+003, -1.514048e-003
1.893754e+003, -1.348557e-003
1.895683e+003, -1.204269e-003
1.897611e+003, -1.333009e-003
1.899540e+003, -1.452222e-003
1.901468e+003, -1.650287e-003
1.903397e+003, -1.854917e-003
1.905325e+003, -1.785573e-003
1.907254e+003, -1.639616e-003
1.909182e+003, -1.802881e-003
1.911110e+003, -1.975975e-003
1.913039e+003, -1.511557e-003
1.914967e+003, -8.381470e-004
1.916896e+003, -6.493165e-004
1.918824e+003, -1.109148e-003
1.920753e+003, -1.740648e-003
1.922681e+003, -1.837254e-003
1.924610e+003, -2.045596e-003
1.926538e+003, -1.942460e-003
1.928467e+003, -1.435601e-003
1.930395e+003, -1.392560e-003
1.932324e+003, -1.637077e-003
1.934252e+003, -1.764634e-003
1.936181e+003, -1.928935e-003
1.938109e+003, -1.954049e-003
1.940037e+003, -1.972156e-003
1.941966e+003, -1.879903e-003
1.943894e+003, -1.641083e-003
1.945823e+003, -1.861447e-003
1.947751e+003, -2.718653e-003
1.949680e+003, -2.916229e-003
1.951608e+003, -2.410280e-003
1.953537e+003, -1.875724e-003
1.955465e+003, -2.287535e-003
1.957394e+003, -2.523980e-003
1.959322e+003, -2.234442e-003
1.961251e+003, -2.551535e-003
1.963179e+003, -2.697260e-003
1.965108e+003, -3.013006e-003
1.967036e+003, -3.602246e-003
1.968964e+003, -3.254147e-003
1.970893e+003, -2.692958e-003
1.972821e+003, -2.603352e-003
1.974750e+003, -2.719846e-003
1.976678e+003, -3.556746e-003
1.978607e+003, -3.840166e-003
1.980535e+003, -3.157522e-003
1.982464e+003, -3.244221e-003
1.984392e+003, -3.410378e-003
1.986321e+003, -3.333598e-003
1.988249e+003, -3.466834e-003
1.990178e+003, -3.330098e-003
1.992106e+003, -2.369539e-003
1.994035e+003, -2.084440e-003
1.995963e+003, -2.690424e-003
1.997891e+003, -3.459391e-003
1.999820e+003, -3.518894e-003
2.001748e+003, -3.266766e-003
2.003677e+003, -3.220902e-003
2.005605e+003, -3.837125e-003
2.007534e+003, -4.533185e-003
2.009462e+003, -4.946729e-003
2.011391e+003, -5.054605e-003
2.013319e+003, -3.773340e-003
2.015248e+003, -2.231102e-003
2.017176e+003, -2.143143e-003
2.019105e+003, -2.726662e-003
2.021033e+003, -3.318524e-003
2.022962e+003, -3.330109e-003
2.024890e+003, -2.735849e-003
2.026818e+003, -2.767922e-003
2.028747e+003, -2.265371e-003
2.030675e+003, -2.479543e-003
2.032604e+003, -3.560962e-003
2.034532e+003, -4.208933e-003
2.036461e+003, -4.104479e-003
2.038389e+003, -3.639945e-003
2.040318e+003, -3.508979e-003
2.042246e+003, -3.887298e-003
2.044175e+003, -3.787849e-003
2.046103e+003, -3.490380e-003
2.048031e+003, -3.873542e-003
2.049960e+003, -3.968712e-003
2.051888e+003, -3.013310e-003
2.053817e+003, -2.177035e-003
2.055745e+003, -2.208855e-003
2.057674e+003, -2.535059e-003
2.059602e+003, -2.700287e-003
2.061531e+003, -2.852770e-003
2.063459e+003, -2.978192e-003
2.065388e+003, -3.317422e-003
2.067316e+003, -3.717764e-003
2.069245e+003, -3.115345e-003
2.071173e+003, -2.730066e-003
2.073102e+003, -2.807709e-003
2.075030e+003, -2.529973e-003
2.076958e+003, -2.469630e-003
2.078887e+003, -2.754494e-003
2.080815e+003, -2.881031e-003
2.082744e+003, -2.385915e-003
2.084672e+003, -2.009745e-003
2.086601e+003, -2.672764e-003
2.088529e+003, -2.695750e-003
2.090458e+003, -2.172409e-003
2.092386e+003, -2.266226e-003
2.094315e+003, -2.510444e-003
2.096243e+003, -2.613314e-003
2.098172e+003, -2.117734e-003
2.100100e+003, -1.792722e-003
2.102029e+003, -2.050090e-003
2.103957e+003, -2.004281e-003
2.105885e+003, -1.149114e-003
2.107814e+003, -1.024749e-003
2.109742e+003, -2.130074e-003
2.111671e+003, -2.567689e-003
2.113599e+003, -2.142512e-003
2.115528e+003, -1.775076e-003
2.117456e+003, -1.847607e-003
2.119385e+003, -2.206652e-003
2.121313e+003, -2.034845e-003
2.123242e+003, -1.709397e-003
2.125170e+003, -1.935183e-003
2.127099e+003, -2.242381e-003
2.129027e+003, -1.837305e-003
2.130956e+003, -8.812130e-004
2.132884e+003, -5.640172e-004
2.134813e+003, -1.178302e-003
2.136741e+003, -1.310246e-003
2.138669e+003, -1.063592e-003
2.140598e+003, -7.478939e-004
2.142526e+003, -5.353282e-004
2.144455e+003, -1.204687e-003
2.146383e+003, -1.250039e-003
2.148312e+003, -1.441476e-003
2.150240e+003, -1.803658e-003
2.152169e+003, -1.319222e-003
2.154097e+003, -1.526966e-003
2.156026e+003, -8.458700e-004
2.157954e+003, -8.311498e-004
2.159883e+003, -2.860148e-003
2.161811e+003, -3.443111e-003
2.163740e+003, -2.698994e-003
2.165668e+003, -1.753957e-003
2.167596e+003, -1.951561e-003
2.169525e+003, -1.504221e-003
2.171453e+003, -9.397536e-004
2.173382e+003, -6.900928e-004
2.175310e+003, -9.632253e-004
2.177239e+003, -2.329839e-003
2.179167e+003, -1.843011e-003
2.181096e+003, -5.325201e-004
2.183024e+003, -2.103839e-004
2.184953e+003, -1.464558e-003
2.186881e+003, -2.148434e-003
2.188810e+003, -1.375884e-003
2.190738e+003, -1.192293e-003
2.192667e+003, -1.969989e-003
2.194595e+003, -2.082908e-003
2.196523e+003, -9.965968e-004
2.198452e+003, -2.706294e-004
2.200380e+003, -6.342174e-004
2.202309e+003, -7.867133e-004
2.204237e+003, -7.791186e-004
2.206166e+003, -7.707264e-004
2.208094e+003, -1.271953e-003
2.210023e+003, -1.372672e-003
2.211951e+003, -1.179722e-003
2.213880e+003, -1.289162e-003
2.215808e+003, -1.361254e-003
2.217737e+003, -9.768994e-004
2.219665e+003, 3.243007e-004
2.221594e+003, 5.326141e-005
2.223522e+003, -7.469195e-004
2.225450e+003, -7.944141e-004
2.227379e+003, -1.099152e-003
2.229307e+003, -1.195378e-003
2.231236e+003, -1.235983e-003
2.233164e+003, -1.080214e-003
2.235093e+003, -3.784370e-004
2.237021e+003, 4.485036e-004
2.238950e+003, 2.501041e-004
2.240878e+003, -4.628765e-004
2.242807e+003, -7.048024e-004
2.244735e+003, -7.869682e-004
2.246664e+003, -9.332211e-004
2.248592e+003, -6.743926e-004
2.250521e+003, -5.466162e-004
2.252449e+003, -1.220513e-003
2.254377e+003, -1.573998e-003
2.256306e+003, -1.042139e-003
2.258234e+003, -7.018326e-004
2.260163e+003, -9.133540e-004
2.262091e+003, -1.157163e-003
2.264020e+003, -1.434923e-003
2.265948e+003, -1.294817e-003
2.267877e+003, -4.820568e-004
2.269805e+003, -6.170859e-004
2.271734e+003, -1.256255e-003
2.273662e+003, -1.107736e-003
2.275591e+003, -8.875621e-004
2.277519e+003, -6.891554e-004
2.279448e+003, -9.546278e-004
2.281376e+003, -1.481175e-003
2.283304e+003, -1.529537e-003
2.285233e+003, -1.343778e-003
2.287161e+003, -1.294691e-003
2.289090e+003, -1.530739e-003
2.291018e+003, -1.315979e-003
2.292947e+003, -7.952737e-004
2.294875e+003, -7.502218e-004
2.296804e+003, -1.093692e-003
2.298732e+003, -1.329563e-003
2.300661e+003, -1.297912e-003
2.302589e+003, -9.079437e-004
2.304518e+003, -6.670870e-004
2.306446e+003, -8.777911e-004
2.308375e+003, -1.063942e-003
2.310303e+003, -9.123394e-004
2.312231e+003, -1.012299e-003
2.314160e+003, -9.718251e-004
2.316088e+003, -8.784758e-004
2.318017e+003, -6.735374e-004
2.319945e+003, -7.775539e-004
2.321874e+003, -9.331555e-004
2.323802e+003, -6.708390e-004
2.325731e+003, -3.035539e-004
2.327659e+003, -6.943461e-006
2.329588e+003, 2.897361e-005
2.331516e+003, 8.663526e-006
2.333445e+003, 1.561089e-004
2.335373e+003, 4.736931e-004
2.337302e+003, 6.873733e-004
2.339230e+003, 7.080998e-004
2.341158e+003, 5.032454e-004
2.343087e+003, 2.201723e-004
2.345015e+003, 1.143140e-004
2.346944e+003, -1.273419e-004
2.348872e+003, -3.597870e-004
2.350801e+003, -9.728077e-005
2.352729e+003, 2.011380e-005
2.354658e+003, 2.923227e-004
2.356586e+003, 7.323746e-004
2.358515e+003, 8.969276e-004
2.360443e+003, 1.044159e-003
2.362372e+003, 1.158663e-003
2.364300e+003, 1.305035e-003
2.366229e+003, 1.329871e-003
2.368157e+003, 9.922190e-004
2.370085e+003, 7.721017e-004
2.372014e+003, 5.446638e-004
2.373942e+003, 2.323420e-004
2.375871e+003, 1.995111e-004
2.377799e+003, 6.101882e-005
2.379728e+003, -5.138031e-004
2.381656e+003, -8.111593e-004
2.383585e+003, -7.554032e-004
2.385513e+003, -6.815559e-004
2.387442e+003, -5.083127e-004
2.389370e+003, -3.476245e-004
2.391299e+003, -3.173219e-004
2.393227e+003, -4.253318e-004
2.395156e+003, -8.489653e-004
2.397084e+003, -8.925953e-004
2.399012e+003, -7.583446e-004
2.400941e+003, -7.368737e-004
2.402869e+003, -8.164142e-004
2.404798e+003, -5.591675e-004
2.406726e+003, -5.981663e-004
2.408655e+003, -9.727126e-004
2.410583e+003, -6.990149e-004
2.412512e+003, -4.267980e-004
2.414440e+003, -5.060281e-004
2.416369e+003, -7.508594e-004
2.418297e+003, -8.596187e-004
2.420226e+003, -6.513888e-004
2.422154e+003, -5.200392e-004
2.424083e+003, -5.150636e-004
2.426011e+003, -1.042573e-003
2.427939e+003, -9.231078e-004
2.429868e+003, -1.127206e-004
2.431796e+003, -1.989621e-004
2.433725e+003, -6.802026e-004
2.435653e+003, -7.634323e-004
2.437582e+003, -7.918993e-004
2.439510e+003, -5.632213e-004
2.441439e+003, -8.254555e-004
2.443367e+003, -8.045319e-004
2.445296e+003, -3.918959e-004
2.447224e+003, -8.200322e-004
2.449153e+003, -1.190715e-003
2.451081e+003, -1.011250e-003
2.453010e+003, -6.117614e-004
2.454938e+003, -8.679089e-004
2.456866e+003, -9.122917e-004
2.458795e+003, -5.644289e-004
2.460723e+003, -5.019833e-004
2.462652e+003, -5.465989e-004
2.464580e+003, -3.719688e-004
2.466509e+003, -7.617709e-005
2.468437e+003, -2.007851e-005
2.470366e+003, -1.070388e-004
2.472294e+003, -7.618012e-004
2.474223e+003, -1.261123e-003
2.476151e+003, -8.950241e-004
2.478080e+003, -4.259722e-004
2.480008e+003, -2.348442e-004
2.481937e+003, -3.143911e-004
2.483865e+003, -6.331805e-004
2.485793e+003, -6.528788e-004
2.487722e+003, -1.376870e-004
2.489650e+003, 1.122145e-004
2.491579e+003, -2.790933e-005
2.493507e+003, -2.486825e-004
2.495436e+003, -3.708240e-004
2.497364e+003, -2.903149e-004
2.499293e+003, -3.503378e-004
2.501221e+003, -2.285069e-004
2.503150e+003, 1.251741e-004
2.505078e+003, -9.642132e-006
2.507007e+003, -5.213165e-004
2.508935e+003, -6.839243e-004
2.510864e+003, -4.763498e-004
2.512792e+003, -4.517762e-004
2.514720e+003, -3.941717e-004
2.516649e+003, -1.759218e-004
2.518577e+003, -7.348733e-004
2.520506e+003, -1.095016e-003
2.522434e+003, -6.776657e-004
2.524363e+003, -1.649318e-004
2.526291e+003, -3.402389e-004
2.528220e+003, -8.428630e-004
2.530148e+003, -7.179570e-004
2.532077e+003, -5.177073e-004
2.534005e+003, -7.049164e-004
2.535934e+003, -8.743317e-004
2.537862e+003, -8.397294e-004
2.539791e+003, -4.616763e-004
2.541719e+003, -6.250954e-004
2.543647e+003, -9.511905e-004
2.545576e+003, -9.628893e-004
2.547504e+003, -6.392439e-004
2.549433e+003, -4.898096e-004
2.551361e+003, -9.349115e-004
2.553290e+003, -1.121422e-003
2.555218e+003, -1.084485e-003
2.557147e+003, -9.587791e-004
2.559075e+003, -5.463628e-004
2.561004e+003, -4.490874e-004
2.562932e+003, -8.782071e-004
2.564861e+003, -1.288364e-003
2.566789e+003, -1.250618e-003
2.568718e+003, -9.266888e-004
2.570646e+003, -6.599831e-004
2.572574e+003, -5.551177e-004
2.574503e+003, -7.251296e-004
2.576431e+003, -7.363588e-004
2.578360e+003, -6.612880e-004
2.580288e+003, -7.223017e-004
2.582217e+003, -9.451488e-004
2.584145e+003, -1.017484e-003
2.586074e+003, -6.750956e-004
2.588002e+003, -8.709958e-004
2.589931e+003, -8.654931e-004
2.591859e+003, -6.284368e-004
2.593788e+003, -7.993304e-004
2.595716e+003, -9.586745e-004
2.597645e+003, -8.794339e-004
2.599573e+003, -1.110312e-003
2.601501e+003, -1.172127e-003
2.603430e+003, -1.266769e-003
2.605358e+003, -1.326707e-003
2.607287e+003, -1.341177e-003
2.609215e+003, -1.369995e-003
2.611144e+003, -9.805529e-004
2.613072e+003, -7.891539e-004
2.615001e+003, -9.169472e-004
2.616929e+003, -7.992047e-004
2.618858e+003, -8.217530e-004
2.620786e+003, -8.884169e-004
2.622715e+003, -9.648072e-004
2.624643e+003, -1.199253e-003
2.626572e+003, -1.246753e-003
2.628500e+003, -1.298147e-003
2.630428e+003, -1.266740e-003
2.632357e+003, -1.339999e-003
2.634285e+003, -1.199678e-003
2.636214e+003, -1.054416e-003
2.638142e+003, -1.138519e-003
2.640071e+003, -1.253583e-003
2.641999e+003, -1.279529e-003
2.643928e+003, -1.072558e-003
2.645856e+003, -7.767658e-004
2.647785e+003, -1.107826e-003
2.649713e+003, -1.294760e-003
2.651642e+003, -1.214372e-003
2.653570e+003, -1.288612e-003
2.655499e+003, -1.265230e-003
2.657427e+003, -1.105644e-003
2.659355e+003, -7.703215e-004
2.661284e+003, -7.170641e-004
2.663212e+003, -7.857669e-004
2.665141e+003, -8.453967e-004
2.667069e+003, -7.800639e-004
2.668998e+003, -8.391558e-004
2.670926e+003, -8.735644e-004
2.672855e+003, -6.026834e-004
2.674783e+003, -5.063230e-004
2.676712e+003, -6.123757e-004
2.678640e+003, -5.463110e-004
2.680569e+003, -5.597754e-004
2.682497e+003, -5.587824e-004
2.684426e+003, -3.893012e-004
2.686354e+003, -5.803570e-004
2.688282e+003, -7.927513e-004
2.690211e+003, -6.049306e-004
2.692139e+003, -5.475275e-004
2.694068e+003, -7.285126e-004
2.695996e+003, -7.236141e-004
2.697925e+003, -6.829678e-004
2.699853e+003, -7.657254e-004
2.701782e+003, -6.303090e-004
2.703710e+003, -5.209147e-004
2.705639e+003, -5.949670e-004
2.707567e+003, -5.025144e-004
2.709496e+003, -3.822852e-004
2.711424e+003, -4.736419e-004
2.713353e+003, -5.553265e-004
2.715281e+003, -6.490800e-004
2.717209e+003, -6.481222e-004
2.719138e+003, -6.861558e-004
2.721066e+003, -8.410054e-004
2.722995e+003, -6.573286e-004
2.724923e+003, -4.595492e-004
2.726852e+003, -3.228835e-004
2.728780e+003, -2.773946e-004
2.730709e+003, -1.875129e-004
2.732637e+003, -2.532108e-004
2.734566e+003, -3.660040e-004
2.736494e+003, -5.248095e-004
2.738423e+003, -5.700018e-004
2.740351e+003, -5.949273e-004
2.742280e+003, -4.803879e-004
2.744208e+003, -3.213168e-004
2.746136e+003, -3.938825e-004
2.748065e+003, -2.176728e-004
2.749993e+003, -1.802255e-004
2.751922e+003, -2.259553e-004
2.753850e+003, -8.162532e-005
2.755779e+003, -1.889788e-004
2.757707e+003, -5.187983e-004
2.759636e+003, -4.545667e-004
2.761564e+003, -2.229251e-004
2.763493e+003, -3.457730e-004
2.765421e+003, -4.793036e-004
2.767350e+003, -5.145832e-004
2.769278e+003, -3.756362e-004
2.771207e+003, -1.200686e-004
2.773135e+003, -1.676753e-004
2.775063e+003, -3.597034e-005
2.776992e+003, 2.300991e-004
2.778920e+003, 1.398064e-004
2.780849e+003, -9.941179e-005
2.782777e+003, -2.758588e-004
2.784706e+003, -5.216792e-005
2.786634e+003, 1.954181e-004
2.788563e+003, 1.102416e-004
2.790491e+003, 3.671993e-004
2.792420e+003, 4.404577e-004
2.794348e+003, 2.543065e-004
2.796277e+003, 1.473398e-004
2.798205e+003, 2.036099e-004
2.800134e+003, 3.785666e-004
2.802062e+003, 1.975358e-004
2.803990e+003, 1.952983e-005
2.805919e+003, 3.909086e-004
2.807847e+003, 3.500191e-004
2.809776e+003, -6.968089e-005
2.811704e+003, -4.590503e-005
2.813633e+003, 2.825273e-007
2.815561e+003, 6.827273e-005
2.817490e+003, 1.869642e-004
2.819418e+003, 2.996626e-004
2.821347e+003, 4.436610e-004
2.823275e+003, 4.205497e-004
2.825204e+003, 2.498399e-004
2.827132e+003, 2.879318e-004
2.829061e+003, 4.591364e-004
2.830989e+003, 4.156044e-004
2.832917e+003, 4.302338e-004
2.834846e+003, 5.551955e-004
2.836774e+003, 4.516490e-004
2.838703e+003, 3.195572e-004
2.840631e+003, 4.380956e-004
2.842560e+003, 5.248726e-004
2.844488e+003, 4.184746e-004
2.846417e+003, 3.501522e-004
2.848345e+003, 5.849781e-004
2.850274e+003, 5.127923e-004
2.852202e+003, 3.734875e-004
2.854131e+003, 4.302855e-004
2.856059e+003, 6.843777e-004
2.857988e+003, 7.949173e-004
2.859916e+003, 8.144929e-004
2.861844e+003, 9.068704e-004
2.863773e+003, 7.146203e-004
2.865701e+003, 5.895811e-004
2.867630e+003, 5.546010e-004
2.869558e+003, 4.759110e-004
2.871487e+003, 8.331793e-004
2.873415e+003, 9.894960e-004
2.875344e+003, 8.301554e-004
2.877272e+003, 7.004813e-004
2.879201e+003, 6.587376e-004
2.881129e+003, 4.776030e-004
2.883058e+003, 4.720738e-004
2.884986e+003, 5.482950e-004
2.886915e+003, 4.949577e-004
2.888843e+003, 4.901893e-004
2.890771e+003, 6.715124e-004
2.892700e+003, 6.124818e-004
2.894628e+003, 3.576572e-004
2.896557e+003, 2.082198e-004
2.898485e+003, 3.491563e-004
2.900414e+003, 6.046146e-004
2.902342e+003, 4.453882e-004
2.904271e+003, 5.063119e-004
2.906199e+003, 7.148139e-004
2.908128e+003, 6.987827e-004
2.910056e+003, 6.891934e-004
2.911985e+003, 6.806483e-004
2.913913e+003, 6.158761e-004
2.915842e+003, 1.049948e-003
2.917770e+003, 1.359512e-003
2.919698e+003, 1.040842e-003
2.921627e+003, 8.258656e-004
2.923555e+003, 6.857522e-004
2.925484e+003, 8.614435e-004
2.927412e+003, 1.087292e-003
2.929341e+003, 1.263534e-003
2.931269e+003, 1.377710e-003
2.933198e+003, 1.633525e-003
2.935126e+003, 1.757962e-003
2.937055e+003, 1.497760e-003
2.938983e+003, 1.181231e-003
2.940912e+003, 9.366169e-004
2.942840e+003, 7.960192e-004
2.944769e+003, 1.003029e-003
2.946697e+003, 1.038057e-003
2.948625e+003, 1.056611e-003
2.950554e+003, 1.099841e-003
2.952482e+003, 1.337996e-003
2.954411e+003, 1.160419e-003
2.956339e+003, 9.042077e-004
2.958268e+003, 1.169936e-003
2.960196e+003, 1.260799e-003
2.962125e+003, 1.366136e-003
2.964053e+003, 1.207153e-003
2.965982e+003, 1.226810e-003
2.967910e+003, 1.536700e-003
2.969839e+003, 9.772243e-004
2.971767e+003, 5.967430e-004
2.973696e+003, 1.047081e-003
2.975624e+003, 8.460690e-004
2.977552e+003, 7.318842e-004
2.979481e+003, 7.726410e-004
2.981409e+003, 7.605691e-004
2.983338e+003, 7.739947e-004
2.985266e+003, 8.538540e-004
2.987195e+003, 7.130571e-004
2.989123e+003, 6.737621e-004
2.991052e+003, 7.740319e-004
2.992980e+003, 6.312355e-004
2.994909e+003, 5.848632e-004
2.996837e+003, 7.088024e-004
2.998766e+003, 8.775589e-004
3.000694e+003, 1.042071e-003
3.002623e+003, 7.385794e-004
3.004551e+003, 6.604465e-004
3.006479e+003, 4.230655e-004
3.008408e+003, 2.443432e-004
3.010336e+003, 5.972876e-004
3.012265e+003, 7.206762e-004
3.014193e+003, 1.172459e-003
3.016122e+003, 1.878559e-003
3.018050e+003, 1.650231e-003
3.019979e+003, 6.845985e-004
3.021907e+003, 5.713142e-004
3.023836e+003, 5.852922e-004
3.025764e+003, 6.520467e-004
3.027693e+003, 6.909812e-004
3.029621e+003, 3.869184e-004
3.031550e+003, 5.250018e-004
3.033478e+003, 1.067797e-003
3.035406e+003, 1.398146e-003
3.037335e+003, 1.335645e-003
3.039263e+003, 8.502854e-004
3.041192e+003, 6.942211e-004
3.043120e+003, 6.121278e-004
3.045049e+003, 6.646800e-004
3.046977e+003, 9.182335e-004
3.048906e+003, 7.482658e-004
3.050834e+003, 6.201703e-004
3.052763e+003, 8.260901e-004
3.054691e+003, 1.066129e-003
3.056620e+003, 7.857464e-004
3.058548e+003, 5.999588e-004
3.060477e+003, 8.764961e-004
3.062405e+003, 1.325792e-003
3.064333e+003, 1.316745e-003
3.066262e+003, 1.357727e-003
3.068190e+003, 9.003973e-004
3.070119e+003, 2.642795e-004
3.072047e+003, 4.858743e-004
3.073976e+003, 8.513819e-004
3.075904e+003, 9.761165e-004
3.077833e+003, 1.040900e-003
3.079761e+003, 1.201264e-003
3.081690e+003, 7.918276e-004
3.083618e+003, 5.791680e-004
3.085547e+003, 1.010993e-003
3.087475e+003, 1.241769e-003
3.089404e+003, 1.341090e-003
3.091332e+003, 1.839275e-003
3.093260e+003, 1.855799e-003
3.095189e+003, 1.959223e-003
3.097117e+003, 1.830327e-003
3.099046e+003, 1.654703e-003
3.100974e+003, 1.537622e-003
3.102903e+003, 1.281260e-003
3.104831e+003, 1.085581e-003
3.106760e+003, 1.271689e-003
3.108688e+003, 1.537653e-003
3.110617e+003, 1.249809e-003
3.112545e+003, 1.075192e-003
3.114474e+003, 1.093604e-003
3.116402e+003, 1.472334e-003
3.118331e+003, 1.744154e-003
3.120259e+003, 1.551958e-003
3.122188e+003, 1.395480e-003
3.124116e+003, 1.348453e-003
3.126044e+003, 1.483432e-003
3.127973e+003, 1.378607e-003
3.129901e+003, 1.419402e-003
3.131830e+003, 1.588239e-003
3.133758e+003, 1.653237e-003
3.135687e+003, 1.505175e-003
3.137615e+003, 1.400346e-003
3.139544e+003, 1.872253e-003
3.141472e+003, 2.163805e-003
3.143401e+003, 1.834364e-003
3.145329e+003, 1.778181e-003
3.147258e+003, 1.873853e-003
3.149186e+003, 1.289771e-003
3.151115e+003, 9.308787e-004
3.153043e+003, 1.210585e-003
3.154971e+003, 1.855864e-003
3.156900e+003, 2.178257e-003
3.158828e+003, 1.790705e-003
3.160757e+003, 2.000577e-003
3.162685e+003, 2.079126e-003
3.164614e+003, 1.689674e-003
3.166542e+003, 1.937252e-003
3.168471e+003, 2.176456e-003
3.170399e+003, 2.136305e-003
3.172328e+003, 1.917371e-003
3.174256e+003, 1.541831e-003
3.176185e+003, 1.394206e-003
3.178113e+003, 1.917541e-003
3.180042e+003, 2.091207e-003
3.181970e+003, 2.062471e-003
3.183898e+003, 2.268890e-003
3.185827e+003, 2.049814e-003
3.187755e+003, 2.139678e-003
3.189684e+003, 2.583370e-003
3.191612e+003, 2.386595e-003
3.193541e+003, 2.168621e-003
3.195469e+003, 2.358899e-003
3.197398e+003, 2.387044e-003
3.199326e+003, 2.065586e-003
3.201255e+003, 2.066066e-003
3.203183e+003, 1.966108e-003
3.205112e+003, 2.245932e-003
3.207040e+003, 2.470895e-003
3.208969e+003, 2.407924e-003
3.210897e+003, 2.357768e-003
3.212825e+003, 2.254031e-003
3.214754e+003, 2.055872e-003
3.216682e+003, 2.382244e-003
3.218611e+003, 2.378101e-003
3.220539e+003, 1.860332e-003
3.222468e+003, 1.527468e-003
3.224396e+003, 1.740571e-003
3.226325e+003, 1.860727e-003
3.228253e+003, 2.278201e-003
3.230182e+003, 2.115643e-003
3.232110e+003, 2.033662e-003
3.234039e+003, 2.008992e-003
3.235967e+003, 1.793511e-003
3.237896e+003, 1.586285e-003
3.239824e+003, 1.813774e-003
3.241752e+003, 2.147738e-003
3.243681e+003, 1.910710e-003
3.245609e+003, 2.045795e-003
3.247538e+003, 2.630087e-003
3.249466e+003, 2.562275e-003
3.251395e+003, 2.162560e-003
3.253323e+003, 2.255054e-003
3.255252e+003, 2.297530e-003
3.257180e+003, 2.092205e-003
3.259109e+003, 1.962468e-003
3.261037e+003, 2.077006e-003
3.262966e+003, 2.315896e-003
3.264894e+003, 2.466239e-003
3.266823e+003, 2.448487e-003
3.268751e+003, 2.382651e-003
3.270679e+003, 2.036933e-003
3.272608e+003, 1.616089e-003
3.274536e+003, 1.116478e-003
3.276465e+003, 1.283032e-003
3.278393e+003, 1.318231e-003
3.280322e+003, 1.006688e-003
3.282250e+003, 1.392133e-003
3.284179e+003, 1.545762e-003
3.286107e+003, 1.715934e-003
3.288036e+003, 1.793388e-003
3.289964e+003, 1.935773e-003
3.291893e+003, 1.742596e-003
3.293821e+003, 1.440523e-003
3.295750e+003, 1.509010e-003
3.297678e+003, 1.705788e-003
3.299606e+003, 1.798384e-003
3.301535e+003, 1.749145e-003
3.303463e+003, 1.459438e-003
3.305392e+003, 1.332334e-003
3.307320e+003, 1.747547e-003
3.309249e+003, 1.959560e-003
3.311177e+003, 1.789641e-003
3.313106e+003, 1.810666e-003
3.315034e+003, 1.804224e-003
3.316963e+003, 1.680366e-003
3.318891e+003, 1.817076e-003
3.320820e+003, 1.973467e-003
3.322748e+003, 2.132142e-003
3.324677e+003, 2.247440e-003
3.326605e+003, 1.893958e-003
3.328533e+003, 1.940427e-003
3.330462e+003, 1.865845e-003
3.332390e+003, 1.562572e-003
3.334319e+003, 1.358537e-003
3.336247e+003, 1.309511e-003
3.338176e+003, 1.595570e-003
3.340104e+003, 1.695854e-003
3.342033e+003, 1.501821e-003
3.343961e+003, 1.701772e-003
3.345890e+003, 2.383610e-003
3.347818e+003, 2.443633e-003
3.349747e+003, 1.752667e-003
3.351675e+003, 1.706405e-003
3.353604e+003, 1.796367e-003
3.355532e+003, 1.596133e-003
3.357460e+003, 1.521306e-003
3.359389e+003, 1.160629e-003
3.361317e+003, 9.774897e-004
3.363246e+003, 1.230625e-003
3.365174e+003, 1.691492e-003
3.367103e+003, 1.656922e-003
3.369031e+003, 1.419500e-003
3.370960e+003, 1.716939e-003
3.372888e+003, 2.085385e-003
3.374817e+003, 2.374152e-003
3.376745e+003, 2.058489e-003
3.378674e+003, 1.784119e-003
3.380602e+003, 1.890764e-003
3.382531e+003, 1.970719e-003
3.384459e+003, 1.899171e-003
3.386387e+003, 1.854736e-003
3.388316e+003, 2.256682e-003
3.390244e+003, 1.903826e-003
3.392173e+003, 1.770750e-003
3.394101e+003, 2.078476e-003
3.396030e+003, 2.204159e-003
3.397958e+003, 1.860290e-003
3.399887e+003, 1.283040e-003
3.401815e+003, 1.040885e-003
3.403744e+003, 1.250934e-003
3.405672e+003, 1.757111e-003
3.407601e+003, 1.724400e-003
3.409529e+003, 1.319378e-003
3.411458e+003, 1.350202e-003
3.413386e+003, 1.857721e-003
3.415314e+003, 2.068495e-003
3.417243e+003, 1.979958e-003
3.419171e+003, 1.760772e-003
3.421100e+003, 1.482708e-003
3.423028e+003, 1.538477e-003
3.424957e+003, 1.596465e-003
3.426885e+003, 1.743645e-003
3.428814e+003, 1.266853e-003
3.430742e+003, 6.443292e-004
3.432671e+003, 5.893760e-004
3.434599e+003, 7.300653e-004
3.436528e+003, 1.689753e-003
3.438456e+003, 1.896227e-003
3.440385e+003, 1.676891e-003
3.442313e+003, 1.520704e-003
3.444241e+003, 7.091900e-004
3.446170e+003, 1.721788e-004
3.448098e+003, 1.029462e-003
3.450027e+003, 1.873664e-003
3.451955e+003, 1.700173e-003
3.453884e+003, 1.370265e-003
3.455812e+003, 1.782745e-003
3.457741e+003, 1.932498e-003
3.459669e+003, 1.678886e-003
3.461598e+003, 1.643402e-003
3.463526e+003, 1.275566e-003
3.465455e+003, 1.140769e-003
3.467383e+003, 1.027338e-003
3.469312e+003, 7.077992e-004
3.471240e+003, 9.231415e-004
3.473168e+003, 1.302528e-003
3.475097e+003, 1.276610e-003
3.477025e+003, 9.688949e-004
3.478954e+003, 7.237472e-004
3.480882e+003, 7.594423e-004
3.482811e+003, 9.390420e-004
3.484739e+003, 8.196261e-004
3.486668e+003, 3.204549e-004
3.488596e+003, 5.886305e-004
3.490525e+003, 1.041739e-003
3.492453e+003, 1.220285e-003
3.494382e+003, 8.891128e-004
3.496310e+003, 6.960239e-004
3.498239e+003, 1.160083e-003
3.500167e+003, 8.336779e-004
3.502095e+003, 2.457133e-004
3.504024e+003, 5.979502e-004
3.505952e+003, 6.399793e-004
3.507881e+003, 6.412458e-004
3.509809e+003, 1.009617e-003
3.511738e+003, 8.904621e-004
3.513666e+003, 1.170884e-003
3.515595e+003, 1.353023e-003
3.517523e+003, 1.036489e-003
3.519452e+003, 3.197838e-004
3.521380e+003, -2.859849e-005
3.523309e+003, 3.560668e-004
3.525237e+003, 1.915223e-004
3.527166e+003, 3.965208e-004
3.529094e+003, 1.012181e-003
3.531022e+003, 7.471014e-004
3.532951e+003, 3.865770e-004
3.534879e+003, 5.974286e-004
3.536808e+003, 2.130225e-004
3.538736e+003, -3.786145e-004
3.540665e+003, -1.123380e-004
3.542593e+003, 2.018148e-004
3.544522e+003, 1.415364e-004
3.546450e+003, 1.734410e-004
3.548379e+003, 4.124740e-005
3.550307e+003, 1.735984e-004
3.552236e+003, 6.172807e-004
3.554164e+003, 2.537279e-004
3.556093e+003, -6.088950e-005
3.558021e+003, -1.287210e-004
3.559949e+003, -4.564268e-004
3.561878e+003, -2.174001e-004
3.563806e+003, 4.614893e-004
3.565735e+003, 3.137673e-004
3.567663e+003, -3.753484e-004
3.569592e+003, -1.001318e-003
3.571520e+003, -6.943640e-004
3.573449e+003, -4.382711e-004
3.575377e+003, -6.339242e-004
3.577306e+003, -5.187624e-004
3.579234e+003, -7.496279e-004
3.581163e+003, -1.431138e-003
3.583091e+003, -1.547453e-003
3.585020e+003, -7.576580e-004
3.586948e+003, -8.590549e-004
3.588876e+003, -1.455676e-003
3.590805e+003, -1.847973e-003
3.592733e+003, -1.506631e-003
3.594662e+003, -7.874051e-004
3.596590e+003, -2.097019e-004
3.598519e+003, -1.923003e-004
3.600447e+003, -1.352247e-003
3.602376e+003, -1.305164e-003
3.604304e+003, -1.532583e-003
3.606233e+003, -2.273822e-003
3.608161e+003, -1.732985e-003
3.610090e+003, -2.181091e-003
3.612018e+003, -2.607323e-003
3.613947e+003, -2.575620e-003
3.615875e+003, -2.614568e-003
3.617803e+003, -1.549581e-003
3.619732e+003, -1.439227e-003
3.621660e+003, -2.258766e-003
3.623589e+003, -2.405401e-003
3.625517e+003, -2.529634e-003
3.627446e+003, -2.079981e-003
3.629374e+003, -2.352857e-003
3.631303e+003, -2.841697e-003
3.633231e+003, -2.910633e-003
3.635160e+003, -3.269946e-003
3.637088e+003, -3.189315e-003
3.639017e+003, -3.182357e-003
3.640945e+003, -3.661962e-003
3.642874e+003, -3.447502e-003
3.644802e+003, -3.200849e-003
3.646730e+003, -2.958714e-003
3.648659e+003, -2.571815e-003
3.650587e+003, -3.474298e-003
3.652516e+003, -3.654618e-003
3.654444e+003, -3.822305e-003
3.656373e+003, -4.530596e-003
3.658301e+003, -4.894480e-003
3.660230e+003, -4.610628e-003
3.662158e+003, -4.169708e-003
3.664087e+003, -3.733886e-003
3.666015e+003, -3.833780e-003
3.667944e+003, -4.661372e-003
3.669872e+003, -4.575572e-003
3.671801e+003, -4.372601e-003
3.673729e+003, -4.223405e-003
3.675657e+003, -3.570316e-003
3.677586e+003, -4.400073e-003
3.679514e+003, -4.727833e-003
3.681443e+003, -4.260688e-003
3.683371e+003, -4.102135e-003
3.685300e+003, -4.780124e-003
3.687228e+003, -4.332132e-003
3.689157e+003, -3.512441e-003
3.691085e+003, -4.153978e-003
3.693014e+003, -5.022462e-003
3.694942e+003, -5.550665e-003
3.696871e+003, -4.950812e-003
3.698799e+003, -4.628016e-003
3.700728e+003, -5.248016e-003
3.702656e+003, -5.168960e-003
3.704584e+003, -4.988005e-003
3.706513e+003, -5.133491e-003
3.708441e+003, -4.521682e-003
3.710370e+003, -4.068302e-003
3.712298e+003, -4.560763e-003
3.714227e+003, -5.118354e-003
3.716155e+003, -4.803593e-003
3.718084e+003, -4.051514e-003
3.720012e+003, -4.443210e-003
3.721941e+003, -5.171463e-003
3.723869e+003, -4.531024e-003
3.725798e+003, -4.221905e-003
3.727726e+003, -4.285207e-003
3.729655e+003, -4.425725e-003
3.731583e+003, -4.057580e-003
3.733511e+003, -3.732293e-003
3.735440e+003, -3.991681e-003
3.737368e+003, -4.601303e-003
3.739297e+003, -5.347914e-003
3.741225e+003, -4.556187e-003
3.743154e+003, -4.444541e-003
3.745082e+003, -4.777616e-003
3.747011e+003, -4.421955e-003
3.748939e+003, -3.335247e-003
3.750868e+003, -3.861421e-003
3.752796e+003, -4.748918e-003
3.754725e+003, -5.310002e-003
3.756653e+003, -5.441793e-003
3.758582e+003, -5.616396e-003
3.760510e+003, -5.704869e-003
3.762438e+003, -5.512031e-003
3.764367e+003, -4.811777e-003
3.766295e+003, -4.793749e-003
3.768224e+003, -5.073952e-003
3.770152e+003, -5.192896e-003
3.772081e+003, -5.031371e-003
3.774009e+003, -4.328853e-003
3.775938e+003, -3.975057e-003
3.777866e+003, -4.512984e-003
3.779795e+003, -4.964636e-003
3.781723e+003, -5.363540e-003
3.783652e+003, -5.394178e-003
3.785580e+003, -5.493592e-003
3.787509e+003, -6.138944e-003
3.789437e+003, -6.471933e-003
3.791365e+003, -6.294311e-003
3.793294e+003, -5.587596e-003
3.795222e+003, -5.068784e-003
3.797151e+003, -5.298656e-003
3.799079e+003, -5.148041e-003
3.801008e+003, -4.437788e-003
3.802936e+003, -4.572519e-003
3.804865e+003, -4.950356e-003
3.806793e+003, -4.483761e-003
3.808722e+003, -4.801176e-003
3.810650e+003, -5.477299e-003
3.812579e+003, -6.228206e-003
3.814507e+003, -6.829380e-003
3.816436e+003, -6.510189e-003
3.818364e+003, -5.836756e-003
3.820292e+003, -5.388612e-003
3.822221e+003, -5.217780e-003
3.824149e+003, -5.336775e-003
3.826078e+003, -4.933051e-003
3.828006e+003, -4.822891e-003
3.829935e+003, -4.596940e-003
3.831863e+003, -5.031362e-003
3.833792e+003, -5.222618e-003
3.835720e+003, -4.917377e-003
3.837649e+003, -4.549892e-003
3.839577e+003, -4.857055e-003
3.841506e+003, -5.631621e-003
3.843434e+003, -6.140807e-003
3.845363e+003, -5.945241e-003
3.847291e+003, -5.958792e-003
3.849219e+003, -5.699735e-003
3.851148e+003, -4.473962e-003
3.853076e+003, -2.780651e-003
3.855005e+003, -3.088603e-003
3.856933e+003, -4.341709e-003
3.858862e+003, -5.509373e-003
3.860790e+003, -5.561623e-003
3.862719e+003, -5.128614e-003
3.864647e+003, -5.025243e-003
3.866576e+003, -5.686363e-003
3.868504e+003, -5.291765e-003
3.870433e+003, -4.897695e-003
3.872361e+003, -6.067794e-003
3.874290e+003, -5.989234e-003
3.876218e+003, -5.605957e-003
3.878146e+003, -5.275629e-003
3.880075e+003, -4.645687e-003
3.882003e+003, -5.193864e-003
3.883932e+003, -4.860817e-003
3.885860e+003, -4.481527e-003
3.887789e+003, -5.166490e-003
3.889717e+003, -5.711982e-003
3.891646e+003, -5.794132e-003
3.893574e+003, -6.444245e-003
3.895503e+003, -6.195296e-003
3.897431e+003, -5.181879e-003
3.899360e+003, -5.612056e-003
3.901288e+003, -6.026185e-003
3.903217e+003, -5.685970e-003
3.905145e+003, -6.195287e-003
3.907073e+003, -6.427174e-003
3.909002e+003, -5.382701e-003
3.910930e+003, -5.201166e-003
3.912859e+003, -5.823024e-003
3.914787e+003, -6.015673e-003
3.916716e+003, -5.793241e-003
3.918644e+003, -5.683664e-003
3.920573e+003, -6.094399e-003
3.922501e+003, -6.062717e-003
3.924430e+003, -5.647543e-003
3.926358e+003, -6.150782e-003
3.928287e+003, -6.172371e-003
3.930215e+003, -5.571310e-003
3.932144e+003, -5.383420e-003
3.934072e+003, -5.493020e-003
3.936000e+003, -5.640679e-003
3.937929e+003, -6.137713e-003
3.939857e+003, -6.756283e-003
3.941786e+003, -6.908300e-003
3.943714e+003, -6.377110e-003
3.945643e+003, -5.886536e-003
3.947571e+003, -6.212673e-003
3.949500e+003, -6.510128e-003
3.951428e+003, -6.547365e-003
3.953357e+003, -6.542102e-003
3.955285e+003, -6.203743e-003
3.957214e+003, -5.698894e-003
3.959142e+003, -5.539816e-003
3.961071e+003, -6.113881e-003
3.962999e+003, -7.021305e-003
3.964927e+003, -6.654555e-003
3.966856e+003, -5.945924e-003
3.968784e+003, -6.534263e-003
3.970713e+003, -6.907165e-003
3.972641e+003, -6.469055e-003
3.974570e+003, -6.529416e-003
3.976498e+003, -6.601254e-003
3.978427e+003, -6.565078e-003
3.980355e+003, -5.982860e-003
3.982284e+003, -5.908588e-003
3.984212e+003, -5.967249e-003
3.986141e+003, -6.462880e-003
3.988069e+003, -5.983858e-003
3.989998e+003, -5.900738e-003
3.991926e+003, -6.850869e-003
3.993854e+003, -6.663458e-003
3.995783e+003, -5.905523e-003
3.997711e+003, -5.648445e-003
##END=



