##NAMES=Frondelite
##RRUFFID=R050622
##IDEAL CHEMISTRY=(Mn^2+^_0.5_Fe^3+^_0.5_)_2_Fe^3+^_3_(PO_4_)_3_(OH)_5_
##LOCALITY=Hagendorf, Bavaria, Germany
##OWNER=RRUFF
##SOURCE=University of Arizona Mineral Museum
##DESCRIPTION=Black bladed crystals in divergent radial aggregates
##STATUS=The identification of this mineral is confirmed by single-crystal X-ray diffraction and chemical analysis.
##URL=rruff.info/R050622
##MEASURED CHEMISTRY=(Mn^2+^_0.63_Fe^2+^_0.37_)_Σ=1_Fe^3+^_4.00_(P_1.00_O_4_)_3_(OH)_5_
399.1926, 0.2390132
401.1211, 0.2243795
403.0496, 0.2254583
404.9780, 0.2281060
406.9065, 0.2334081
408.8350, 0.2390381
410.7634, 0.2401031
412.6919, 0.2445203
414.6204, 0.2443511
416.5488, 0.2398763
418.4773, 0.2398761
420.4058, 0.2390902
422.3342, 0.2345133
424.2627, 0.2296570
426.1912, 0.2274748
428.1196, 0.2263416
430.0481, 0.2230862
431.9766, 0.2159806
433.9050, 0.2114433
435.8335, 0.2057069
437.7620, 0.1992790
439.6904, 0.1937373
441.6189, 0.1886188
443.5474, 0.1835412
445.4758, 0.1799397
447.4043, 0.1759816
449.3328, 0.1719362
451.2612, 0.1691295
453.1897, 0.1689596
455.1182, 0.1677092
457.0466, 0.1644718
458.9751, 0.1618600
460.9036, 0.1597312
462.8320, 0.1584506
464.7605, 0.1570828
466.6890, 0.1551301
468.6174, 0.1534835
470.5459, 0.1518471
472.4744, 0.1493984
474.4028, 0.1461090
476.3313, 0.1432227
478.2598, 0.1415880
480.1882, 0.1402970
482.1167, 0.1397391
484.0452, 0.1379519
485.9736, 0.1360290
487.9021, 0.1345937
489.8306, 0.1339291
491.7590, 0.1334133
493.6875, 0.1319533
495.6160, 0.1294591
497.5444, 0.1271565
499.4729, 0.1256254
501.4014, 0.1241009
503.3298, 0.1217820
505.2583, 0.1197321
507.1868, 0.1181685
509.1152, 0.1163393
511.0437, 0.1146218
512.9722, 0.1129467
514.9006, 0.1121335
516.8291, 0.1118841
518.7576, 0.1110466
520.6860, 0.1111580
522.6145, 0.1115900
524.5430, 0.1120897
526.4714, 0.1136580
528.3999, 0.1153899
530.3284, 0.1177649
532.2568, 0.1204025
534.1853, 0.1232150
536.1138, 0.1277432
538.0422, 0.1330675
539.9707, 0.1394980
541.8992, 0.1471284
543.8276, 0.1554088
545.7561, 0.1635852
547.6846, 0.1694328
549.6130, 0.1705170
551.5415, 0.1692554
553.4700, 0.1677632
555.3984, 0.1671057
557.3269, 0.1681713
559.2554, 0.1718592
561.1838, 0.1764340
563.1123, 0.1800759
565.0408, 0.1816977
566.9692, 0.1805020
568.8977, 0.1791670
570.8262, 0.1797124
572.7546, 0.1809658
574.6831, 0.1803214
576.6116, 0.1780313
578.5400, 0.1754312
580.4685, 0.1741636
582.3970, 0.1752014
584.3254, 0.1788445
586.2539, 0.1852893
588.1824, 0.1932100
590.1108, 0.2005511
592.0393, 0.2062405
593.9678, 0.2099765
595.8962, 0.2113491
597.8247, 0.2089098
599.7532, 0.2039814
601.6816, 0.1969747
603.6101, 0.1891090
605.5386, 0.1811326
607.4670, 0.1733266
609.3955, 0.1648533
611.3240, 0.1550412
613.2524, 0.1453755
615.1809, 0.1353828
617.1094, 0.1242240
619.0378, 0.1137411
620.9663, 0.1049483
622.8948, 9.6363962E-02
624.8232, 8.9139692E-02
626.7517, 8.4138833E-02
628.6802, 8.0587350E-02
630.6086, 7.8830190E-02
632.5371, 7.9078972E-02
634.4656, 7.9371147E-02
636.3940, 7.8256868E-02
638.3225, 7.6574229E-02
640.2510, 7.3858961E-02
642.1794, 7.0129648E-02
644.1079, 6.6648453E-02
646.0364, 6.3289642E-02
647.9648, 6.0531601E-02
649.8933, 5.8375429E-02
651.8218, 5.6313500E-02
653.7502, 5.5146150E-02
655.6787, 5.4748788E-02
657.6072, 5.4686271E-02
659.5356, 5.4973058E-02
661.4641, 5.5335600E-02
663.3926, 5.5762429E-02
665.3210, 5.6845602E-02
667.2495, 5.7803579E-02
669.1780, 5.8485009E-02
671.1064, 5.9621099E-02
673.0349, 6.0970049E-02
674.9634, 6.2463600E-02
676.8918, 6.4226702E-02
678.8203, 6.6434868E-02
680.7488, 6.8502717E-02
682.6772, 7.0223540E-02
684.6057, 7.2345890E-02
686.5342, 7.4654743E-02
688.4626, 7.6923013E-02
690.3911, 7.9074621E-02
692.3196, 8.0968037E-02
694.2480, 8.2818493E-02
696.1765, 8.4471948E-02
698.1050, 8.6111009E-02
700.0334, 8.7900199E-02
701.9619, 8.9114182E-02
703.8904, 9.0313509E-02
705.8188, 9.1061972E-02
707.7473, 9.1604628E-02
709.6758, 9.2441224E-02
711.6042, 9.3383268E-02
713.5327, 9.3976162E-02
715.4612, 9.4460987E-02
717.3896, 9.4805561E-02
719.3181, 9.5386878E-02
721.2466, 9.5577329E-02
723.1750, 9.5501468E-02
725.1035, 9.5783450E-02
727.0320, 9.6208356E-02
728.9604, 9.6298993E-02
730.8889, 9.6523300E-02
732.8174, 9.6875697E-02
734.7458, 9.7803183E-02
736.6743, 9.8140657E-02
738.6028, 9.8166309E-02
740.5313, 9.8851644E-02
742.4597, 9.9470928E-02
744.3882, 9.9522747E-02
746.3167, 9.9701934E-02
748.2451, 9.9819362E-02
750.1736, 9.9965528E-02
752.1021, 0.1002585
754.0305, 0.1004295
755.9590, 0.1005908
757.8875, 0.1008579
759.8159, 0.1011671
761.7444, 0.1013734
763.6729, 0.1018732
765.6013, 0.1024910
767.5298, 0.1029429
769.4583, 0.1037299
771.3867, 0.1044211
773.3152, 0.1054094
775.2437, 0.1070537
777.1721, 0.1089403
779.1006, 0.1105851
781.0291, 0.1122020
782.9575, 0.1148191
784.8860, 0.1176037
786.8145, 0.1204049
788.7429, 0.1234473
790.6714, 0.1266461
792.5999, 0.1298812
794.5283, 0.1328580
796.4568, 0.1349623
798.3853, 0.1359062
800.3137, 0.1364382
802.2422, 0.1365075
804.1707, 0.1368782
806.0991, 0.1379676
808.0276, 0.1390421
809.9561, 0.1403686
811.8845, 0.1423751
813.8130, 0.1444933
815.7415, 0.1472139
817.6699, 0.1502581
819.5984, 0.1528526
821.5269, 0.1552380
823.4553, 0.1580150
825.3838, 0.1610767
827.3123, 0.1638974
829.2407, 0.1668924
831.1692, 0.1697456
833.0977, 0.1727121
835.0261, 0.1760182
836.9546, 0.1794369
838.8831, 0.1832233
840.8115, 0.1871798
842.7400, 0.1912544
844.6685, 0.1957309
846.5969, 0.2003825
848.5254, 0.2052733
850.4539, 0.2107168
852.3823, 0.2165557
854.3108, 0.2221774
856.2393, 0.2278983
858.1677, 0.2339553
860.0962, 0.2401350
862.0247, 0.2460268
863.9531, 0.2516074
865.8816, 0.2568702
867.8101, 0.2623208
869.7385, 0.2676535
871.6670, 0.2720206
873.5955, 0.2766518
875.5239, 0.2814352
877.4524, 0.2851395
879.3809, 0.2882132
881.3093, 0.2917258
883.2378, 0.2952752
885.1663, 0.2981170
887.0947, 0.3008208
889.0232, 0.3036754
890.9517, 0.3069875
892.8801, 0.3104821
894.8085, 0.3141413
896.7370, 0.3189549
898.6655, 0.3242717
900.5939, 0.3297476
902.5224, 0.3360697
904.4509, 0.3432755
906.3793, 0.3511114
908.3078, 0.3588101
910.2363, 0.3662805
912.1647, 0.3741476
914.0932, 0.3825671
916.0217, 0.3914459
917.9501, 0.3999564
919.8786, 0.4083193
921.8071, 0.4166889
923.7355, 0.4247780
925.6640, 0.4320125
927.5925, 0.4390742
929.5209, 0.4454171
931.4494, 0.4516722
933.3779, 0.4575258
935.3063, 0.4627739
937.2348, 0.4676552
939.1633, 0.4724546
941.0917, 0.4770728
943.0202, 0.4814610
944.9487, 0.4856570
946.8771, 0.4892089
948.8056, 0.4921634
950.7341, 0.4949614
952.6625, 0.4968967
954.5910, 0.4979121
956.5195, 0.4988962
958.4479, 0.4996684
960.3764, 0.4991598
962.3049, 0.4972294
964.2333, 0.4948832
966.1618, 0.4920097
968.0903, 0.4886812
970.0187, 0.4854899
971.9472, 0.4824018
973.8757, 0.4782000
975.8041, 0.4742032
977.7326, 0.4711590
979.6611, 0.4678093
981.5895, 0.4639424
983.5180, 0.4605790
985.4465, 0.4577722
987.3749, 0.4547113
989.3034, 0.4531637
991.2319, 0.4531793
993.1603, 0.4531142
995.0888, 0.4532647
997.0173, 0.4548763
998.9457, 0.4568445
1000.874, 0.4587156
1002.803, 0.4598564
1004.731, 0.4595866
1006.660, 0.4582675
1008.588, 0.4553551
1010.517, 0.4515717
1012.445, 0.4475558
1014.373, 0.4432976
1016.302, 0.4400996
1018.230, 0.4380721
1020.159, 0.4350934
1022.087, 0.4306166
1024.016, 0.4249291
1025.944, 0.4184127
1027.873, 0.4115862
1029.801, 0.4045564
1031.730, 0.3972578
1033.658, 0.3902130
1035.587, 0.3832130
1037.515, 0.3755644
1039.444, 0.3675147
1041.372, 0.3598439
1043.301, 0.3519263
1045.229, 0.3439788
1047.157, 0.3365358
1049.086, 0.3286949
1051.014, 0.3212358
1052.943, 0.3143184
1054.871, 0.3071005
1056.800, 0.3002133
1058.728, 0.2934076
1060.657, 0.2865560
1062.585, 0.2795313
1064.514, 0.2720240
1066.442, 0.2641680
1068.371, 0.2561068
1070.299, 0.2476080
1072.228, 0.2388975
1074.156, 0.2300896
1076.084, 0.2210623
1078.013, 0.2117762
1079.941, 0.2026542
1081.870, 0.1934462
1083.798, 0.1846674
1085.727, 0.1770662
1087.655, 0.1695909
1089.584, 0.1624309
1091.512, 0.1562460
1093.441, 0.1503112
1095.369, 0.1446182
1097.298, 0.1388443
1099.226, 0.1333548
1101.155, 0.1286222
1103.083, 0.1241458
1105.011, 0.1198293
1106.940, 0.1155048
1108.868, 0.1116861
1110.797, 0.1087148
1112.725, 0.1064026
1114.654, 0.1043108
1116.582, 0.1024745
1118.511, 0.1013857
1120.439, 0.1010838
1122.368, 0.1008234
1124.296, 0.1007458
1126.225, 0.1013664
1128.153, 0.1023576
1130.082, 0.1030996
1132.010, 0.1038989
1133.938, 0.1048876
1135.867, 0.1057177
1137.795, 0.1058125
1139.724, 0.1056413
1141.652, 0.1058818
1143.581, 0.1062545
1145.509, 0.1065895
1147.438, 0.1068470
1149.366, 0.1063556
1151.295, 0.1053589
1153.223, 0.1041783
1155.152, 0.1023128
1157.080, 0.1000585
1159.009, 9.7087421E-02
1160.937, 9.3342736E-02
1162.865, 8.8785790E-02
1164.794, 8.4042870E-02
1166.722, 7.8570373E-02
1168.651, 7.2734319E-02
1170.579, 6.7401864E-02
1172.508, 6.2493220E-02
1174.436, 5.7751961E-02
1176.365, 5.3737599E-02
1178.293, 5.0597791E-02
1180.222, 4.8055060E-02
1182.150, 4.5854069E-02
1184.079, 4.3649271E-02
1186.007, 4.1393269E-02
1187.936, 3.8695250E-02
1189.864, 3.5502471E-02
1191.792, 3.2251369E-02
1193.721, 2.9155109E-02
1195.649, 2.6256580E-02
1197.578, 2.4158930E-02
1199.506, 2.2496451E-02
1201.435, 2.1229921E-02
1203.363, 2.0379120E-02
1205.292, 1.9747321E-02
1207.220, 1.9269370E-02
1209.149, 1.8770350E-02
1211.077, 1.8329930E-02
1213.006, 1.7976001E-02
1214.934, 1.7962800E-02
1216.863, 1.7761471E-02
1218.791, 1.7614029E-02
1220.719, 1.7723121E-02
1222.648, 1.7751951E-02
1224.576, 1.7530670E-02
1226.505, 1.7474329E-02
1228.433, 1.7605700E-02
1230.362, 1.7563360E-02
1232.290, 1.7285440E-02
1234.219, 1.7135380E-02
1236.147, 1.7131070E-02
1238.076, 1.7167620E-02
1240.004, 1.7225459E-02
1241.933, 1.7365450E-02
1243.861, 1.7495850E-02
1245.790, 1.7470540E-02
1247.718, 1.7389949E-02
1249.646, 1.7675729E-02
1251.575, 1.7717659E-02
1253.503, 1.7613331E-02
1255.432, 1.7864751E-02
1257.360, 1.7965600E-02
1259.289, 1.8223289E-02
1261.217, 1.8467750E-02
1263.146, 1.8374231E-02
1265.074, 1.8553790E-02
1267.003, 1.8760400E-02
1268.931, 1.8955810E-02
1270.860, 1.8872360E-02
1272.788, 1.8887730E-02
1274.717, 1.9278429E-02
1276.645, 1.9563580E-02
1278.573, 1.9575881E-02
1280.502, 1.9706460E-02
1282.430, 1.9920060E-02
1284.359, 2.0004051E-02
1286.287, 1.9965401E-02
1288.216, 1.9943040E-02
1290.144, 2.0222440E-02
1292.073, 2.0432061E-02
1294.001, 2.0585740E-02
1295.930, 2.0739051E-02
1297.858, 2.0834390E-02
1299.787, 2.0920189E-02
1301.715, 2.0911571E-02
1303.644, 2.0994009E-02
1305.572, 2.0938780E-02
1307.500, 2.1039350E-02
1309.429, 2.1132160E-02
1311.357, 2.1122521E-02
1313.286, 2.1328460E-02
1315.214, 2.1536279E-02
1317.143, 2.1686429E-02
1319.071, 2.1592630E-02
1321.000, 2.1584069E-02
1322.928, 2.1722499E-02
1324.857, 2.1621790E-02
1326.785, 2.1822220E-02
1328.714, 2.2095550E-02
1330.642, 2.2073161E-02
1332.571, 2.1973871E-02
1334.499, 2.2137551E-02
1336.427, 2.2165259E-02
1338.356, 2.2059740E-02
1340.284, 2.2227621E-02
1342.213, 2.2366021E-02
1344.141, 2.2480020E-02
1346.070, 2.2607541E-02
1347.998, 2.2403620E-02
1349.927, 2.2263890E-02
1351.855, 2.2351200E-02
1353.784, 2.2543350E-02
1355.712, 2.2889441E-02
1357.641, 2.2938419E-02
1359.569, 2.2779290E-02
1361.498, 2.2738790E-02
1363.426, 2.2903360E-02
1365.354, 2.2822769E-02
1367.283, 2.3034360E-02
1369.211, 2.3069210E-02
1371.140, 2.3109259E-02
1373.068, 2.3148850E-02
1374.997, 2.3289690E-02
1376.925, 2.3518730E-02
1378.854, 2.3787521E-02
1380.782, 2.4013611E-02
1382.711, 2.3709530E-02
1384.639, 2.3501860E-02
1386.568, 2.3564169E-02
1388.496, 2.3871429E-02
1390.424, 2.4041150E-02
1392.353, 2.3809310E-02
1394.281, 2.3865070E-02
1396.210, 2.4460061E-02
1398.138, 2.4789680E-02
1400.067, 2.4800001E-02
1401.995, 2.4951611E-02
1403.924, 2.4839880E-02
1405.852, 2.4825050E-02
1407.781, 2.5056859E-02
1409.709, 2.5338691E-02
1411.638, 2.5379740E-02
1413.566, 2.5435150E-02
1415.495, 2.5405969E-02
1417.423, 2.5325220E-02
1419.351, 2.5376290E-02
1421.280, 2.5420049E-02
1423.208, 2.5521860E-02
1425.137, 2.5675550E-02
1427.065, 2.5683330E-02
1428.994, 2.5760280E-02
1430.922, 2.5870571E-02
1432.851, 2.5851291E-02
1434.779, 2.5714589E-02
1436.708, 2.5464710E-02
1438.636, 2.5518849E-02
1440.565, 2.5919519E-02
1442.493, 2.5960140E-02
1444.422, 2.5962381E-02
1446.350, 2.6039990E-02
1448.278, 2.5818471E-02
1450.207, 2.5728600E-02
1452.135, 2.5948441E-02
1454.064, 2.6000820E-02
1455.992, 2.5840741E-02
1457.921, 2.5638301E-02
1459.849, 2.5797140E-02
1461.778, 2.6161870E-02
1463.706, 2.6300659E-02
1465.635, 2.6229030E-02
1467.563, 2.6223309E-02
1469.492, 2.6500531E-02
1471.420, 2.6813410E-02
1473.349, 2.6885061E-02
1475.277, 2.7120071E-02
1477.205, 2.7280379E-02
1479.134, 2.7331440E-02
1481.062, 2.7303580E-02
1482.991, 2.7507260E-02
1484.919, 2.8113971E-02
1486.848, 2.8162880E-02
1488.776, 2.7896499E-02
1490.705, 2.7941139E-02
1492.633, 2.8119100E-02
1494.562, 2.8465539E-02
1496.490, 2.8449999E-02
1498.419, 2.8545540E-02
1500.347, 2.8887710E-02
1502.276, 2.8881550E-02
1504.204, 2.9105989E-02
1506.132, 2.9426809E-02
1508.061, 2.9675670E-02
1509.989, 2.9777810E-02
1511.918, 2.9901501E-02
1513.846, 2.9930299E-02
1515.775, 3.0000390E-02
1517.703, 3.0163471E-02
1519.632, 3.0617060E-02
1521.560, 3.0854240E-02
1523.489, 3.1092299E-02
1525.417, 3.1361829E-02
1527.346, 3.1602230E-02
1529.274, 3.2208990E-02
1531.203, 3.2537151E-02
1533.131, 3.2786962E-02
1535.059, 3.3133939E-02
1536.988, 3.3460259E-02
1538.916, 3.4305509E-02
1540.845, 3.4907550E-02
1542.773, 3.5105661E-02
1544.702, 3.5467289E-02
1546.630, 3.5890371E-02
1548.559, 3.6480989E-02
1550.487, 3.6848120E-02
1552.416, 3.6682751E-02
1554.344, 3.6595531E-02
1556.273, 3.7167288E-02
1558.201, 3.7275638E-02
1560.130, 3.6947280E-02
1562.058, 3.6568340E-02
1563.986, 3.6160029E-02
1565.915, 3.6176160E-02
1567.843, 3.6125831E-02
1569.772, 3.5910830E-02
1571.700, 3.5650801E-02
1573.629, 3.5586491E-02
1575.557, 3.5647091E-02
1577.486, 3.5405058E-02
1579.414, 3.5226181E-02
1581.343, 3.5269521E-02
1583.271, 3.5368100E-02
1585.200, 3.5468899E-02
1587.128, 3.5553589E-02
1589.057, 3.5430040E-02
1590.985, 3.5371389E-02
1592.913, 3.5394039E-02
1594.842, 3.4989309E-02
1596.770, 3.4758549E-02
1598.699, 3.4827601E-02
1600.627, 3.4915399E-02
1602.556, 3.4439791E-02
1604.484, 3.4307361E-02
1606.413, 3.4199551E-02
1608.341, 3.4218561E-02
1610.270, 3.4482289E-02
1612.198, 3.4422979E-02
1614.127, 3.4301989E-02
1616.055, 3.4287691E-02
1617.984, 3.4468971E-02
1619.912, 3.4708850E-02
1621.840, 3.4556270E-02
1623.769, 3.4197740E-02
1625.697, 3.3854421E-02
1627.626, 3.4066658E-02
1629.554, 3.4217801E-02
1631.483, 3.4137741E-02
1633.411, 3.4158960E-02
1635.340, 3.3787519E-02
1637.268, 3.3753131E-02
1639.197, 3.4038570E-02
1641.125, 3.4138221E-02
1643.054, 3.3683799E-02
1644.982, 3.3429299E-02
1646.911, 3.3444081E-02
1648.839, 3.3307161E-02
1650.767, 3.3257712E-02
1652.696, 3.3176109E-02
1654.624, 3.2654408E-02
1656.553, 3.2161750E-02
1658.481, 3.2172989E-02
1660.410, 3.1900551E-02
1662.338, 3.1823449E-02
1664.267, 3.1866129E-02
1666.195, 3.1674501E-02
1668.124, 3.1331420E-02
1670.052, 3.0909119E-02
1671.981, 3.0719951E-02
1673.909, 3.0785590E-02
1675.838, 3.0938720E-02
1677.766, 3.0675840E-02
1679.694, 3.0706281E-02
1681.623, 3.0614389E-02
1683.551, 3.0302649E-02
1685.480, 3.0139580E-02
1687.408, 3.0174769E-02
1689.337, 3.0195201E-02
1691.265, 3.0151719E-02
1693.194, 2.9909490E-02
1695.122, 2.9615341E-02
1697.051, 2.9377811E-02
1698.979, 2.9361170E-02
1700.908, 2.9665610E-02
1702.836, 2.9929221E-02
1704.765, 2.9400140E-02
1706.693, 2.8559901E-02
1708.621, 2.8086871E-02
1710.550, 2.8378800E-02
1712.478, 2.8728480E-02
1714.407, 2.8606690E-02
1716.335, 2.8817009E-02
1718.264, 2.8965199E-02
1720.192, 2.8997300E-02
1722.121, 2.9010940E-02
1724.049, 2.9064750E-02
1725.978, 2.9234899E-02
1727.906, 2.9019609E-02
1729.835, 2.8874300E-02
1731.763, 2.8551251E-02
1733.692, 2.7687261E-02
1735.620, 2.7331971E-02
1737.548, 2.6713990E-02
1739.477, 2.6546679E-02
1741.405, 2.6602460E-02
1743.334, 2.5962999E-02
1745.262, 2.5793901E-02
1747.191, 2.6004270E-02
1749.119, 2.6344730E-02
1751.048, 2.6790870E-02
1752.976, 2.7469480E-02
1754.905, 2.8082620E-02
1756.833, 2.8493229E-02
1758.762, 2.8751630E-02
1760.690, 2.9130699E-02
1762.619, 2.9171400E-02
1764.547, 2.9226940E-02
1766.475, 2.9496551E-02
1768.404, 2.9813960E-02
1770.332, 2.9888000E-02
1772.261, 2.9691471E-02
1774.189, 2.9846421E-02
1776.118, 2.9572381E-02
1778.046, 2.9966300E-02
1779.975, 3.0397180E-02
1781.903, 3.0271821E-02
1783.832, 3.0419519E-02
1785.760, 3.0374629E-02
1787.689, 3.0383959E-02
1789.617, 3.0361800E-02
1791.546, 3.0609841E-02
1793.474, 3.0537410E-02
1795.402, 3.0549521E-02
1797.331, 3.0575220E-02
1799.259, 3.0540761E-02
1801.188, 3.0674281E-02
1803.116, 3.0690219E-02
1805.045, 3.0913210E-02
1806.973, 3.1162880E-02
1808.902, 3.1320751E-02
1810.830, 3.0853340E-02
1812.759, 3.1029761E-02
1814.687, 3.1105300E-02
1816.616, 3.0683091E-02
1818.544, 3.1157630E-02
1820.473, 3.1796660E-02
1822.401, 3.1271890E-02
1824.329, 3.0689649E-02
1826.258, 3.1193420E-02
1828.186, 3.1970110E-02
1830.115, 3.1791680E-02
1832.043, 3.1834722E-02
1833.972, 3.2754060E-02
1835.900, 3.2378070E-02
1837.829, 3.1368129E-02
1839.757, 3.1317610E-02
1841.686, 3.1344231E-02
1843.614, 3.1572729E-02
1845.543, 3.1702392E-02
1847.471, 3.1779010E-02
1849.400, 3.1443201E-02
1851.328, 3.1799149E-02
1853.256, 3.2206848E-02
1855.185, 3.1927690E-02
1857.113, 3.1732481E-02
1859.042, 3.2231670E-02
1860.970, 3.2396611E-02
1862.899, 3.2435581E-02
1864.827, 3.2417901E-02
1866.756, 3.2479819E-02
1868.684, 3.2471608E-02
1870.613, 3.1462390E-02
1872.541, 3.1637691E-02
1874.470, 3.2409839E-02
1876.398, 3.1957120E-02
1878.327, 3.1386811E-02
1880.255, 3.2785181E-02
1882.183, 3.2599021E-02
1884.112, 3.2380581E-02
1886.040, 3.3200059E-02
1887.969, 3.2946970E-02
1889.897, 3.2893728E-02
1891.826, 3.3668641E-02
1893.754, 3.4097452E-02
1895.683, 3.3483289E-02
1897.611, 3.2608189E-02
1899.540, 3.2176949E-02
1901.468, 3.2197300E-02
1903.397, 3.2674279E-02
1905.325, 3.3025850E-02
1907.254, 3.3965200E-02
1909.182, 3.3772059E-02
1911.110, 3.2596849E-02
1913.039, 3.2152839E-02
1914.967, 3.2118041E-02
1916.896, 3.2312930E-02
1918.824, 3.2679290E-02
1920.753, 3.2657199E-02
1922.681, 3.2319799E-02
1924.610, 3.2507610E-02
1926.538, 3.1912990E-02
1928.467, 3.0617621E-02
1930.395, 3.0794930E-02
1932.324, 3.1735498E-02
1934.252, 3.1476948E-02
1936.181, 3.2404620E-02
1938.109, 3.1871062E-02
1940.037, 3.0970760E-02
1941.966, 3.1684849E-02
1943.894, 3.2559291E-02
1945.823, 3.3190191E-02
1947.751, 3.2344110E-02
1949.680, 3.0492060E-02
1951.608, 2.8910810E-02
1953.537, 3.0951930E-02
1955.465, 2.9818650E-02
1957.394, 2.7456529E-02
1959.322, 2.7310001E-02
1961.251, 2.7511841E-02
1963.179, 2.7486760E-02
1965.108, 2.7582079E-02
1967.036, 2.8356420E-02
1968.964, 3.0417919E-02
1970.893, 2.7075401E-02
1972.821, 2.5550051E-02
1974.750, 2.5312969E-02
1976.678, 2.7834130E-02
1978.607, 3.2406569E-02
1980.535, 3.2755781E-02
1982.464, 3.0894140E-02
1984.392, 2.8790440E-02
1986.321, 2.8866939E-02
1988.249, 2.9391229E-02
1990.178, 2.9053990E-02
1992.106, 2.9793600E-02
1994.035, 3.0530039E-02
1995.963, 2.9502250E-02
1997.891, 2.9020989E-02
1999.820, 2.8855270E-02
2001.748, 2.8558699E-02
2003.677, 2.6417701E-02
2005.605, 2.2567419E-02
2007.534, 2.3094481E-02
2009.462, 2.6578540E-02
2011.391, 2.7580360E-02
2013.319, 2.8040251E-02
2015.248, 2.4623459E-02
2017.176, 2.1816861E-02
2019.105, 2.1013411E-02
2021.033, 2.1340810E-02
2022.962, 2.4884710E-02
2024.890, 2.7763391E-02
2026.818, 2.8383469E-02
2028.747, 2.6207929E-02
2030.675, 2.6380910E-02
2032.604, 2.8014161E-02
2034.532, 2.8385891E-02
2036.461, 2.7976921E-02
2038.389, 2.7562950E-02
2040.318, 2.9039310E-02
2042.246, 3.0466160E-02
2044.175, 2.9883120E-02
2046.103, 2.8304631E-02
2048.032, 3.1298079E-02
2049.960, 3.4353640E-02
2051.889, 3.1568591E-02
2053.817, 3.0931249E-02
2055.746, 3.2104421E-02
2057.674, 3.1038890E-02
2059.603, 3.1148391E-02
2061.531, 3.3266731E-02
2063.459, 3.2896381E-02
2065.388, 3.2652069E-02
2067.316, 3.3554479E-02
2069.245, 3.2910880E-02
2071.173, 3.3556171E-02
2073.102, 3.4824912E-02
2075.030, 3.4820002E-02
2076.959, 3.3867151E-02
2078.887, 3.3592269E-02
2080.816, 3.5093680E-02
2082.744, 3.4974258E-02
2084.673, 3.5572801E-02
2086.601, 3.5291228E-02
2088.530, 3.3563301E-02
2090.458, 3.1667609E-02
2092.386, 3.2634810E-02
2094.315, 3.3810601E-02
2096.243, 3.3569571E-02
2098.172, 3.3405140E-02
2100.100, 3.3606362E-02
2102.029, 3.2684851E-02
2103.957, 3.2115471E-02
2105.886, 3.2854252E-02
2107.814, 3.4704421E-02
2109.743, 3.4915160E-02
2111.671, 3.5480961E-02
2113.600, 3.6146019E-02
2115.528, 3.6292750E-02
2117.457, 3.5819810E-02
2119.385, 3.5104141E-02
2121.313, 3.3529211E-02
2123.242, 3.2251369E-02
2125.170, 3.1958330E-02
2127.099, 3.1227879E-02
2129.027, 3.1172279E-02
2130.956, 3.1535491E-02
2132.884, 3.0820470E-02
2134.813, 2.9378749E-02
2136.741, 2.8831869E-02
2138.670, 2.9106541E-02
2140.598, 2.7451720E-02
2142.527, 2.6052831E-02
2144.455, 2.4630360E-02
2146.384, 2.4384771E-02
2148.312, 2.6386460E-02
2150.240, 2.5946630E-02
2152.169, 2.5823349E-02
2154.097, 2.4128711E-02
2156.026, 2.1599790E-02
2157.954, 2.2846460E-02
2159.883, 2.8368561E-02
2161.811, 3.1422429E-02
2163.740, 2.9855650E-02
2165.668, 2.9383870E-02
2167.597, 3.1792119E-02
2169.525, 3.3118561E-02
2171.454, 3.2294050E-02
2173.382, 3.1631868E-02
2175.311, 3.1559989E-02
2177.239, 3.1302180E-02
2179.167, 2.9809181E-02
2181.096, 2.7842909E-02
2183.024, 2.7527319E-02
2184.953, 3.1183749E-02
2186.881, 3.3098571E-02
2188.810, 3.4773111E-02
2190.738, 3.4373850E-02
2192.667, 3.1100379E-02
2194.595, 3.0363970E-02
2196.524, 3.0651029E-02
2198.452, 3.2051429E-02
2200.381, 3.4020040E-02
2202.309, 3.2333169E-02
2204.238, 3.1540498E-02
2206.166, 3.2174781E-02
2208.094, 3.5000719E-02
2210.023, 3.7943639E-02
2211.951, 3.5668649E-02
2213.880, 3.2245100E-02
2215.808, 3.3288661E-02
2217.737, 3.5426289E-02
2219.665, 3.6038078E-02
2221.594, 3.7207339E-02
2223.522, 3.6561150E-02
2225.451, 3.4221601E-02
2227.379, 3.4704171E-02
2229.308, 3.8055439E-02
2231.236, 3.8630839E-02
2233.165, 3.5791259E-02
2235.093, 3.5260390E-02
2237.021, 3.7185431E-02
2238.950, 3.7406038E-02
2240.878, 3.7288271E-02
2242.807, 3.6630992E-02
2244.735, 3.7512671E-02
2246.664, 3.8568851E-02
2248.592, 3.7830349E-02
2250.521, 3.8338069E-02
2252.449, 3.9015289E-02
2254.378, 3.9535359E-02
2256.306, 3.8072661E-02
2258.235, 3.8356099E-02
2260.163, 4.0269159E-02
2262.092, 3.9830409E-02
2264.020, 3.8886230E-02
2265.948, 3.9186761E-02
2267.877, 3.8584501E-02
2269.805, 3.7804160E-02
2271.734, 3.7892669E-02
2273.662, 4.0162101E-02
2275.591, 4.0941060E-02
2277.519, 4.1067559E-02
2279.448, 4.0616930E-02
2281.376, 3.9884798E-02
2283.305, 4.1666940E-02
2285.233, 4.2705379E-02
2287.162, 4.2293251E-02
2289.090, 4.1835882E-02
2291.019, 4.2123161E-02
2292.947, 4.2661261E-02
2294.875, 4.2111821E-02
2296.804, 4.0860850E-02
2298.732, 4.0941831E-02
2300.661, 4.1150909E-02
2302.589, 4.0979762E-02
2304.518, 4.1991059E-02
2306.446, 4.2265311E-02
2308.375, 4.1143041E-02
2310.303, 4.0469669E-02
2312.232, 4.1427020E-02
2314.160, 4.2596571E-02
2316.089, 4.2991929E-02
2318.017, 4.2609151E-02
2319.946, 4.2646039E-02
2321.874, 4.3471791E-02
2323.802, 4.4118550E-02
2325.731, 4.3221269E-02
2327.659, 4.1986380E-02
2329.588, 4.2002179E-02
2331.516, 4.2514019E-02
2333.445, 4.2830139E-02
2335.373, 4.2317029E-02
2337.302, 4.2512581E-02
2339.230, 4.3194700E-02
2341.159, 4.3695901E-02
2343.087, 4.3883219E-02
2345.016, 4.3321390E-02
2346.944, 4.3510381E-02
2348.873, 4.3525029E-02
2350.801, 4.3828551E-02
2352.729, 4.4304270E-02
2354.658, 4.4786450E-02
2356.586, 4.5063071E-02
2358.515, 4.4736359E-02
2360.443, 4.4309791E-02
2362.372, 4.4511192E-02
2364.300, 4.4422772E-02
2366.229, 4.3846719E-02
2368.157, 4.4071630E-02
2370.086, 4.4298120E-02
2372.014, 4.4045951E-02
2373.942, 4.4099569E-02
2375.871, 4.4753611E-02
2377.799, 4.5091361E-02
2379.728, 4.4203099E-02
2381.656, 4.3914210E-02
2383.585, 4.4541098E-02
2385.513, 4.4472761E-02
2387.442, 4.4387661E-02
2389.370, 4.4704340E-02
2391.299, 4.5028251E-02
2393.227, 4.5596760E-02
2395.156, 4.5462701E-02
2397.084, 4.4742860E-02
2399.012, 4.4140849E-02
2400.941, 4.4481140E-02
2402.869, 4.5535758E-02
2404.798, 4.5213118E-02
2406.726, 4.4405092E-02
2408.655, 4.4912182E-02
2410.583, 4.5355011E-02
2412.512, 4.5965020E-02
2414.440, 4.6348531E-02
2416.369, 4.5738470E-02
2418.297, 4.6348039E-02
2420.226, 4.7478031E-02
2422.154, 4.8092440E-02
2424.083, 4.8580211E-02
2426.011, 4.7677308E-02
2427.939, 4.6614729E-02
2429.868, 4.6808120E-02
2431.796, 4.6687860E-02
2433.725, 4.6456389E-02
2435.653, 4.6660770E-02
2437.582, 4.7162998E-02
2439.510, 4.7326591E-02
2441.439, 4.7140460E-02
2443.367, 4.8098199E-02
2445.296, 4.8316751E-02
2447.224, 4.7185019E-02
2449.153, 4.6797272E-02
2451.081, 4.7216259E-02
2453.010, 4.7525238E-02
2454.938, 4.8466329E-02
2456.866, 4.8037399E-02
2458.795, 4.7237370E-02
2460.723, 4.7867302E-02
2462.652, 4.8899941E-02
2464.580, 4.8905581E-02
2466.509, 4.8139419E-02
2468.437, 4.8253801E-02
2470.366, 4.8733059E-02
2472.294, 4.8653919E-02
2474.223, 4.8924539E-02
2476.151, 4.9451452E-02
2478.080, 4.9530450E-02
2480.008, 4.9984239E-02
2481.937, 4.9955569E-02
2483.865, 4.9334951E-02
2485.793, 4.8362561E-02
2487.722, 4.9490940E-02
2489.650, 5.0808951E-02
2491.579, 5.0877810E-02
2493.507, 4.9751960E-02
2495.436, 4.9041599E-02
2497.364, 4.9477048E-02
2499.293, 4.9616762E-02
2501.221, 4.9652532E-02
2503.150, 5.0147232E-02
2505.078, 4.8958778E-02
2507.007, 4.8344810E-02
2508.935, 4.9509142E-02
2510.864, 5.0280500E-02
2512.792, 5.1083852E-02
2514.720, 5.1226091E-02
2516.649, 5.0656870E-02
2518.577, 5.0437082E-02
2520.506, 5.0524410E-02
2522.434, 5.1377449E-02
2524.363, 5.3428501E-02
2526.291, 5.3166240E-02
2528.220, 5.1476669E-02
2530.148, 5.1304311E-02
2532.077, 5.2412979E-02
2534.005, 5.2551892E-02
2535.934, 5.2948009E-02
2537.862, 5.2848171E-02
2539.791, 5.2737631E-02
2541.719, 5.3181469E-02
2543.647, 5.2772280E-02
2545.576, 5.2304931E-02
2547.504, 5.2527491E-02
2549.433, 5.3918488E-02
2551.361, 5.4152239E-02
2553.290, 5.4252170E-02
2555.218, 5.3558011E-02
2557.147, 5.4281451E-02
2559.075, 5.4715481E-02
2561.004, 5.4255679E-02
2562.932, 5.4637920E-02
2564.861, 5.4771502E-02
2566.789, 5.4799739E-02
2568.718, 5.4980919E-02
2570.646, 5.5180758E-02
2572.574, 5.5636700E-02
2574.503, 5.5377029E-02
2576.431, 5.5189248E-02
2578.360, 5.5268619E-02
2580.288, 5.6076389E-02
2582.217, 5.6194481E-02
2584.145, 5.5802360E-02
2586.074, 5.5762690E-02
2588.002, 5.5673160E-02
2589.931, 5.6462601E-02
2591.859, 5.7337150E-02
2593.788, 5.7243180E-02
2595.716, 5.7857510E-02
2597.645, 5.7085909E-02
2599.573, 5.6047611E-02
2601.501, 5.6235589E-02
2603.430, 5.5802289E-02
2605.358, 5.5429772E-02
2607.287, 5.6234349E-02
2609.215, 5.6542732E-02
2611.144, 5.6171611E-02
2613.072, 5.6772299E-02
2615.001, 5.7162769E-02
2616.929, 5.7772059E-02
2618.858, 5.7985459E-02
2620.786, 5.7788860E-02
2622.715, 5.8555529E-02
2624.643, 5.9286539E-02
2626.572, 5.9901658E-02
2628.500, 5.9777960E-02
2630.428, 5.9636582E-02
2632.357, 5.9773669E-02
2634.285, 5.9377190E-02
2636.214, 5.9873499E-02
2638.142, 6.0590591E-02
2640.071, 6.1326150E-02
2641.999, 6.1500520E-02
2643.928, 6.1093990E-02
2645.856, 6.0368542E-02
2647.785, 6.0199521E-02
2649.713, 6.1060470E-02
2651.642, 6.1081279E-02
2653.570, 6.1057091E-02
2655.499, 6.1123639E-02
2657.427, 6.1556742E-02
2659.355, 6.1643239E-02
2661.284, 6.1151009E-02
2663.212, 6.1462741E-02
2665.141, 6.1421100E-02
2667.069, 6.1313100E-02
2668.998, 6.1780460E-02
2670.926, 6.2472619E-02
2672.855, 6.2772617E-02
2674.783, 6.2299289E-02
2676.712, 6.2099259E-02
2678.640, 6.1841719E-02
2680.569, 6.2425230E-02
2682.497, 6.2914640E-02
2684.426, 6.2352620E-02
2686.354, 6.2135089E-02
2688.282, 6.2549420E-02
2690.211, 6.2754937E-02
2692.139, 6.2930293E-02
2694.068, 6.3382767E-02
2695.996, 6.3406922E-02
2697.925, 6.3229211E-02
2699.853, 6.4329997E-02
2701.782, 6.5060072E-02
2703.710, 6.4493991E-02
2705.639, 6.4703047E-02
2707.567, 6.5057538E-02
2709.496, 6.5062977E-02
2711.424, 6.4293563E-02
2713.353, 6.4372547E-02
2715.281, 6.4959340E-02
2717.209, 6.5251410E-02
2719.138, 6.5347686E-02
2721.066, 6.6631407E-02
2722.995, 6.6579983E-02
2724.923, 6.4768627E-02
2726.852, 6.3799322E-02
2728.780, 6.4363867E-02
2730.709, 6.5308347E-02
2732.637, 6.6098027E-02
2734.566, 6.6727072E-02
2736.494, 6.7411430E-02
2738.423, 6.7563303E-02
2740.351, 6.7405857E-02
2742.280, 6.7803673E-02
2744.208, 6.7350693E-02
2746.136, 6.6858970E-02
2748.065, 6.7694269E-02
2749.993, 6.9056012E-02
2751.922, 6.9477238E-02
2753.850, 6.8749629E-02
2755.779, 6.8870209E-02
2757.707, 6.9501109E-02
2759.636, 6.9691643E-02
2761.564, 6.9783524E-02
2763.493, 6.9911592E-02
2765.421, 6.9968641E-02
2767.350, 7.0821397E-02
2769.278, 7.0959359E-02
2771.207, 7.1167141E-02
2773.135, 7.1715929E-02
2775.063, 7.1389668E-02
2776.992, 7.0968919E-02
2778.920, 7.1218580E-02
2780.849, 7.1661003E-02
2782.777, 7.1904033E-02
2784.706, 7.2183281E-02
2786.634, 7.2393879E-02
2788.563, 7.2411180E-02
2790.491, 7.2579503E-02
2792.420, 7.2916873E-02
2794.348, 7.3356546E-02
2796.277, 7.2989397E-02
2798.205, 7.3197290E-02
2800.134, 7.3175758E-02
2802.062, 7.3254883E-02
2803.990, 7.3742427E-02
2805.919, 7.4326716E-02
2807.847, 7.5044513E-02
2809.776, 7.4906766E-02
2811.704, 7.5318679E-02
2813.633, 7.6095380E-02
2815.561, 7.6002292E-02
2817.490, 7.5422741E-02
2819.418, 7.5457409E-02
2821.347, 7.6994963E-02
2823.275, 7.7317663E-02
2825.204, 7.6605923E-02
2827.132, 7.6157309E-02
2829.061, 7.5743869E-02
2830.989, 7.6808751E-02
2832.917, 7.7454738E-02
2834.846, 7.7485196E-02
2836.774, 7.7867702E-02
2838.703, 7.8449413E-02
2840.631, 7.7746429E-02
2842.560, 7.6922037E-02
2844.488, 7.7384159E-02
2846.417, 7.7517644E-02
2848.345, 7.7809982E-02
2850.274, 7.8502573E-02
2852.202, 7.8522094E-02
2854.131, 7.7335618E-02
2856.059, 7.7422246E-02
2857.988, 7.8490712E-02
2859.916, 7.8958832E-02
2861.844, 7.9355650E-02
2863.773, 7.8170307E-02
2865.701, 7.7809021E-02
2867.630, 7.9353757E-02
2869.558, 8.1027262E-02
2871.487, 8.1952937E-02
2873.415, 8.2128599E-02
2875.344, 8.2304433E-02
2877.272, 8.2074463E-02
2879.201, 8.1344143E-02
2881.129, 8.1989206E-02
2883.058, 8.3014756E-02
2884.986, 8.2597800E-02
2886.915, 8.2694031E-02
2888.843, 8.3529390E-02
2890.771, 8.3803542E-02
2892.700, 8.3046958E-02
2894.628, 8.2894906E-02
2896.557, 8.2737103E-02
2898.485, 8.2502581E-02
2900.414, 8.3708033E-02
2902.342, 8.3854258E-02
2904.271, 8.3899230E-02
2906.199, 8.3152287E-02
2908.128, 8.1737868E-02
2910.056, 8.1687771E-02
2911.985, 8.2824454E-02
2913.913, 8.5172087E-02
2915.842, 8.5643627E-02
2917.770, 8.5262626E-02
2919.698, 8.5060202E-02
2921.627, 8.4087461E-02
2923.555, 8.4290631E-02
2925.484, 8.5117847E-02
2927.412, 8.5647732E-02
2929.341, 8.5687317E-02
2931.269, 8.5068561E-02
2933.198, 8.5850477E-02
2935.126, 8.6588509E-02
2937.055, 8.7208211E-02
2938.983, 8.7950677E-02
2940.912, 8.7980613E-02
2942.840, 8.7918147E-02
2944.769, 8.8180713E-02
2946.697, 8.8670693E-02
2948.625, 8.8853747E-02
2950.554, 8.9766443E-02
2952.482, 9.0947568E-02
2954.411, 9.0293989E-02
2956.339, 8.9561671E-02
2958.268, 8.9865193E-02
2960.196, 9.2124693E-02
2962.125, 9.2762828E-02
2964.053, 9.1950960E-02
2965.982, 9.1367692E-02
2967.910, 9.1758437E-02
2969.839, 9.2889316E-02
2971.767, 9.3838580E-02
2973.696, 9.3745098E-02
2975.624, 9.3518719E-02
2977.552, 9.2780113E-02
2979.481, 9.3830369E-02
2981.409, 9.3948558E-02
2983.338, 9.4275072E-02
2985.266, 9.4740577E-02
2987.195, 9.5398217E-02
2989.123, 9.5360458E-02
2991.052, 9.5446616E-02
2992.980, 9.5683619E-02
2994.909, 9.4802588E-02
2996.837, 9.5257297E-02
2998.766, 9.6605673E-02
3000.694, 9.8193042E-02
3002.623, 9.7392581E-02
3004.551, 9.6934997E-02
3006.479, 9.6843943E-02
3008.408, 9.7171307E-02
3010.336, 9.7141549E-02
3012.265, 9.7715497E-02
3014.193, 9.9864803E-02
3016.122, 0.1004840
3018.050, 0.1004049
3019.979, 0.1002318
3021.907, 9.9666104E-02
3023.836, 0.1001774
3025.764, 0.1011190
3027.693, 0.1015784
3029.621, 0.1008402
3031.550, 0.1008198
3033.478, 9.9980913E-02
3035.406, 9.9928468E-02
3037.335, 0.1008444
3039.263, 0.1023486
3041.192, 0.1030236
3043.120, 0.1027662
3045.049, 0.1025256
3046.977, 0.1030115
3048.906, 0.1029700
3050.834, 0.1040157
3052.763, 0.1054484
3054.691, 0.1056385
3056.620, 0.1065335
3058.548, 0.1063646
3060.477, 0.1059550
3062.405, 0.1062518
3064.333, 0.1068202
3066.262, 0.1061108
3068.190, 0.1059815
3070.119, 0.1058414
3072.047, 0.1057435
3073.976, 0.1066513
3075.904, 0.1076859
3077.833, 0.1086100
3079.761, 0.1109468
3081.690, 0.1109129
3083.618, 0.1091602
3085.547, 0.1102576
3087.475, 0.1113183
3089.404, 0.1102588
3091.332, 0.1085085
3093.260, 0.1089025
3095.189, 0.1111522
3097.117, 0.1120703
3099.046, 0.1119102
3100.974, 0.1112665
3102.903, 0.1117903
3104.831, 0.1117045
3106.760, 0.1111476
3108.688, 0.1130223
3110.617, 0.1143398
3112.545, 0.1136782
3114.474, 0.1136475
3116.402, 0.1151424
3118.331, 0.1150886
3120.259, 0.1142429
3122.188, 0.1139491
3124.116, 0.1147641
3126.044, 0.1163888
3127.973, 0.1173238
3129.901, 0.1168022
3131.830, 0.1169154
3133.758, 0.1186922
3135.687, 0.1187163
3137.615, 0.1162154
3139.544, 0.1172743
3141.472, 0.1194061
3143.401, 0.1184246
3145.329, 0.1186334
3147.258, 0.1189856
3149.186, 0.1189451
3151.115, 0.1212337
3153.043, 0.1223790
3154.971, 0.1212721
3156.900, 0.1218871
3158.828, 0.1231746
3160.757, 0.1239410
3162.685, 0.1249001
3164.614, 0.1249119
3166.542, 0.1242083
3168.471, 0.1237505
3170.399, 0.1235510
3172.328, 0.1239619
3174.256, 0.1242949
3176.185, 0.1250545
3178.113, 0.1258487
3180.042, 0.1255550
3181.970, 0.1257575
3183.898, 0.1261633
3185.827, 0.1274438
3187.755, 0.1279729
3189.684, 0.1268669
3191.612, 0.1266221
3193.541, 0.1265950
3195.469, 0.1271987
3197.398, 0.1272590
3199.326, 0.1274981
3201.255, 0.1273971
3203.183, 0.1276546
3205.112, 0.1270495
3207.040, 0.1273172
3208.969, 0.1294688
3210.897, 0.1309357
3212.825, 0.1319577
3214.754, 0.1322879
3216.682, 0.1317090
3218.611, 0.1312262
3220.539, 0.1318905
3222.468, 0.1311222
3224.396, 0.1309159
3226.325, 0.1325612
3228.253, 0.1319623
3230.182, 0.1300254
3232.110, 0.1309588
3234.039, 0.1324642
3235.967, 0.1328670
3237.896, 0.1332194
3239.824, 0.1322467
3241.752, 0.1309493
3243.681, 0.1319065
3245.609, 0.1322329
3247.538, 0.1333872
3249.466, 0.1344143
3251.395, 0.1345460
3253.323, 0.1342511
3255.252, 0.1336731
3257.180, 0.1334590
3259.109, 0.1332884
3261.037, 0.1348119
3262.966, 0.1360022
3264.894, 0.1349600
3266.823, 0.1347125
3268.751, 0.1351368
3270.679, 0.1348496
3272.608, 0.1346895
3274.536, 0.1347966
3276.465, 0.1336595
3278.393, 0.1318052
3280.322, 0.1307370
3282.250, 0.1306700
3284.179, 0.1311542
3286.107, 0.1305545
3288.036, 0.1285373
3289.964, 0.1277142
3291.893, 0.1258655
3293.821, 0.1248775
3295.750, 0.1249978
3297.678, 0.1252052
3299.606, 0.1237685
3301.535, 0.1221656
3303.463, 0.1216271
3305.392, 0.1206865
3307.320, 0.1192936
3309.249, 0.1185927
3311.177, 0.1175429
3313.106, 0.1160605
3315.034, 0.1150372
3316.963, 0.1157506
3318.891, 0.1166636
3320.820, 0.1159119
3322.748, 0.1137371
3324.677, 0.1123541
3326.605, 0.1119160
3328.533, 0.1111914
3330.462, 0.1094796
3332.390, 0.1072842
3334.319, 0.1077698
3336.247, 0.1080566
3338.176, 0.1071987
3340.104, 0.1059100
3342.033, 0.1057371
3343.961, 0.1070495
3345.890, 0.1061680
3347.818, 0.1036698
3349.747, 0.1035971
3351.675, 0.1043635
3353.604, 0.1021498
3355.532, 0.1001653
3357.460, 9.8596737E-02
3359.389, 9.8987721E-02
3361.317, 9.9617846E-02
3363.246, 9.8222442E-02
3365.174, 9.5810898E-02
3367.103, 9.7555012E-02
3369.031, 0.1001791
3370.960, 9.8149210E-02
3372.888, 9.6572258E-02
3374.817, 9.7307973E-02
3376.745, 9.7553939E-02
3378.674, 9.6485138E-02
3380.602, 9.6365333E-02
3382.531, 9.5745221E-02
3384.459, 9.2959002E-02
3386.387, 9.2592962E-02
3388.316, 9.2952989E-02
3390.244, 9.2206210E-02
3392.173, 9.0891689E-02
3394.101, 8.9453943E-02
3396.030, 8.7101437E-02
3397.958, 8.7048069E-02
3399.887, 8.9252383E-02
3401.815, 9.0996362E-02
3403.744, 8.8528991E-02
3405.672, 8.4463596E-02
3407.601, 8.3477743E-02
3409.529, 8.5328542E-02
3411.458, 8.4341407E-02
3413.386, 8.0637373E-02
3415.314, 8.1239492E-02
3417.243, 8.2859427E-02
3419.171, 8.1172086E-02
3421.100, 8.1352323E-02
3423.028, 8.2150370E-02
3424.957, 8.1056677E-02
3426.885, 8.0796704E-02
3428.814, 8.0806427E-02
3430.742, 7.8537047E-02
3432.671, 7.7557057E-02
3434.599, 7.8464597E-02
3436.528, 7.9646133E-02
3438.456, 7.6478884E-02
3440.385, 7.5092368E-02
3442.313, 7.6575227E-02
3444.241, 7.4119933E-02
3446.170, 7.1665414E-02
3448.098, 7.1265593E-02
3450.027, 7.1469218E-02
3451.955, 7.2466187E-02
3453.884, 7.2358117E-02
3455.812, 7.1046323E-02
3457.741, 7.1155280E-02
3459.669, 7.1216121E-02
3461.598, 6.8517856E-02
3463.526, 6.7605160E-02
3465.455, 6.8114758E-02
3467.383, 6.7580953E-02
3469.312, 6.8371587E-02
3471.240, 6.7213617E-02
3473.168, 6.5466844E-02
3475.097, 6.3101992E-02
3477.025, 6.3147582E-02
3478.954, 6.5956242E-02
3480.882, 6.6595823E-02
3482.811, 6.6154130E-02
3484.739, 6.5049350E-02
3486.668, 6.4761817E-02
3488.596, 6.3737683E-02
3490.525, 6.4214103E-02
3492.453, 6.5633863E-02
3494.382, 6.0655821E-02
3496.310, 5.6993000E-02
3498.239, 5.9903629E-02
3500.167, 6.2692367E-02
3502.095, 6.1912939E-02
3504.024, 6.1579589E-02
3505.952, 6.3118033E-02
3507.881, 6.1901789E-02
3509.809, 5.9407309E-02
3511.738, 5.7326641E-02
3513.666, 5.8515269E-02
3515.595, 6.1285332E-02
3517.523, 5.9828259E-02
3519.452, 5.6255911E-02
3521.380, 5.7589199E-02
3523.309, 6.0699832E-02
3525.237, 6.1993249E-02
3527.166, 6.0696721E-02
3529.094, 5.8975849E-02
3531.022, 5.8998361E-02
3532.951, 6.0864490E-02
3534.879, 6.0902219E-02
3536.808, 5.7977319E-02
3538.736, 5.6480590E-02
3540.665, 5.6882869E-02
3542.593, 5.7759039E-02
3544.522, 5.9587661E-02
3546.450, 6.0239982E-02
3548.379, 5.7219099E-02
3550.307, 5.6676619E-02
3552.236, 6.0615741E-02
3554.164, 6.1810229E-02
3556.093, 5.8876351E-02
3558.021, 5.8466099E-02
3559.949, 5.9215460E-02
3561.878, 5.8916721E-02
3563.806, 6.0375039E-02
3565.735, 6.2650681E-02
3567.663, 6.2302411E-02
3569.592, 6.3010477E-02
3571.520, 6.5441698E-02
3573.449, 7.1060978E-02
3575.377, 7.4865207E-02
3577.306, 7.5666897E-02
3579.234, 7.8073248E-02
3581.163, 8.0472387E-02
3583.091, 8.0241442E-02
3585.020, 7.9987101E-02
3586.948, 8.1310473E-02
3588.876, 7.8173041E-02
3590.805, 7.2858334E-02
3592.733, 6.5843433E-02
3594.662, 6.2686853E-02
3596.590, 6.1239749E-02
3598.519, 5.6167871E-02
3600.447, 5.2561078E-02
3602.376, 5.1085941E-02
3604.304, 5.3497128E-02
3606.233, 5.6141760E-02
3608.161, 5.1366489E-02
3610.090, 4.9264610E-02
3612.018, 5.1880650E-02
3613.947, 5.1258810E-02
3615.875, 5.1508490E-02
3617.803, 5.3065758E-02
3619.732, 5.1217701E-02
3621.660, 5.0986148E-02
3623.589, 5.3936560E-02
3625.517, 5.1027421E-02
3627.446, 4.7055651E-02
3629.374, 4.7495171E-02
3631.303, 4.9248811E-02
3633.231, 5.0691251E-02
3635.160, 5.1458150E-02
3637.088, 5.0999951E-02
3639.017, 4.9350940E-02
3640.945, 5.0395679E-02
3642.874, 5.0811950E-02
3644.802, 4.9415689E-02
3646.730, 4.9907021E-02
3648.659, 5.1788632E-02
3650.587, 5.1640671E-02
3652.516, 5.1324151E-02
3654.444, 5.4364379E-02
3656.373, 5.4591041E-02
3658.301, 5.5875748E-02
3660.230, 5.5593450E-02
3662.158, 4.9666401E-02
3664.087, 4.8019499E-02
3666.015, 5.0538909E-02
3667.944, 4.9319729E-02
3669.872, 4.7996309E-02
3671.801, 4.9780980E-02
3673.729, 5.4264471E-02
3675.657, 5.5821341E-02
3677.586, 5.3013250E-02
3679.514, 5.1748481E-02
3681.443, 5.3616341E-02
3683.371, 5.3755742E-02
3685.300, 5.3554449E-02
3687.228, 5.2219950E-02
3689.157, 5.0303981E-02
3691.085, 5.1321641E-02
3693.014, 5.4605529E-02
3694.942, 5.4734878E-02
3696.871, 5.2709758E-02
3698.799, 5.3410769E-02
3700.728, 5.6151669E-02
3702.656, 5.3460758E-02
3704.584, 5.2235220E-02
3706.513, 5.2849650E-02
3708.441, 5.4301441E-02
3710.370, 5.3977501E-02
3712.298, 5.5735160E-02
3714.227, 5.4159340E-02
3716.155, 5.0963610E-02
3718.084, 5.2417040E-02
3720.012, 5.3792149E-02
3721.941, 5.3433631E-02
3723.869, 5.3395130E-02
3725.798, 4.9871512E-02
3727.726, 4.7318392E-02
3729.655, 4.8622679E-02
3731.583, 4.9685661E-02
3733.511, 5.1026221E-02
3735.440, 5.4115560E-02
3737.368, 5.4392669E-02
3739.297, 5.3890791E-02
3741.225, 5.2668631E-02
3743.154, 5.2803650E-02
3745.082, 5.5215210E-02
3747.011, 5.7275299E-02
3748.939, 5.7715401E-02
3750.868, 5.7449859E-02
3752.796, 5.7367589E-02
3754.725, 5.6479931E-02
3756.653, 5.7247989E-02
3758.582, 5.5861481E-02
3760.510, 5.6110781E-02
3762.438, 5.6676891E-02
3764.367, 5.6750230E-02
3766.295, 5.7874780E-02
3768.224, 5.6590579E-02
3770.152, 5.4918110E-02
3772.081, 5.6322489E-02
3774.009, 5.6417041E-02
3775.938, 5.4656722E-02
3777.866, 5.5380151E-02
3779.795, 5.4347958E-02
3781.723, 5.2731719E-02
3783.652, 5.4432839E-02
3785.580, 5.5830449E-02
3787.509, 5.7825569E-02
3789.437, 5.6577619E-02
3791.365, 5.5198140E-02
3793.294, 5.7366818E-02
3795.222, 6.0055532E-02
3797.151, 5.9729330E-02
3799.079, 5.7542041E-02
3801.008, 5.7684191E-02
3802.936, 5.6892231E-02
3804.865, 5.7426549E-02
3806.793, 5.6567449E-02
3808.722, 5.9889100E-02
3810.650, 6.2644243E-02
3812.579, 5.9841949E-02
3814.507, 5.6783449E-02
3816.436, 5.3356901E-02
3818.364, 5.3649250E-02
3820.292, 5.5714581E-02
3822.221, 5.8000341E-02
3824.149, 5.6673009E-02
3826.078, 5.7865240E-02
3828.006, 6.0377780E-02
3829.935, 6.0304780E-02
3831.863, 5.8801170E-02
3833.792, 5.8367468E-02
3835.720, 5.7884749E-02
3837.649, 5.9181359E-02
3839.577, 6.1710689E-02
3841.506, 5.9928630E-02
3843.434, 5.6005850E-02
3845.363, 5.6163348E-02
3847.291, 5.7310529E-02
3849.219, 5.9600718E-02
3851.148, 5.9110720E-02
3853.076, 5.6779139E-02
3855.005, 5.5591390E-02
3856.933, 5.5851851E-02
3858.862, 6.0661212E-02
3860.790, 6.2821738E-02
3862.719, 6.1543491E-02
3864.647, 5.9605401E-02
3866.576, 5.7705451E-02
3868.504, 5.8419298E-02
3870.433, 5.9393819E-02
3872.361, 6.1161600E-02
3874.290, 6.0704499E-02
3876.218, 6.0301621E-02
3878.146, 6.2699050E-02
3880.075, 6.5138243E-02
3882.003, 6.3534707E-02
3883.932, 5.9431668E-02
3885.860, 5.6080531E-02
3887.789, 5.7714239E-02
3889.717, 6.0679682E-02
3891.646, 6.0284369E-02
3893.574, 6.0787190E-02
3895.503, 5.9092179E-02
3897.431, 6.0550779E-02
3899.360, 6.5529682E-02
3901.288, 6.2307931E-02
3903.217, 5.7713091E-02
3905.145, 6.0629461E-02
3907.073, 6.1573740E-02
3909.002, 5.9429880E-02
3910.930, 5.7796441E-02
3912.859, 5.7189390E-02
3914.787, 5.8240131E-02
3916.716, 6.0285840E-02
3918.644, 6.0732469E-02
3920.573, 5.9316970E-02
3922.501, 5.8856640E-02
3924.430, 6.1811801E-02
3926.358, 6.2053852E-02
3928.287, 6.0183462E-02
3930.215, 6.0171049E-02
3932.144, 6.0986239E-02
3934.072, 6.1378639E-02
3936.000, 5.9113599E-02
3937.929, 5.6311931E-02
3939.857, 5.6873038E-02
3941.786, 5.9111521E-02
3943.714, 5.8862370E-02
3945.643, 5.9838962E-02
3947.571, 6.3356139E-02
3949.500, 6.5758251E-02
3951.428, 6.4645119E-02
3953.357, 5.8912329E-02
3955.285, 5.7526499E-02
3957.214, 5.9316821E-02
3959.142, 5.9901468E-02
3961.071, 6.0873091E-02
3962.999, 6.2464491E-02
3964.927, 6.3726172E-02
3966.856, 6.1613981E-02
3968.784, 6.2396009E-02
3970.713, 6.4236149E-02
3972.641, 6.1755959E-02
3974.570, 6.4911440E-02
3976.498, 6.6357963E-02
3978.427, 6.1506681E-02
3980.355, 6.1502881E-02
3982.284, 6.3994437E-02
3984.212, 6.4263262E-02
3986.141, 6.4816840E-02
3988.069, 6.5057829E-02
3989.998, 6.5875567E-02
3991.926, 6.3733421E-02
3993.854, 6.3473321E-02
3995.783, 6.4226210E-02
3997.711, 6.7021281E-02
3999.640, 6.7053623E-02
##END=



