##NAMES=Halite
##RRUFFID=R070292
##IDEAL CHEMISTRY=NaCl
##LOCALITY=Stassfurt, Stassfurt Deposit, Saxony-Anhalt, Germany
##OWNER=RRUFF
##SOURCE=Michael Scott
##DESCRIPTION=Blue to colorless cube
##STATUS=The identification of this mineral has been confirmed by X-ray diffraction.
##URL=rruff.info/R070292
3.991926e+002, 4.437468e-004
4.011211e+002, 1.475217e-003
4.030495e+002, 1.982020e-003
4.049780e+002, 2.509660e-003
4.069065e+002, 2.432916e-003
4.088349e+002, 1.894915e-003
4.107634e+002, 1.003620e-003
4.126919e+002, 5.667862e-004
4.146203e+002, 4.458015e-004
4.165488e+002, 5.697710e-004
4.184773e+002, 1.710304e-003
4.204057e+002, 2.179787e-003
4.223342e+002, 1.887513e-003
4.242627e+002, 2.118513e-003
4.261911e+002, 2.045767e-003
4.281196e+002, 1.450890e-003
4.300481e+002, 1.184424e-003
4.319765e+002, 7.891080e-004
4.339050e+002, 1.065309e-003
4.358335e+002, 1.746956e-003
4.377619e+002, 1.615721e-003
4.396904e+002, 1.011339e-003
4.416189e+002, 1.035414e-003
4.435473e+002, 7.935246e-004
4.454758e+002, 7.275935e-004
4.474043e+002, 1.029111e-003
4.493327e+002, 1.134692e-003
4.512612e+002, 1.411165e-003
4.531897e+002, 1.634367e-003
4.551181e+002, 1.482760e-003
4.570466e+002, 1.059846e-003
4.589751e+002, 1.469831e-003
4.609035e+002, 1.728843e-003
4.628320e+002, 1.495314e-003
4.647605e+002, 1.017921e-003
4.666889e+002, 7.290583e-004
4.686174e+002, 9.920234e-004
4.705459e+002, 1.353506e-003
4.724743e+002, 1.392040e-003
4.744028e+002, 1.369032e-003
4.763313e+002, 1.520421e-003
4.782597e+002, 1.530344e-003
4.801882e+002, 1.705938e-003
4.821167e+002, 2.390016e-003
4.840451e+002, 2.413154e-003
4.859736e+002, 1.898550e-003
4.879021e+002, 1.470505e-003
4.898305e+002, 1.592222e-003
4.917590e+002, 1.540171e-003
4.936875e+002, 1.226957e-003
4.956159e+002, 1.448004e-003
4.975444e+002, 1.771105e-003
4.994729e+002, 1.872415e-003
5.014013e+002, 2.203320e-003
5.033298e+002, 2.250125e-003
5.052583e+002, 2.246636e-003
5.071867e+002, 2.107245e-003
5.091152e+002, 1.940706e-003
5.110437e+002, 2.132827e-003
5.129721e+002, 2.104754e-003
5.149006e+002, 2.153368e-003
5.168290e+002, 2.179745e-003
5.187575e+002, 1.840621e-003
5.206860e+002, 1.703696e-003
5.226144e+002, 2.034198e-003
5.245429e+002, 2.207031e-003
5.264714e+002, 2.068978e-003
5.283998e+002, 2.070091e-003
5.303283e+002, 2.218775e-003
5.322568e+002, 2.184717e-003
5.341852e+002, 2.180465e-003
5.361137e+002, 2.229672e-003
5.380422e+002, 2.084409e-003
5.399706e+002, 2.337458e-003
5.418991e+002, 2.545323e-003
5.438276e+002, 2.209892e-003
5.457560e+002, 2.041962e-003
5.476845e+002, 2.244433e-003
5.496130e+002, 2.237226e-003
5.515414e+002, 2.289463e-003
5.534699e+002, 2.364650e-003
5.553984e+002, 2.320096e-003
5.573268e+002, 2.251757e-003
5.592553e+002, 2.234244e-003
5.611838e+002, 2.475491e-003
5.631122e+002, 2.690742e-003
5.650407e+002, 2.526286e-003
5.669692e+002, 2.350583e-003
5.688976e+002, 2.553910e-003
5.708261e+002, 2.824001e-003
5.727546e+002, 2.834136e-003
5.746830e+002, 2.882509e-003
5.766115e+002, 2.668065e-003
5.785400e+002, 2.408734e-003
5.804684e+002, 2.501675e-003
5.823969e+002, 2.587216e-003
5.843254e+002, 2.386674e-003
5.862538e+002, 2.484118e-003
5.881823e+002, 2.792388e-003
5.901108e+002, 2.931391e-003
5.920392e+002, 3.020293e-003
5.939677e+002, 3.173227e-003
5.958962e+002, 2.901101e-003
5.978246e+002, 2.748024e-003
5.997531e+002, 2.919698e-003
6.016816e+002, 2.836745e-003
6.036100e+002, 2.659227e-003
6.055385e+002, 2.742342e-003
6.074670e+002, 2.969727e-003
6.093954e+002, 3.019958e-003
6.113239e+002, 2.841337e-003
6.132524e+002, 2.926220e-003
6.151808e+002, 3.112921e-003
6.171093e+002, 3.127623e-003
6.190378e+002, 3.160931e-003
6.209662e+002, 3.185976e-003
6.228947e+002, 3.042164e-003
6.248232e+002, 2.928249e-003
6.267516e+002, 2.955971e-003
6.286801e+002, 3.052283e-003
6.306086e+002, 3.198663e-003
6.325370e+002, 3.011269e-003
6.344655e+002, 2.973885e-003
6.363940e+002, 3.110738e-003
6.383224e+002, 3.106476e-003
6.402509e+002, 3.182459e-003
6.421794e+002, 3.153564e-003
6.441078e+002, 3.261585e-003
6.460363e+002, 3.372203e-003
6.479648e+002, 3.239284e-003
6.498932e+002, 3.234395e-003
6.518217e+002, 3.410249e-003
6.537502e+002, 3.389449e-003
6.556786e+002, 3.283978e-003
6.576071e+002, 3.267187e-003
6.595356e+002, 3.274315e-003
6.614641e+002, 3.372933e-003
6.633925e+002, 3.372047e-003
6.653210e+002, 3.384795e-003
6.672495e+002, 3.496672e-003
6.691779e+002, 3.471704e-003
6.711064e+002, 3.478626e-003
6.730349e+002, 3.497807e-003
6.749633e+002, 3.468676e-003
6.768918e+002, 3.487869e-003
6.788203e+002, 3.565549e-003
6.807487e+002, 3.622096e-003
6.826772e+002, 3.606963e-003
6.846057e+002, 3.559249e-003
6.865341e+002, 3.474142e-003
6.884626e+002, 3.521960e-003
6.903911e+002, 3.587915e-003
6.923195e+002, 3.625379e-003
6.942480e+002, 3.583912e-003
6.961765e+002, 3.647794e-003
6.981049e+002, 3.636454e-003
7.000334e+002, 3.573455e-003
7.019619e+002, 3.637997e-003
7.038903e+002, 3.741331e-003
7.058188e+002, 3.781342e-003
7.077473e+002, 3.893684e-003
7.096757e+002, 3.904508e-003
7.116042e+002, 3.808541e-003
7.135327e+002, 3.739503e-003
7.154611e+002, 3.612562e-003
7.173896e+002, 3.591447e-003
7.193181e+002, 3.687886e-003
7.212465e+002, 3.815536e-003
7.231750e+002, 3.910619e-003
7.251035e+002, 3.942869e-003
7.270319e+002, 3.938183e-003
7.289604e+002, 4.006352e-003
7.308889e+002, 4.042655e-003
7.328173e+002, 4.056715e-003
7.347458e+002, 4.079917e-003
7.366743e+002, 4.047338e-003
7.386027e+002, 4.005221e-003
7.405312e+002, 3.914154e-003
7.424597e+002, 3.918744e-003
7.443881e+002, 4.043512e-003
7.463166e+002, 4.083736e-003
7.482451e+002, 4.075685e-003
7.501735e+002, 4.099404e-003
7.521020e+002, 4.032679e-003
7.540305e+002, 4.050001e-003
7.559589e+002, 4.124398e-003
7.578874e+002, 4.123019e-003
7.598159e+002, 4.093335e-003
7.617443e+002, 4.056937e-003
7.636728e+002, 4.084499e-003
7.656013e+002, 4.140555e-003
7.675297e+002, 4.144702e-003
7.694582e+002, 4.190767e-003
7.713867e+002, 4.182947e-003
7.733151e+002, 4.075116e-003
7.752436e+002, 4.034164e-003
7.771721e+002, 4.176462e-003
7.791005e+002, 4.242238e-003
7.810290e+002, 4.307145e-003
7.829575e+002, 4.313471e-003
7.848859e+002, 4.384837e-003
7.868144e+002, 4.507598e-003
7.887429e+002, 4.455203e-003
7.906713e+002, 4.310202e-003
7.925998e+002, 4.379226e-003
7.945283e+002, 4.470600e-003
7.964567e+002, 4.427051e-003
7.983852e+002, 4.371594e-003
8.003137e+002, 4.451471e-003
8.022421e+002, 4.458401e-003
8.041706e+002, 4.445450e-003
8.060991e+002, 4.540332e-003
8.080275e+002, 4.535246e-003
8.099560e+002, 4.590550e-003
8.118845e+002, 4.732324e-003
8.138129e+002, 4.728124e-003
8.157414e+002, 4.643167e-003
8.176699e+002, 4.633529e-003
8.195983e+002, 4.745252e-003
8.215268e+002, 4.841116e-003
8.234553e+002, 4.795124e-003
8.253837e+002, 4.792579e-003
8.273122e+002, 4.739802e-003
8.292407e+002, 4.701436e-003
8.311691e+002, 4.709328e-003
8.330976e+002, 4.822989e-003
8.350261e+002, 4.912195e-003
8.369545e+002, 4.912070e-003
8.388830e+002, 4.890596e-003
8.408115e+002, 4.927874e-003
8.427399e+002, 4.950780e-003
8.446684e+002, 4.939415e-003
8.465969e+002, 4.917087e-003
8.485253e+002, 4.984938e-003
8.504538e+002, 5.020403e-003
8.523823e+002, 4.990937e-003
8.543107e+002, 5.045038e-003
8.562392e+002, 5.053924e-003
8.581677e+002, 5.073262e-003
8.600961e+002, 5.035959e-003
8.620246e+002, 5.073277e-003
8.639531e+002, 5.168727e-003
8.658815e+002, 5.188846e-003
8.678100e+002, 5.214396e-003
8.697385e+002, 5.116251e-003
8.716669e+002, 5.040891e-003
8.735954e+002, 5.147301e-003
8.755239e+002, 5.151371e-003
8.774523e+002, 5.104813e-003
8.793808e+002, 5.131714e-003
8.813093e+002, 5.154836e-003
8.832377e+002, 5.202720e-003
8.851662e+002, 5.219729e-003
8.870947e+002, 5.180870e-003
8.890231e+002, 5.204703e-003
8.909516e+002, 5.257676e-003
8.928801e+002, 5.254571e-003
8.948085e+002, 5.268685e-003
8.967370e+002, 5.290581e-003
8.986655e+002, 5.285147e-003
9.005939e+002, 5.214890e-003
9.025224e+002, 5.209541e-003
9.044509e+002, 5.315405e-003
9.063793e+002, 5.371185e-003
9.083078e+002, 5.317664e-003
9.102363e+002, 5.260393e-003
9.121647e+002, 5.285260e-003
9.140932e+002, 5.316508e-003
9.160217e+002, 5.328524e-003
9.179501e+002, 5.378430e-003
9.198786e+002, 5.419110e-003
9.218071e+002, 5.454527e-003
9.237355e+002, 5.476395e-003
9.256640e+002, 5.404198e-003
9.275925e+002, 5.432528e-003
9.295209e+002, 5.540607e-003
9.314494e+002, 5.547252e-003
9.333779e+002, 5.436508e-003
9.353063e+002, 5.312861e-003
9.372348e+002, 5.362202e-003
9.391633e+002, 5.438068e-003
9.410917e+002, 5.436974e-003
9.430202e+002, 5.489788e-003
9.449487e+002, 5.613902e-003
9.468771e+002, 5.585508e-003
9.488056e+002, 5.504605e-003
9.507341e+002, 5.571060e-003
9.526625e+002, 5.671858e-003
9.545910e+002, 5.665671e-003
9.565195e+002, 5.620413e-003
9.584479e+002, 5.649062e-003
9.603764e+002, 5.752820e-003
9.623049e+002, 5.766538e-003
9.642333e+002, 5.723063e-003
9.661618e+002, 5.716401e-003
9.680903e+002, 5.800882e-003
9.700187e+002, 5.878301e-003
9.719472e+002, 5.907590e-003
9.738757e+002, 5.829006e-003
9.758041e+002, 5.875133e-003
9.777326e+002, 5.877645e-003
9.796611e+002, 5.826873e-003
9.815895e+002, 5.869009e-003
9.835180e+002, 5.852853e-003
9.854465e+002, 5.915508e-003
9.873749e+002, 6.071304e-003
9.893034e+002, 6.072124e-003
9.912319e+002, 6.010315e-003
9.931603e+002, 6.083013e-003
9.950888e+002, 6.163917e-003
9.970173e+002, 6.207397e-003
9.989457e+002, 6.230584e-003
1.000874e+003, 6.236726e-003
1.002803e+003, 6.185142e-003
1.004731e+003, 6.219526e-003
1.006660e+003, 6.327257e-003
1.008588e+003, 6.395258e-003
1.010517e+003, 6.377012e-003
1.012445e+003, 6.302293e-003
1.014373e+003, 6.355009e-003
1.016302e+003, 6.494710e-003
1.018230e+003, 6.473036e-003
1.020159e+003, 6.431379e-003
1.022087e+003, 6.449034e-003
1.024016e+003, 6.428292e-003
1.025944e+003, 6.478302e-003
1.027873e+003, 6.562086e-003
1.029801e+003, 6.517821e-003
1.031730e+003, 6.496971e-003
1.033658e+003, 6.567532e-003
1.035587e+003, 6.702747e-003
1.037515e+003, 6.743668e-003
1.039443e+003, 6.750399e-003
1.041372e+003, 6.779350e-003
1.043300e+003, 6.759412e-003
1.045229e+003, 6.791065e-003
1.047157e+003, 6.778695e-003
1.049086e+003, 6.785499e-003
1.051014e+003, 6.771994e-003
1.052943e+003, 6.840724e-003
1.054871e+003, 6.851869e-003
1.056800e+003, 6.845735e-003
1.058728e+003, 6.959220e-003
1.060657e+003, 6.975322e-003
1.062585e+003, 6.899079e-003
1.064514e+003, 6.765404e-003
1.066442e+003, 6.679065e-003
1.068370e+003, 6.794263e-003
1.070299e+003, 6.965073e-003
1.072227e+003, 6.987360e-003
1.074156e+003, 6.887904e-003
1.076084e+003, 6.847695e-003
1.078013e+003, 6.854639e-003
1.079941e+003, 6.860402e-003
1.081870e+003, 6.808237e-003
1.083798e+003, 6.856700e-003
1.085727e+003, 6.946658e-003
1.087655e+003, 6.974138e-003
1.089584e+003, 6.890556e-003
1.091512e+003, 6.853323e-003
1.093441e+003, 6.915388e-003
1.095369e+003, 6.904642e-003
1.097297e+003, 6.832255e-003
1.099226e+003, 6.725084e-003
1.101154e+003, 6.769446e-003
1.103083e+003, 6.828384e-003
1.105011e+003, 6.840099e-003
1.106940e+003, 6.880870e-003
1.108868e+003, 6.871315e-003
1.110797e+003, 6.823198e-003
1.112725e+003, 6.730875e-003
1.114654e+003, 6.776846e-003
1.116582e+003, 6.869692e-003
1.118511e+003, 6.928922e-003
1.120439e+003, 6.914245e-003
1.122368e+003, 6.809188e-003
1.124296e+003, 6.899130e-003
1.126224e+003, 6.946276e-003
1.128153e+003, 6.974854e-003
1.130081e+003, 6.897643e-003
1.132010e+003, 6.876854e-003
1.133938e+003, 6.952850e-003
1.135867e+003, 6.871622e-003
1.137795e+003, 6.773049e-003
1.139724e+003, 6.899512e-003
1.141652e+003, 6.989904e-003
1.143581e+003, 6.920901e-003
1.145509e+003, 6.866685e-003
1.147438e+003, 6.841549e-003
1.149366e+003, 6.873356e-003
1.151295e+003, 6.978416e-003
1.153223e+003, 7.026995e-003
1.155151e+003, 6.977381e-003
1.157080e+003, 6.957152e-003
1.159008e+003, 6.989268e-003
1.160937e+003, 6.992201e-003
1.162865e+003, 7.000729e-003
1.164794e+003, 6.981229e-003
1.166722e+003, 6.981696e-003
1.168651e+003, 7.084483e-003
1.170579e+003, 7.119143e-003
1.172508e+003, 7.077017e-003
1.174436e+003, 7.062339e-003
1.176365e+003, 7.065636e-003
1.178293e+003, 7.098437e-003
1.180222e+003, 7.025168e-003
1.182150e+003, 6.950086e-003
1.184078e+003, 6.970969e-003
1.186007e+003, 7.002119e-003
1.187935e+003, 7.070285e-003
1.189864e+003, 7.100909e-003
1.191792e+003, 7.152814e-003
1.193721e+003, 7.160619e-003
1.195649e+003, 7.068444e-003
1.197578e+003, 7.124616e-003
1.199506e+003, 7.184968e-003
1.201435e+003, 7.225096e-003
1.203363e+003, 7.301908e-003
1.205292e+003, 7.351315e-003
1.207220e+003, 7.328192e-003
1.209149e+003, 7.287450e-003
1.211077e+003, 7.343913e-003
1.213005e+003, 7.353040e-003
1.214934e+003, 7.394979e-003
1.216862e+003, 7.510666e-003
1.218791e+003, 7.553414e-003
1.220719e+003, 7.455748e-003
1.222648e+003, 7.391730e-003
1.224576e+003, 7.487247e-003
1.226505e+003, 7.533082e-003
1.228433e+003, 7.556238e-003
1.230362e+003, 7.640176e-003
1.232290e+003, 7.735367e-003
1.234219e+003, 7.739589e-003
1.236147e+003, 7.654996e-003
1.238076e+003, 7.650461e-003
1.240004e+003, 7.790751e-003
1.241932e+003, 7.894349e-003
1.243861e+003, 7.855505e-003
1.245789e+003, 7.818893e-003
1.247718e+003, 7.789641e-003
1.249646e+003, 7.721792e-003
1.251575e+003, 7.679617e-003
1.253503e+003, 7.731848e-003
1.255432e+003, 7.794166e-003
1.257360e+003, 7.835553e-003
1.259289e+003, 7.835762e-003
1.261217e+003, 7.918942e-003
1.263146e+003, 7.867190e-003
1.265074e+003, 7.818185e-003
1.267003e+003, 7.788416e-003
1.268931e+003, 7.707996e-003
1.270859e+003, 7.812764e-003
1.272788e+003, 7.951289e-003
1.274716e+003, 8.045827e-003
1.276645e+003, 8.071818e-003
1.278573e+003, 8.086247e-003
1.280502e+003, 8.096161e-003
1.282430e+003, 8.132155e-003
1.284359e+003, 8.092611e-003
1.286287e+003, 8.019019e-003
1.288216e+003, 7.983455e-003
1.290144e+003, 8.057548e-003
1.292073e+003, 8.137306e-003
1.294001e+003, 8.216926e-003
1.295930e+003, 8.378251e-003
1.297858e+003, 8.309189e-003
1.299786e+003, 8.146911e-003
1.301715e+003, 8.205472e-003
1.303643e+003, 8.249841e-003
1.305572e+003, 8.158114e-003
1.307500e+003, 8.282336e-003
1.309429e+003, 8.482126e-003
1.311357e+003, 8.409594e-003
1.313286e+003, 8.343801e-003
1.315214e+003, 8.401159e-003
1.317143e+003, 8.463084e-003
1.319071e+003, 8.445223e-003
1.321000e+003, 8.421502e-003
1.322928e+003, 8.438645e-003
1.324857e+003, 8.490105e-003
1.326785e+003, 8.459812e-003
1.328714e+003, 8.422072e-003
1.330642e+003, 8.405754e-003
1.332570e+003, 8.402301e-003
1.334499e+003, 8.424106e-003
1.336427e+003, 8.475236e-003
1.338356e+003, 8.586108e-003
1.340284e+003, 8.499244e-003
1.342213e+003, 8.406698e-003
1.344141e+003, 8.423926e-003
1.346070e+003, 8.482395e-003
1.347998e+003, 8.529127e-003
1.349927e+003, 8.555988e-003
1.351855e+003, 8.504402e-003
1.353784e+003, 8.477167e-003
1.355712e+003, 8.493207e-003
1.357641e+003, 8.527925e-003
1.359569e+003, 8.657603e-003
1.361497e+003, 8.630928e-003
1.363426e+003, 8.508948e-003
1.365354e+003, 8.492162e-003
1.367283e+003, 8.604812e-003
1.369211e+003, 8.699531e-003
1.371140e+003, 8.829075e-003
1.373068e+003, 8.874371e-003
1.374997e+003, 8.836710e-003
1.376925e+003, 8.842066e-003
1.378854e+003, 8.888206e-003
1.380782e+003, 8.866461e-003
1.382711e+003, 8.765589e-003
1.384639e+003, 8.806399e-003
1.386568e+003, 8.917694e-003
1.388496e+003, 8.896105e-003
1.390424e+003, 8.916410e-003
1.392353e+003, 8.961926e-003
1.394281e+003, 8.978372e-003
1.396210e+003, 8.970083e-003
1.398138e+003, 9.049804e-003
1.400067e+003, 9.158962e-003
1.401995e+003, 9.129137e-003
1.403924e+003, 9.128379e-003
1.405852e+003, 9.055480e-003
1.407781e+003, 9.050670e-003
1.409709e+003, 9.051927e-003
1.411638e+003, 8.991117e-003
1.413566e+003, 8.999740e-003
1.415495e+003, 9.103308e-003
1.417423e+003, 9.206472e-003
1.419351e+003, 9.304168e-003
1.421280e+003, 9.214124e-003
1.423208e+003, 9.161390e-003
1.425137e+003, 9.201936e-003
1.427065e+003, 9.249040e-003
1.428994e+003, 9.317772e-003
1.430922e+003, 9.318314e-003
1.432851e+003, 9.287259e-003
1.434779e+003, 9.360369e-003
1.436708e+003, 9.427463e-003
1.438636e+003, 9.322484e-003
1.440565e+003, 9.325291e-003
1.442493e+003, 9.357666e-003
1.444422e+003, 9.398595e-003
1.446350e+003, 9.400441e-003
1.448278e+003, 9.397631e-003
1.450207e+003, 9.374637e-003
1.452135e+003, 9.353652e-003
1.454064e+003, 9.495424e-003
1.455992e+003, 9.742107e-003
1.457921e+003, 9.655285e-003
1.459849e+003, 9.397547e-003
1.461778e+003, 9.226727e-003
1.463706e+003, 9.263750e-003
1.465635e+003, 9.411921e-003
1.467563e+003, 9.380729e-003
1.469492e+003, 9.431203e-003
1.471420e+003, 9.659151e-003
1.473349e+003, 9.830377e-003
1.475277e+003, 9.711517e-003
1.477205e+003, 9.598251e-003
1.479134e+003, 9.654910e-003
1.481062e+003, 9.747509e-003
1.482991e+003, 9.768931e-003
1.484919e+003, 9.762802e-003
1.486848e+003, 9.801541e-003
1.488776e+003, 9.880968e-003
1.490705e+003, 9.848280e-003
1.492633e+003, 9.714157e-003
1.494562e+003, 9.854503e-003
1.496490e+003, 9.963836e-003
1.498419e+003, 9.946225e-003
1.500347e+003, 9.875742e-003
1.502276e+003, 9.830169e-003
1.504204e+003, 9.958514e-003
1.506132e+003, 1.014658e-002
1.508061e+003, 1.008223e-002
1.509989e+003, 9.985690e-003
1.511918e+003, 9.975707e-003
1.513846e+003, 9.998107e-003
1.515775e+003, 9.971682e-003
1.517703e+003, 9.993611e-003
1.519632e+003, 1.010114e-002
1.521560e+003, 1.018308e-002
1.523489e+003, 1.011146e-002
1.525417e+003, 1.014725e-002
1.527346e+003, 1.017719e-002
1.529274e+003, 1.015901e-002
1.531203e+003, 1.020722e-002
1.533131e+003, 1.007534e-002
1.535059e+003, 1.000690e-002
1.536988e+003, 1.011217e-002
1.538916e+003, 1.036702e-002
1.540845e+003, 1.042295e-002
1.542773e+003, 1.030267e-002
1.544702e+003, 1.024679e-002
1.546630e+003, 1.016317e-002
1.548559e+003, 1.023065e-002
1.550487e+003, 1.031162e-002
1.552416e+003, 1.035636e-002
1.554344e+003, 1.036221e-002
1.556273e+003, 1.038690e-002
1.558201e+003, 1.058949e-002
1.560130e+003, 1.056442e-002
1.562058e+003, 1.038920e-002
1.563986e+003, 1.037745e-002
1.565915e+003, 1.038145e-002
1.567843e+003, 1.037598e-002
1.569772e+003, 1.047975e-002
1.571700e+003, 1.039585e-002
1.573629e+003, 1.041681e-002
1.575557e+003, 1.057287e-002
1.577486e+003, 1.046432e-002
1.579414e+003, 1.048407e-002
1.581343e+003, 1.068119e-002
1.583271e+003, 1.064818e-002
1.585200e+003, 1.050391e-002
1.587128e+003, 1.050479e-002
1.589057e+003, 1.056411e-002
1.590985e+003, 1.065568e-002
1.592913e+003, 1.073807e-002
1.594842e+003, 1.065994e-002
1.596770e+003, 1.067476e-002
1.598699e+003, 1.074194e-002
1.600627e+003, 1.081415e-002
1.602556e+003, 1.090532e-002
1.604484e+003, 1.092482e-002
1.606413e+003, 1.093828e-002
1.608341e+003, 1.096749e-002
1.610270e+003, 1.103944e-002
1.612198e+003, 1.106097e-002
1.614127e+003, 1.117989e-002
1.616055e+003, 1.145396e-002
1.617984e+003, 1.137494e-002
1.619912e+003, 1.114459e-002
1.621840e+003, 1.119089e-002
1.623769e+003, 1.132250e-002
1.625697e+003, 1.122631e-002
1.627626e+003, 1.114326e-002
1.629554e+003, 1.117209e-002
1.631483e+003, 1.130702e-002
1.633411e+003, 1.143742e-002
1.635340e+003, 1.155930e-002
1.637268e+003, 1.150655e-002
1.639197e+003, 1.153843e-002
1.641125e+003, 1.152238e-002
1.643054e+003, 1.140818e-002
1.644982e+003, 1.146538e-002
1.646911e+003, 1.160665e-002
1.648839e+003, 1.150892e-002
1.650767e+003, 1.164567e-002
1.652696e+003, 1.190783e-002
1.654624e+003, 1.160863e-002
1.656553e+003, 1.129524e-002
1.658481e+003, 1.135489e-002
1.660410e+003, 1.143573e-002
1.662338e+003, 1.143843e-002
1.664267e+003, 1.128488e-002
1.666195e+003, 1.123156e-002
1.668124e+003, 1.142254e-002
1.670052e+003, 1.150866e-002
1.671981e+003, 1.148277e-002
1.673909e+003, 1.150695e-002
1.675838e+003, 1.130057e-002
1.677766e+003, 1.113348e-002
1.679694e+003, 1.131702e-002
1.681623e+003, 1.149907e-002
1.683551e+003, 1.167293e-002
1.685480e+003, 1.155982e-002
1.687408e+003, 1.143157e-002
1.689337e+003, 1.147057e-002
1.691265e+003, 1.147000e-002
1.693194e+003, 1.146484e-002
1.695122e+003, 1.170522e-002
1.697051e+003, 1.173796e-002
1.698979e+003, 1.178390e-002
1.700908e+003, 1.185804e-002
1.702836e+003, 1.164086e-002
1.704765e+003, 1.152173e-002
1.706693e+003, 1.161202e-002
1.708621e+003, 1.168771e-002
1.710550e+003, 1.160176e-002
1.712478e+003, 1.164049e-002
1.714407e+003, 1.173843e-002
1.716335e+003, 1.185690e-002
1.718264e+003, 1.178612e-002
1.720192e+003, 1.165830e-002
1.722121e+003, 1.167653e-002
1.724049e+003, 1.173812e-002
1.725978e+003, 1.171814e-002
1.727906e+003, 1.166360e-002
1.729835e+003, 1.164623e-002
1.731763e+003, 1.171061e-002
1.733692e+003, 1.166986e-002
1.735620e+003, 1.124813e-002
1.737548e+003, 1.103054e-002
1.739477e+003, 1.114239e-002
1.741405e+003, 1.100859e-002
1.743334e+003, 1.099406e-002
1.745262e+003, 1.101907e-002
1.747191e+003, 1.093557e-002
1.749119e+003, 1.093788e-002
1.751048e+003, 1.089626e-002
1.752976e+003, 1.097525e-002
1.754905e+003, 1.114845e-002
1.756833e+003, 1.112473e-002
1.758762e+003, 1.107840e-002
1.760690e+003, 1.116306e-002
1.762619e+003, 1.127581e-002
1.764547e+003, 1.132285e-002
1.766475e+003, 1.134224e-002
1.768404e+003, 1.125484e-002
1.770332e+003, 1.128170e-002
1.772261e+003, 1.137992e-002
1.774189e+003, 1.119252e-002
1.776118e+003, 1.127658e-002
1.778046e+003, 1.139489e-002
1.779975e+003, 1.135092e-002
1.781903e+003, 1.137934e-002
1.783832e+003, 1.144990e-002
1.785760e+003, 1.145969e-002
1.787689e+003, 1.148614e-002
1.789617e+003, 1.151430e-002
1.791546e+003, 1.148718e-002
1.793474e+003, 1.140324e-002
1.795402e+003, 1.127366e-002
1.797331e+003, 1.126764e-002
1.799259e+003, 1.138818e-002
1.801188e+003, 1.141074e-002
1.803116e+003, 1.158860e-002
1.805045e+003, 1.158309e-002
1.806973e+003, 1.144095e-002
1.808902e+003, 1.144240e-002
1.810830e+003, 1.156243e-002
1.812759e+003, 1.164892e-002
1.814687e+003, 1.152915e-002
1.816616e+003, 1.130512e-002
1.818544e+003, 1.125245e-002
1.820473e+003, 1.147630e-002
1.822401e+003, 1.167203e-002
1.824329e+003, 1.187789e-002
1.826258e+003, 1.196238e-002
1.828186e+003, 1.190079e-002
1.830115e+003, 1.175498e-002
1.832043e+003, 1.167052e-002
1.833972e+003, 1.161634e-002
1.835900e+003, 1.157208e-002
1.837829e+003, 1.177183e-002
1.839757e+003, 1.191609e-002
1.841686e+003, 1.181196e-002
1.843614e+003, 1.165708e-002
1.845543e+003, 1.155909e-002
1.847471e+003, 1.174600e-002
1.849400e+003, 1.198638e-002
1.851328e+003, 1.207055e-002
1.853256e+003, 1.223555e-002
1.855185e+003, 1.224753e-002
1.857113e+003, 1.202376e-002
1.859042e+003, 1.198610e-002
1.860970e+003, 1.220071e-002
1.862899e+003, 1.228410e-002
1.864827e+003, 1.217732e-002
1.866756e+003, 1.203508e-002
1.868684e+003, 1.203677e-002
1.870613e+003, 1.194232e-002
1.872541e+003, 1.196760e-002
1.874470e+003, 1.198459e-002
1.876398e+003, 1.204847e-002
1.878327e+003, 1.205997e-002
1.880255e+003, 1.206673e-002
1.882183e+003, 1.231262e-002
1.884112e+003, 1.221960e-002
1.886040e+003, 1.205547e-002
1.887969e+003, 1.213394e-002
1.889897e+003, 1.224975e-002
1.891826e+003, 1.210218e-002
1.893754e+003, 1.211203e-002
1.895683e+003, 1.238888e-002
1.897611e+003, 1.246072e-002
1.899540e+003, 1.247504e-002
1.901468e+003, 1.246647e-002
1.903397e+003, 1.215891e-002
1.905325e+003, 1.205445e-002
1.907254e+003, 1.219144e-002
1.909182e+003, 1.222418e-002
1.911110e+003, 1.230594e-002
1.913039e+003, 1.234544e-002
1.914967e+003, 1.216999e-002
1.916896e+003, 1.230123e-002
1.918824e+003, 1.226218e-002
1.920753e+003, 1.188605e-002
1.922681e+003, 1.209400e-002
1.924610e+003, 1.196483e-002
1.926538e+003, 1.133276e-002
1.928467e+003, 1.148221e-002
1.930395e+003, 1.168773e-002
1.932324e+003, 1.166331e-002
1.934252e+003, 1.216132e-002
1.936181e+003, 1.244810e-002
1.938109e+003, 1.190519e-002
1.940037e+003, 1.142260e-002
1.941966e+003, 1.183517e-002
1.943894e+003, 1.214065e-002
1.945823e+003, 1.210135e-002
1.947751e+003, 1.213770e-002
1.949680e+003, 1.223433e-002
1.951608e+003, 1.246204e-002
1.953537e+003, 1.233872e-002
1.955465e+003, 1.178512e-002
1.957394e+003, 1.171441e-002
1.959322e+003, 1.190401e-002
1.961251e+003, 1.137329e-002
1.963179e+003, 1.130148e-002
1.965108e+003, 1.129800e-002
1.967036e+003, 1.152263e-002
1.968964e+003, 1.172770e-002
1.970893e+003, 1.151286e-002
1.972821e+003, 1.160290e-002
1.974750e+003, 1.219617e-002
1.976678e+003, 1.329535e-002
1.978607e+003, 1.422685e-002
1.980535e+003, 1.409815e-002
1.982464e+003, 1.352782e-002
1.984392e+003, 1.321516e-002
1.986321e+003, 1.243420e-002
1.988249e+003, 1.167888e-002
1.990178e+003, 1.236877e-002
1.992106e+003, 1.312203e-002
1.994035e+003, 1.288677e-002
1.995963e+003, 1.235408e-002
1.997891e+003, 1.175719e-002
1.999820e+003, 1.228970e-002
2.001748e+003, 1.199714e-002
2.003677e+003, 1.101123e-002
2.005605e+003, 1.129019e-002
2.007534e+003, 1.266047e-002
2.009462e+003, 1.285248e-002
2.011391e+003, 1.239569e-002
2.013319e+003, 1.298067e-002
2.015248e+003, 1.334606e-002
2.017176e+003, 1.252274e-002
2.019105e+003, 1.185178e-002
2.021033e+003, 1.205868e-002
2.022962e+003, 1.192205e-002
2.024890e+003, 1.228734e-002
2.026818e+003, 1.283305e-002
2.028747e+003, 1.240230e-002
2.030675e+003, 1.247168e-002
2.032604e+003, 1.344172e-002
2.034532e+003, 1.424867e-002
2.036461e+003, 1.427973e-002
2.038389e+003, 1.397922e-002
2.040318e+003, 1.402431e-002
2.042246e+003, 1.368414e-002
2.044175e+003, 1.308921e-002
2.046103e+003, 1.321736e-002
2.048031e+003, 1.446452e-002
2.049960e+003, 1.532335e-002
2.051888e+003, 1.441327e-002
2.053817e+003, 1.381620e-002
2.055745e+003, 1.398850e-002
2.057674e+003, 1.388244e-002
2.059602e+003, 1.361804e-002
2.061531e+003, 1.380780e-002
2.063459e+003, 1.453033e-002
2.065388e+003, 1.485160e-002
2.067316e+003, 1.449017e-002
2.069245e+003, 1.416080e-002
2.071173e+003, 1.428848e-002
2.073102e+003, 1.449652e-002
2.075030e+003, 1.468260e-002
2.076958e+003, 1.467323e-002
2.078887e+003, 1.421972e-002
2.080815e+003, 1.376831e-002
2.082744e+003, 1.367352e-002
2.084672e+003, 1.382666e-002
2.086601e+003, 1.378378e-002
2.088529e+003, 1.387465e-002
2.090458e+003, 1.376179e-002
2.092386e+003, 1.329182e-002
2.094315e+003, 1.333632e-002
2.096243e+003, 1.402203e-002
2.098172e+003, 1.423786e-002
2.100100e+003, 1.456949e-002
2.102029e+003, 1.470807e-002
2.103957e+003, 1.461544e-002
2.105885e+003, 1.446082e-002
2.107814e+003, 1.392178e-002
2.109742e+003, 1.382984e-002
2.111671e+003, 1.412459e-002
2.113599e+003, 1.444663e-002
2.115528e+003, 1.452796e-002
2.117456e+003, 1.413522e-002
2.119385e+003, 1.364719e-002
2.121313e+003, 1.356559e-002
2.123242e+003, 1.414241e-002
2.125170e+003, 1.390459e-002
2.127099e+003, 1.320443e-002
2.129027e+003, 1.317024e-002
2.130956e+003, 1.280180e-002
2.132884e+003, 1.225765e-002
2.134813e+003, 1.264160e-002
2.136741e+003, 1.251143e-002
2.138669e+003, 1.272091e-002
2.140598e+003, 1.359664e-002
2.142526e+003, 1.309282e-002
2.144455e+003, 1.246679e-002
2.146383e+003, 1.275598e-002
2.148312e+003, 1.352675e-002
2.150240e+003, 1.323860e-002
2.152169e+003, 1.272356e-002
2.154097e+003, 1.308377e-002
2.156026e+003, 1.249424e-002
2.157954e+003, 1.240267e-002
2.159883e+003, 1.490214e-002
2.161811e+003, 1.527277e-002
2.163740e+003, 1.542580e-002
2.165668e+003, 1.595563e-002
2.167596e+003, 1.633019e-002
2.169525e+003, 1.632519e-002
2.171453e+003, 1.521855e-002
2.173382e+003, 1.478392e-002
2.175310e+003, 1.495227e-002
2.177239e+003, 1.479462e-002
2.179167e+003, 1.437114e-002
2.181096e+003, 1.406833e-002
2.183024e+003, 1.468935e-002
2.184953e+003, 1.571842e-002
2.186881e+003, 1.565141e-002
2.188810e+003, 1.524954e-002
2.190738e+003, 1.498722e-002
2.192667e+003, 1.519602e-002
2.194595e+003, 1.551547e-002
2.196523e+003, 1.524760e-002
2.198452e+003, 1.489578e-002
2.200380e+003, 1.472965e-002
2.202309e+003, 1.504592e-002
2.204237e+003, 1.518805e-002
2.206166e+003, 1.528207e-002
2.208094e+003, 1.524436e-002
2.210023e+003, 1.543275e-002
2.211951e+003, 1.508685e-002
2.213880e+003, 1.505478e-002
2.215808e+003, 1.501517e-002
2.217737e+003, 1.543719e-002
2.219665e+003, 1.548238e-002
2.221594e+003, 1.512286e-002
2.223522e+003, 1.537864e-002
2.225450e+003, 1.516979e-002
2.227379e+003, 1.449271e-002
2.229307e+003, 1.436296e-002
2.231236e+003, 1.501399e-002
2.233164e+003, 1.527529e-002
2.235093e+003, 1.553896e-002
2.237021e+003, 1.538932e-002
2.238950e+003, 1.497308e-002
2.240878e+003, 1.502495e-002
2.242807e+003, 1.506702e-002
2.244735e+003, 1.485452e-002
2.246664e+003, 1.498611e-002
2.248592e+003, 1.509294e-002
2.250521e+003, 1.495126e-002
2.252449e+003, 1.527657e-002
2.254377e+003, 1.563911e-002
2.256306e+003, 1.594302e-002
2.258234e+003, 1.592622e-002
2.260163e+003, 1.584453e-002
2.262091e+003, 1.592090e-002
2.264020e+003, 1.576675e-002
2.265948e+003, 1.567284e-002
2.267877e+003, 1.573688e-002
2.269805e+003, 1.577112e-002
2.271734e+003, 1.557589e-002
2.273662e+003, 1.564430e-002
2.275591e+003, 1.588319e-002
2.277519e+003, 1.601437e-002
2.279448e+003, 1.620311e-002
2.281376e+003, 1.659801e-002
2.283304e+003, 1.713055e-002
2.285233e+003, 1.745392e-002
2.287161e+003, 1.718470e-002
2.289090e+003, 1.682576e-002
2.291018e+003, 1.684634e-002
2.292947e+003, 1.672646e-002
2.294875e+003, 1.629052e-002
2.296804e+003, 1.625640e-002
2.298732e+003, 1.661779e-002
2.300661e+003, 1.675948e-002
2.302589e+003, 1.641469e-002
2.304518e+003, 1.636339e-002
2.306446e+003, 1.663548e-002
2.308375e+003, 1.680136e-002
2.310303e+003, 1.697693e-002
2.312231e+003, 1.709919e-002
2.314160e+003, 1.697455e-002
2.316088e+003, 1.694499e-002
2.318017e+003, 1.710057e-002
2.319945e+003, 1.728103e-002
2.321874e+003, 1.752254e-002
2.323802e+003, 1.755136e-002
2.325731e+003, 1.685669e-002
2.327659e+003, 1.648733e-002
2.329588e+003, 1.651810e-002
2.331516e+003, 1.643865e-002
2.333445e+003, 1.633563e-002
2.335373e+003, 1.633868e-002
2.337302e+003, 1.650848e-002
2.339230e+003, 1.639622e-002
2.341158e+003, 1.627100e-002
2.343087e+003, 1.638396e-002
2.345015e+003, 1.664241e-002
2.346944e+003, 1.647068e-002
2.348872e+003, 1.617263e-002
2.350801e+003, 1.606404e-002
2.352729e+003, 1.604396e-002
2.354658e+003, 1.616030e-002
2.356586e+003, 1.633546e-002
2.358515e+003, 1.629078e-002
2.360443e+003, 1.616592e-002
2.362372e+003, 1.601971e-002
2.364300e+003, 1.590126e-002
2.366229e+003, 1.588461e-002
2.368157e+003, 1.592393e-002
2.370085e+003, 1.576273e-002
2.372014e+003, 1.579016e-002
2.373942e+003, 1.604864e-002
2.375871e+003, 1.601570e-002
2.377799e+003, 1.584603e-002
2.379728e+003, 1.593672e-002
2.381656e+003, 1.611866e-002
2.383585e+003, 1.610764e-002
2.385513e+003, 1.607508e-002
2.387442e+003, 1.580667e-002
2.389370e+003, 1.555026e-002
2.391299e+003, 1.550933e-002
2.393227e+003, 1.575722e-002
2.395156e+003, 1.602037e-002
2.397084e+003, 1.611425e-002
2.399012e+003, 1.603131e-002
2.400941e+003, 1.583418e-002
2.402869e+003, 1.577140e-002
2.404798e+003, 1.598946e-002
2.406726e+003, 1.627909e-002
2.408655e+003, 1.636234e-002
2.410583e+003, 1.619972e-002
2.412512e+003, 1.612777e-002
2.414440e+003, 1.625205e-002
2.416369e+003, 1.589682e-002
2.418297e+003, 1.606376e-002
2.420226e+003, 1.635737e-002
2.422154e+003, 1.619744e-002
2.424083e+003, 1.643745e-002
2.426011e+003, 1.655267e-002
2.427939e+003, 1.670296e-002
2.429868e+003, 1.668171e-002
2.431796e+003, 1.652757e-002
2.433725e+003, 1.656934e-002
2.435653e+003, 1.677161e-002
2.437582e+003, 1.686236e-002
2.439510e+003, 1.667368e-002
2.441439e+003, 1.640897e-002
2.443367e+003, 1.645647e-002
2.445296e+003, 1.676574e-002
2.447224e+003, 1.686224e-002
2.449153e+003, 1.677619e-002
2.451081e+003, 1.679014e-002
2.453010e+003, 1.682094e-002
2.454938e+003, 1.695754e-002
2.456866e+003, 1.695349e-002
2.458795e+003, 1.685134e-002
2.460723e+003, 1.667091e-002
2.462652e+003, 1.651856e-002
2.464580e+003, 1.643091e-002
2.466509e+003, 1.651638e-002
2.468437e+003, 1.670365e-002
2.470366e+003, 1.675445e-002
2.472294e+003, 1.663765e-002
2.474223e+003, 1.677145e-002
2.476151e+003, 1.676344e-002
2.478080e+003, 1.655309e-002
2.480008e+003, 1.663966e-002
2.481937e+003, 1.663514e-002
2.483865e+003, 1.661305e-002
2.485793e+003, 1.681525e-002
2.487722e+003, 1.670933e-002
2.489650e+003, 1.637466e-002
2.491579e+003, 1.650419e-002
2.493507e+003, 1.680147e-002
2.495436e+003, 1.656373e-002
2.497364e+003, 1.650504e-002
2.499293e+003, 1.654696e-002
2.501221e+003, 1.653978e-002
2.503150e+003, 1.667036e-002
2.505078e+003, 1.655854e-002
2.507007e+003, 1.641181e-002
2.508935e+003, 1.665249e-002
2.510864e+003, 1.662078e-002
2.512792e+003, 1.648680e-002
2.514720e+003, 1.632030e-002
2.516649e+003, 1.614916e-002
2.518577e+003, 1.650340e-002
2.520506e+003, 1.703513e-002
2.522434e+003, 1.695632e-002
2.524363e+003, 1.676729e-002
2.526291e+003, 1.658463e-002
2.528220e+003, 1.663505e-002
2.530148e+003, 1.704734e-002
2.532077e+003, 1.734795e-002
2.534005e+003, 1.710402e-002
2.535934e+003, 1.665842e-002
2.537862e+003, 1.640254e-002
2.539791e+003, 1.659747e-002
2.541719e+003, 1.680502e-002
2.543647e+003, 1.697292e-002
2.545576e+003, 1.707265e-002
2.547504e+003, 1.696334e-002
2.549433e+003, 1.688209e-002
2.551361e+003, 1.684920e-002
2.553290e+003, 1.722500e-002
2.555218e+003, 1.706604e-002
2.557147e+003, 1.692182e-002
2.559075e+003, 1.695937e-002
2.561004e+003, 1.705151e-002
2.562932e+003, 1.714878e-002
2.564861e+003, 1.699590e-002
2.566789e+003, 1.699132e-002
2.568718e+003, 1.715101e-002
2.570646e+003, 1.724139e-002
2.572574e+003, 1.724394e-002
2.574503e+003, 1.732080e-002
2.576431e+003, 1.741952e-002
2.578360e+003, 1.716048e-002
2.580288e+003, 1.707383e-002
2.582217e+003, 1.744621e-002
2.584145e+003, 1.750516e-002
2.586074e+003, 1.760213e-002
2.588002e+003, 1.770088e-002
2.589931e+003, 1.754836e-002
2.591859e+003, 1.735934e-002
2.593788e+003, 1.718436e-002
2.595716e+003, 1.708457e-002
2.597645e+003, 1.730194e-002
2.599573e+003, 1.752000e-002
2.601501e+003, 1.756442e-002
2.603430e+003, 1.778134e-002
2.605358e+003, 1.768498e-002
2.607287e+003, 1.755391e-002
2.609215e+003, 1.775999e-002
2.611144e+003, 1.779368e-002
2.613072e+003, 1.766479e-002
2.615001e+003, 1.775044e-002
2.616929e+003, 1.774486e-002
2.618858e+003, 1.760537e-002
2.620786e+003, 1.779412e-002
2.622715e+003, 1.795446e-002
2.624643e+003, 1.798029e-002
2.626572e+003, 1.787327e-002
2.628500e+003, 1.780261e-002
2.630428e+003, 1.801638e-002
2.632357e+003, 1.812520e-002
2.634285e+003, 1.779650e-002
2.636214e+003, 1.788103e-002
2.638142e+003, 1.807046e-002
2.640071e+003, 1.807923e-002
2.641999e+003, 1.834360e-002
2.643928e+003, 1.832388e-002
2.645856e+003, 1.811537e-002
2.647785e+003, 1.815514e-002
2.649713e+003, 1.815632e-002
2.651642e+003, 1.823996e-002
2.653570e+003, 1.806565e-002
2.655499e+003, 1.795187e-002
2.657427e+003, 1.803538e-002
2.659355e+003, 1.791691e-002
2.661284e+003, 1.766421e-002
2.663212e+003, 1.763311e-002
2.665141e+003, 1.772425e-002
2.667069e+003, 1.768844e-002
2.668998e+003, 1.769827e-002
2.670926e+003, 1.778744e-002
2.672855e+003, 1.794975e-002
2.674783e+003, 1.790924e-002
2.676712e+003, 1.773321e-002
2.678640e+003, 1.760477e-002
2.680569e+003, 1.767381e-002
2.682497e+003, 1.776846e-002
2.684426e+003, 1.778657e-002
2.686354e+003, 1.775822e-002
2.688282e+003, 1.766616e-002
2.690211e+003, 1.770969e-002
2.692139e+003, 1.780018e-002
2.694068e+003, 1.769747e-002
2.695996e+003, 1.772936e-002
2.697925e+003, 1.783707e-002
2.699853e+003, 1.782348e-002
2.701782e+003, 1.776223e-002
2.703710e+003, 1.781911e-002
2.705639e+003, 1.781016e-002
2.707567e+003, 1.777358e-002
2.709496e+003, 1.773091e-002
2.711424e+003, 1.771280e-002
2.713353e+003, 1.792082e-002
2.715281e+003, 1.809232e-002
2.717209e+003, 1.813132e-002
2.719138e+003, 1.811601e-002
2.721066e+003, 1.798137e-002
2.722995e+003, 1.805999e-002
2.724923e+003, 1.822836e-002
2.726852e+003, 1.810538e-002
2.728780e+003, 1.795909e-002
2.730709e+003, 1.808368e-002
2.732637e+003, 1.805259e-002
2.734566e+003, 1.783068e-002
2.736494e+003, 1.795141e-002
2.738423e+003, 1.822450e-002
2.740351e+003, 1.823872e-002
2.742280e+003, 1.815910e-002
2.744208e+003, 1.807789e-002
2.746136e+003, 1.808256e-002
2.748065e+003, 1.828090e-002
2.749993e+003, 1.825913e-002
2.751922e+003, 1.808362e-002
2.753850e+003, 1.813873e-002
2.755779e+003, 1.820992e-002
2.757707e+003, 1.798556e-002
2.759636e+003, 1.784286e-002
2.761564e+003, 1.803449e-002
2.763493e+003, 1.819378e-002
2.765421e+003, 1.809615e-002
2.767350e+003, 1.810225e-002
2.769278e+003, 1.814141e-002
2.771207e+003, 1.813661e-002
2.773135e+003, 1.794963e-002
2.775063e+003, 1.812191e-002
2.776992e+003, 1.841690e-002
2.778920e+003, 1.822056e-002
2.780849e+003, 1.790464e-002
2.782777e+003, 1.809880e-002
2.784706e+003, 1.800055e-002
2.786634e+003, 1.811649e-002
2.788563e+003, 1.847713e-002
2.790491e+003, 1.818670e-002
2.792420e+003, 1.809324e-002
2.794348e+003, 1.822462e-002
2.796277e+003, 1.836258e-002
2.798205e+003, 1.828987e-002
2.800134e+003, 1.819445e-002
2.802062e+003, 1.840934e-002
2.803990e+003, 1.846851e-002
2.805919e+003, 1.825148e-002
2.807847e+003, 1.820028e-002
2.809776e+003, 1.824501e-002
2.811704e+003, 1.834501e-002
2.813633e+003, 1.828444e-002
2.815561e+003, 1.819783e-002
2.817490e+003, 1.837205e-002
2.819418e+003, 1.842018e-002
2.821347e+003, 1.827175e-002
2.823275e+003, 1.837957e-002
2.825204e+003, 1.835906e-002
2.827132e+003, 1.820948e-002
2.829061e+003, 1.846729e-002
2.830989e+003, 1.862253e-002
2.832917e+003, 1.846798e-002
2.834846e+003, 1.856103e-002
2.836774e+003, 1.868740e-002
2.838703e+003, 1.861282e-002
2.840631e+003, 1.845578e-002
2.842560e+003, 1.826000e-002
2.844488e+003, 1.841090e-002
2.846417e+003, 1.833082e-002
2.848345e+003, 1.804662e-002
2.850274e+003, 1.823997e-002
2.852202e+003, 1.825989e-002
2.854131e+003, 1.818615e-002
2.856059e+003, 1.820429e-002
2.857988e+003, 1.809273e-002
2.859916e+003, 1.790332e-002
2.861844e+003, 1.794627e-002
2.863773e+003, 1.804944e-002
2.865701e+003, 1.821652e-002
2.867630e+003, 1.824960e-002
2.869558e+003, 1.809497e-002
2.871487e+003, 1.809709e-002
2.873415e+003, 1.825966e-002
2.875344e+003, 1.849361e-002
2.877272e+003, 1.841381e-002
2.879201e+003, 1.836942e-002
2.881129e+003, 1.851183e-002
2.883058e+003, 1.841409e-002
2.884986e+003, 1.819633e-002
2.886915e+003, 1.794210e-002
2.888843e+003, 1.817491e-002
2.890771e+003, 1.839581e-002
2.892700e+003, 1.838931e-002
2.894628e+003, 1.883600e-002
2.896557e+003, 1.880364e-002
2.898485e+003, 1.853943e-002
2.900414e+003, 1.830290e-002
2.902342e+003, 1.834971e-002
2.904271e+003, 1.849304e-002
2.906199e+003, 1.840868e-002
2.908128e+003, 1.812947e-002
2.910056e+003, 1.816624e-002
2.911985e+003, 1.851073e-002
2.913913e+003, 1.840180e-002
2.915842e+003, 1.816383e-002
2.917770e+003, 1.828893e-002
2.919698e+003, 1.833969e-002
2.921627e+003, 1.809401e-002
2.923555e+003, 1.807677e-002
2.925484e+003, 1.789344e-002
2.927412e+003, 1.784268e-002
2.929341e+003, 1.814218e-002
2.931269e+003, 1.794666e-002
2.933198e+003, 1.795748e-002
2.935126e+003, 1.814240e-002
2.937055e+003, 1.805413e-002
2.938983e+003, 1.808110e-002
2.940912e+003, 1.804177e-002
2.942840e+003, 1.796005e-002
2.944769e+003, 1.788741e-002
2.946697e+003, 1.790239e-002
2.948625e+003, 1.823951e-002
2.950554e+003, 1.853519e-002
2.952482e+003, 1.855832e-002
2.954411e+003, 1.859766e-002
2.956339e+003, 1.828962e-002
2.958268e+003, 1.785540e-002
2.960196e+003, 1.813461e-002
2.962125e+003, 1.843612e-002
2.964053e+003, 1.842610e-002
2.965982e+003, 1.821181e-002
2.967910e+003, 1.805261e-002
2.969839e+003, 1.808071e-002
2.971767e+003, 1.828818e-002
2.973696e+003, 1.846675e-002
2.975624e+003, 1.846643e-002
2.977552e+003, 1.828386e-002
2.979481e+003, 1.807043e-002
2.981409e+003, 1.808383e-002
2.983338e+003, 1.835247e-002
2.985266e+003, 1.856942e-002
2.987195e+003, 1.845139e-002
2.989123e+003, 1.848962e-002
2.991052e+003, 1.852839e-002
2.992980e+003, 1.854024e-002
2.994909e+003, 1.842093e-002
2.996837e+003, 1.837660e-002
2.998766e+003, 1.869995e-002
3.000694e+003, 1.860971e-002
3.002623e+003, 1.847494e-002
3.004551e+003, 1.853961e-002
3.006479e+003, 1.844805e-002
3.008408e+003, 1.839053e-002
3.010336e+003, 1.849256e-002
3.012265e+003, 1.838232e-002
3.014193e+003, 1.773388e-002
3.016122e+003, 1.724419e-002
3.018050e+003, 1.770031e-002
3.019979e+003, 1.839165e-002
3.021907e+003, 1.850961e-002
3.023836e+003, 1.854784e-002
3.025764e+003, 1.891459e-002
3.027693e+003, 1.896685e-002
3.029621e+003, 1.897485e-002
3.031550e+003, 1.931542e-002
3.033478e+003, 1.906152e-002
3.035406e+003, 1.848030e-002
3.037335e+003, 1.848602e-002
3.039263e+003, 1.872837e-002
3.041192e+003, 1.888254e-002
3.043120e+003, 1.871634e-002
3.045049e+003, 1.862209e-002
3.046977e+003, 1.871457e-002
3.048906e+003, 1.875521e-002
3.050834e+003, 1.879875e-002
3.052763e+003, 1.895438e-002
3.054691e+003, 1.913197e-002
3.056620e+003, 1.887200e-002
3.058548e+003, 1.900037e-002
3.060477e+003, 1.933982e-002
3.062405e+003, 1.935026e-002
3.064333e+003, 1.920987e-002
3.066262e+003, 1.880231e-002
3.068190e+003, 1.899397e-002
3.070119e+003, 1.934120e-002
3.072047e+003, 1.941862e-002
3.073976e+003, 1.962770e-002
3.075904e+003, 1.942821e-002
3.077833e+003, 1.898518e-002
3.079761e+003, 1.899904e-002
3.081690e+003, 1.922773e-002
3.083618e+003, 1.941121e-002
3.085547e+003, 1.914860e-002
3.087475e+003, 1.932080e-002
3.089404e+003, 1.955616e-002
3.091332e+003, 1.929932e-002
3.093260e+003, 1.894365e-002
3.095189e+003, 1.913489e-002
3.097117e+003, 1.944225e-002
3.099046e+003, 1.943113e-002
3.100974e+003, 1.973565e-002
3.102903e+003, 1.957078e-002
3.104831e+003, 1.922090e-002
3.106760e+003, 1.963208e-002
3.108688e+003, 2.030558e-002
3.110617e+003, 2.020832e-002
3.112545e+003, 1.952288e-002
3.114474e+003, 1.945049e-002
3.116402e+003, 1.946777e-002
3.118331e+003, 1.961630e-002
3.120259e+003, 1.955669e-002
3.122188e+003, 1.950465e-002
3.124116e+003, 1.974544e-002
3.126044e+003, 1.960493e-002
3.127973e+003, 1.958506e-002
3.129901e+003, 1.971697e-002
3.131830e+003, 1.985379e-002
3.133758e+003, 1.988213e-002
3.135687e+003, 1.980507e-002
3.137615e+003, 1.982485e-002
3.139544e+003, 1.966141e-002
3.141472e+003, 1.979050e-002
3.143401e+003, 1.980931e-002
3.145329e+003, 1.982749e-002
3.147258e+003, 1.983202e-002
3.149186e+003, 2.002639e-002
3.151115e+003, 2.032189e-002
3.153043e+003, 2.038395e-002
3.154971e+003, 2.038199e-002
3.156900e+003, 2.018467e-002
3.158828e+003, 2.028846e-002
3.160757e+003, 2.051121e-002
3.162685e+003, 2.064701e-002
3.164614e+003, 2.048196e-002
3.166542e+003, 2.009439e-002
3.168471e+003, 2.018791e-002
3.170399e+003, 2.029305e-002
3.172328e+003, 2.016342e-002
3.174256e+003, 2.039246e-002
3.176185e+003, 2.041638e-002
3.178113e+003, 2.009366e-002
3.180042e+003, 2.038888e-002
3.181970e+003, 2.088957e-002
3.183898e+003, 2.034231e-002
3.185827e+003, 1.995747e-002
3.187755e+003, 2.006621e-002
3.189684e+003, 1.992062e-002
3.191612e+003, 2.027730e-002
3.193541e+003, 2.067057e-002
3.195469e+003, 2.034683e-002
3.197398e+003, 2.020473e-002
3.199326e+003, 2.039838e-002
3.201255e+003, 2.052554e-002
3.203183e+003, 2.054835e-002
3.205112e+003, 2.065277e-002
3.207040e+003, 2.055465e-002
3.208969e+003, 2.055449e-002
3.210897e+003, 2.047863e-002
3.212825e+003, 2.034089e-002
3.214754e+003, 2.041687e-002
3.216682e+003, 2.037926e-002
3.218611e+003, 2.062675e-002
3.220539e+003, 2.064702e-002
3.222468e+003, 2.054702e-002
3.224396e+003, 2.064724e-002
3.226325e+003, 2.056380e-002
3.228253e+003, 2.074641e-002
3.230182e+003, 2.038909e-002
3.232110e+003, 2.037649e-002
3.234039e+003, 2.079283e-002
3.235967e+003, 2.097598e-002
3.237896e+003, 2.091389e-002
3.239824e+003, 2.037862e-002
3.241752e+003, 1.999521e-002
3.243681e+003, 2.001637e-002
3.245609e+003, 2.025244e-002
3.247538e+003, 2.056929e-002
3.249466e+003, 2.070747e-002
3.251395e+003, 2.082231e-002
3.253323e+003, 2.069989e-002
3.255252e+003, 2.050728e-002
3.257180e+003, 2.043512e-002
3.259109e+003, 2.053859e-002
3.261037e+003, 2.039080e-002
3.262966e+003, 2.037380e-002
3.264894e+003, 2.066857e-002
3.266823e+003, 2.090749e-002
3.268751e+003, 2.071189e-002
3.270679e+003, 2.058083e-002
3.272608e+003, 2.069870e-002
3.274536e+003, 2.126564e-002
3.276465e+003, 2.126549e-002
3.278393e+003, 2.063169e-002
3.280322e+003, 2.049496e-002
3.282250e+003, 2.090535e-002
3.284179e+003, 2.121460e-002
3.286107e+003, 2.128077e-002
3.288036e+003, 2.109024e-002
3.289964e+003, 2.097296e-002
3.291893e+003, 2.096522e-002
3.293821e+003, 2.069988e-002
3.295750e+003, 2.038032e-002
3.297678e+003, 2.074108e-002
3.299606e+003, 2.081987e-002
3.301535e+003, 2.083559e-002
3.303463e+003, 2.088297e-002
3.305392e+003, 2.099785e-002
3.307320e+003, 2.085765e-002
3.309249e+003, 2.118580e-002
3.311177e+003, 2.169159e-002
3.313106e+003, 2.143611e-002
3.315034e+003, 2.097484e-002
3.316963e+003, 2.066044e-002
3.318891e+003, 2.065371e-002
3.320820e+003, 2.086676e-002
3.322748e+003, 2.108174e-002
3.324677e+003, 2.117267e-002
3.326605e+003, 2.143038e-002
3.328533e+003, 2.161608e-002
3.330462e+003, 2.136965e-002
3.332390e+003, 2.126359e-002
3.334319e+003, 2.141335e-002
3.336247e+003, 2.159672e-002
3.338176e+003, 2.122990e-002
3.340104e+003, 2.112223e-002
3.342033e+003, 2.108994e-002
3.343961e+003, 2.095192e-002
3.345890e+003, 2.102148e-002
3.347818e+003, 2.115807e-002
3.349747e+003, 2.146321e-002
3.351675e+003, 2.173188e-002
3.353604e+003, 2.142624e-002
3.355532e+003, 2.167270e-002
3.357460e+003, 2.190930e-002
3.359389e+003, 2.156814e-002
3.361317e+003, 2.160414e-002
3.363246e+003, 2.204570e-002
3.365174e+003, 2.185822e-002
3.367103e+003, 2.163895e-002
3.369031e+003, 2.163582e-002
3.370960e+003, 2.180522e-002
3.372888e+003, 2.164313e-002
3.374817e+003, 2.175719e-002
3.376745e+003, 2.185968e-002
3.378674e+003, 2.163651e-002
3.380602e+003, 2.152985e-002
3.382531e+003, 2.158819e-002
3.384459e+003, 2.186943e-002
3.386387e+003, 2.198770e-002
3.388316e+003, 2.189379e-002
3.390244e+003, 2.175530e-002
3.392173e+003, 2.172775e-002
3.394101e+003, 2.164914e-002
3.396030e+003, 2.179733e-002
3.397958e+003, 2.167968e-002
3.399887e+003, 2.151172e-002
3.401815e+003, 2.150871e-002
3.403744e+003, 2.173239e-002
3.405672e+003, 2.188121e-002
3.407601e+003, 2.207615e-002
3.409529e+003, 2.229472e-002
3.411458e+003, 2.200523e-002
3.413386e+003, 2.201124e-002
3.415314e+003, 2.195729e-002
3.417243e+003, 2.175780e-002
3.419171e+003, 2.209972e-002
3.421100e+003, 2.246751e-002
3.423028e+003, 2.217138e-002
3.424957e+003, 2.162589e-002
3.426885e+003, 2.142737e-002
3.428814e+003, 2.162765e-002
3.430742e+003, 2.210332e-002
3.432671e+003, 2.213941e-002
3.434599e+003, 2.204570e-002
3.436528e+003, 2.198747e-002
3.438456e+003, 2.182962e-002
3.440385e+003, 2.164443e-002
3.442313e+003, 2.186696e-002
3.444241e+003, 2.251846e-002
3.446170e+003, 2.237552e-002
3.448098e+003, 2.196492e-002
3.450027e+003, 2.162170e-002
3.451955e+003, 2.179323e-002
3.453884e+003, 2.188460e-002
3.455812e+003, 2.180167e-002
3.457741e+003, 2.191183e-002
3.459669e+003, 2.147606e-002
3.461598e+003, 2.109041e-002
3.463526e+003, 2.156101e-002
3.465455e+003, 2.204286e-002
3.467383e+003, 2.211925e-002
3.469312e+003, 2.188251e-002
3.471240e+003, 2.170646e-002
3.473168e+003, 2.171256e-002
3.475097e+003, 2.212137e-002
3.477025e+003, 2.217702e-002
3.478954e+003, 2.193012e-002
3.480882e+003, 2.182888e-002
3.482811e+003, 2.173514e-002
3.484739e+003, 2.165160e-002
3.486668e+003, 2.197792e-002
3.488596e+003, 2.233082e-002
3.490525e+003, 2.260035e-002
3.492453e+003, 2.227741e-002
3.494382e+003, 2.212593e-002
3.496310e+003, 2.196653e-002
3.498239e+003, 2.169350e-002
3.500167e+003, 2.147489e-002
3.502095e+003, 2.153180e-002
3.504024e+003, 2.229184e-002
3.505952e+003, 2.261440e-002
3.507881e+003, 2.205397e-002
3.509809e+003, 2.171736e-002
3.511738e+003, 2.186149e-002
3.513666e+003, 2.219500e-002
3.515595e+003, 2.189318e-002
3.517523e+003, 2.146850e-002
3.519452e+003, 2.172758e-002
3.521380e+003, 2.193808e-002
3.523309e+003, 2.187087e-002
3.525237e+003, 2.209495e-002
3.527166e+003, 2.191947e-002
3.529094e+003, 2.146986e-002
3.531022e+003, 2.176531e-002
3.532951e+003, 2.178539e-002
3.534879e+003, 2.148249e-002
3.536808e+003, 2.149088e-002
3.538736e+003, 2.187922e-002
3.540665e+003, 2.247875e-002
3.542593e+003, 2.269742e-002
3.544522e+003, 2.230042e-002
3.546450e+003, 2.214910e-002
3.548379e+003, 2.188243e-002
3.550307e+003, 2.181474e-002
3.552236e+003, 2.187768e-002
3.554164e+003, 2.150881e-002
3.556093e+003, 2.165012e-002
3.558021e+003, 2.214196e-002
3.559949e+003, 2.219057e-002
3.561878e+003, 2.197705e-002
3.563806e+003, 2.190415e-002
3.565735e+003, 2.217055e-002
3.567663e+003, 2.211970e-002
3.569592e+003, 2.154245e-002
3.571520e+003, 2.120158e-002
3.573449e+003, 2.118159e-002
3.575377e+003, 2.160848e-002
3.577306e+003, 2.209364e-002
3.579234e+003, 2.240475e-002
3.581163e+003, 2.218258e-002
3.583091e+003, 2.115329e-002
3.585020e+003, 2.089883e-002
3.586948e+003, 2.148427e-002
3.588876e+003, 2.202784e-002
3.590805e+003, 2.188246e-002
3.592733e+003, 2.114035e-002
3.594662e+003, 2.067066e-002
3.596590e+003, 2.069624e-002
3.598519e+003, 2.116617e-002
3.600447e+003, 2.134960e-002
3.602376e+003, 2.128420e-002
3.604304e+003, 2.137659e-002
3.606233e+003, 2.204967e-002
3.608161e+003, 2.238583e-002
3.610090e+003, 2.162846e-002
3.612018e+003, 2.056782e-002
3.613947e+003, 2.038822e-002
3.615875e+003, 2.126619e-002
3.617803e+003, 2.228430e-002
3.619732e+003, 2.226090e-002
3.621660e+003, 2.198226e-002
3.623589e+003, 2.176716e-002
3.625517e+003, 2.144614e-002
3.627446e+003, 2.220387e-002
3.629374e+003, 2.248462e-002
3.631303e+003, 2.138254e-002
3.633231e+003, 2.127200e-002
3.635160e+003, 2.182860e-002
3.637088e+003, 2.185472e-002
3.639017e+003, 2.146145e-002
3.640945e+003, 2.125908e-002
3.642874e+003, 2.098251e-002
3.644802e+003, 2.129984e-002
3.646730e+003, 2.204351e-002
3.648659e+003, 2.195109e-002
3.650587e+003, 2.196674e-002
3.652516e+003, 2.200007e-002
3.654444e+003, 2.180470e-002
3.656373e+003, 2.212453e-002
3.658301e+003, 2.238770e-002
3.660230e+003, 2.207150e-002
3.662158e+003, 2.174320e-002
3.664087e+003, 2.165373e-002
3.666015e+003, 2.161268e-002
3.667944e+003, 2.169747e-002
3.669872e+003, 2.173057e-002
3.671801e+003, 2.136982e-002
3.673729e+003, 2.131875e-002
3.675657e+003, 2.244586e-002
3.677586e+003, 2.271026e-002
3.679514e+003, 2.190669e-002
3.681443e+003, 2.171340e-002
3.683371e+003, 2.202555e-002
3.685300e+003, 2.252010e-002
3.687228e+003, 2.314880e-002
3.689157e+003, 2.311837e-002
3.691085e+003, 2.280788e-002
3.693014e+003, 2.258474e-002
3.694942e+003, 2.231545e-002
3.696871e+003, 2.164323e-002
3.698799e+003, 2.154968e-002
3.700728e+003, 2.197879e-002
3.702656e+003, 2.157016e-002
3.704584e+003, 2.148225e-002
3.706513e+003, 2.215160e-002
3.708441e+003, 2.276956e-002
3.710370e+003, 2.296346e-002
3.712298e+003, 2.312051e-002
3.714227e+003, 2.260751e-002
3.716155e+003, 2.205606e-002
3.718084e+003, 2.245596e-002
3.720012e+003, 2.253210e-002
3.721941e+003, 2.245837e-002
3.723869e+003, 2.242585e-002
3.725798e+003, 2.207649e-002
3.727726e+003, 2.231319e-002
3.729655e+003, 2.301086e-002
3.731583e+003, 2.256884e-002
3.733511e+003, 2.220660e-002
3.735440e+003, 2.274202e-002
3.737368e+003, 2.289957e-002
3.739297e+003, 2.268421e-002
3.741225e+003, 2.225123e-002
3.743154e+003, 2.264573e-002
3.745082e+003, 2.321870e-002
3.747011e+003, 2.295765e-002
3.748939e+003, 2.251712e-002
3.750868e+003, 2.205824e-002
3.752796e+003, 2.218680e-002
3.754725e+003, 2.210703e-002
3.756653e+003, 2.196017e-002
3.758582e+003, 2.219046e-002
3.760510e+003, 2.249667e-002
3.762438e+003, 2.283016e-002
3.764367e+003, 2.294559e-002
3.766295e+003, 2.262086e-002
3.768224e+003, 2.217449e-002
3.770152e+003, 2.158347e-002
3.772081e+003, 2.177422e-002
3.774009e+003, 2.238574e-002
3.775938e+003, 2.314046e-002
3.777866e+003, 2.317856e-002
3.779795e+003, 2.269991e-002
3.781723e+003, 2.261659e-002
3.783652e+003, 2.305474e-002
3.785580e+003, 2.308876e-002
3.787509e+003, 2.262129e-002
3.789437e+003, 2.241667e-002
3.791365e+003, 2.322303e-002
3.793294e+003, 2.341752e-002
3.795222e+003, 2.261776e-002
3.797151e+003, 2.241281e-002
3.799079e+003, 2.306973e-002
3.801008e+003, 2.341686e-002
3.802936e+003, 2.280222e-002
3.804865e+003, 2.334114e-002
3.806793e+003, 2.381908e-002
3.808722e+003, 2.341216e-002
3.810650e+003, 2.321605e-002
3.812579e+003, 2.285107e-002
3.814507e+003, 2.290581e-002
3.816436e+003, 2.283906e-002
3.818364e+003, 2.274465e-002
3.820292e+003, 2.265219e-002
3.822221e+003, 2.253832e-002
3.824149e+003, 2.235859e-002
3.826078e+003, 2.226244e-002
3.828006e+003, 2.275283e-002
3.829935e+003, 2.319340e-002
3.831863e+003, 2.311161e-002
3.833792e+003, 2.294807e-002
3.835720e+003, 2.332870e-002
3.837649e+003, 2.316520e-002
3.839577e+003, 2.311428e-002
3.841506e+003, 2.325573e-002
3.843434e+003, 2.281987e-002
3.845363e+003, 2.296863e-002
3.847291e+003, 2.266780e-002
3.849219e+003, 2.277548e-002
3.851148e+003, 2.294187e-002
3.853076e+003, 2.272467e-002
3.855005e+003, 2.316221e-002
3.856933e+003, 2.304448e-002
3.858862e+003, 2.275594e-002
3.860790e+003, 2.297661e-002
3.862719e+003, 2.311694e-002
3.864647e+003, 2.324949e-002
3.866576e+003, 2.305651e-002
3.868504e+003, 2.336172e-002
3.870433e+003, 2.366715e-002
3.872361e+003, 2.366814e-002
3.874290e+003, 2.372446e-002
3.876218e+003, 2.382758e-002
3.878146e+003, 2.355325e-002
3.880075e+003, 2.340657e-002
3.882003e+003, 2.323887e-002
3.883932e+003, 2.331918e-002
3.885860e+003, 2.371056e-002
3.887789e+003, 2.309145e-002
3.889717e+003, 2.317202e-002
3.891646e+003, 2.308194e-002
3.893574e+003, 2.224807e-002
3.895503e+003, 2.198421e-002
3.897431e+003, 2.243002e-002
3.899360e+003, 2.281062e-002
3.901288e+003, 2.296499e-002
3.903217e+003, 2.343916e-002
3.905145e+003, 2.338423e-002
3.907073e+003, 2.314615e-002
3.909002e+003, 2.338356e-002
3.910930e+003, 2.295686e-002
3.912859e+003, 2.230874e-002
3.914787e+003, 2.327916e-002
3.916716e+003, 2.343404e-002
3.918644e+003, 2.300398e-002
3.920573e+003, 2.277673e-002
3.922501e+003, 2.261447e-002
3.924430e+003, 2.274471e-002
3.926358e+003, 2.289815e-002
3.928287e+003, 2.338372e-002
3.930215e+003, 2.382168e-002
3.932144e+003, 2.365277e-002
3.934072e+003, 2.359921e-002
3.936000e+003, 2.350103e-002
3.937929e+003, 2.334468e-002
3.939857e+003, 2.311739e-002
3.941786e+003, 2.255175e-002
3.943714e+003, 2.274710e-002
3.945643e+003, 2.302983e-002
3.947571e+003, 2.283455e-002
3.949500e+003, 2.302263e-002
3.951428e+003, 2.284732e-002
3.953357e+003, 2.245032e-002
3.955285e+003, 2.282858e-002
3.957214e+003, 2.344159e-002
3.959142e+003, 2.322284e-002
3.961071e+003, 2.299058e-002
3.962999e+003, 2.324266e-002
3.964927e+003, 2.347037e-002
3.966856e+003, 2.325902e-002
3.968784e+003, 2.314531e-002
3.970713e+003, 2.315816e-002
3.972641e+003, 2.308362e-002
3.974570e+003, 2.336806e-002
3.976498e+003, 2.306718e-002
3.978427e+003, 2.314864e-002
3.980355e+003, 2.315491e-002
3.982284e+003, 2.326977e-002
3.984212e+003, 2.392381e-002
3.986141e+003, 2.393311e-002
3.988069e+003, 2.366550e-002
3.989998e+003, 2.309095e-002
3.991926e+003, 2.276168e-002
3.993854e+003, 2.337253e-002
3.995783e+003, 2.371101e-002
3.997711e+003, 2.326152e-002
3.999640e+003, 2.286179e-002
4.001568e+003, 0.000000e+000
##END=



