##NAMES=Pyrophyllite
##RRUFFID=R050108
##IDEAL CHEMISTRY=Al_2_Si_4_O_10_(OH)_2_
##LOCALITY=Graves Mountain, Lincoln County, Georgia, USA
##OWNER=RRUFF
##SOURCE=Rock Currier
##DESCRIPTION=Lamellar radial aggregates
##STATUS=The identification of this mineral has been confirmed by X-ray diffraction and chemical analysis
##URL=rruff.info/R050108
##MEASURED CHEMISTRY=(Al_.976_Fe_.020_Mg_.002_Ca_.001_)_2_Si_4_O_10_(OH)_2_
3.991926e+002, 0.000000e+000
4.011211e+002, 2.081759e-001
4.030496e+002, 2.091709e-001
4.049780e+002, 2.068185e-001
4.069065e+002, 2.017508e-001
4.088350e+002, 1.984703e-001
4.107634e+002, 2.043144e-001
4.126919e+002, 2.151369e-001
4.146204e+002, 2.330636e-001
4.165488e+002, 2.508161e-001
4.184773e+002, 2.592251e-001
4.204058e+002, 2.617786e-001
4.223342e+002, 2.531492e-001
4.242627e+002, 2.440700e-001
4.261912e+002, 2.423778e-001
4.281196e+002, 2.462573e-001
4.300481e+002, 2.496008e-001
4.319766e+002, 2.560617e-001
4.339050e+002, 2.637019e-001
4.358335e+002, 2.689181e-001
4.377620e+002, 2.739854e-001
4.396904e+002, 2.811414e-001
4.416189e+002, 2.911877e-001
4.435474e+002, 2.999955e-001
4.454758e+002, 3.051025e-001
4.474043e+002, 3.057946e-001
4.493328e+002, 3.071335e-001
4.512612e+002, 3.087327e-001
4.531897e+002, 3.082450e-001
4.551182e+002, 3.079555e-001
4.570466e+002, 3.066707e-001
4.589751e+002, 3.049420e-001
4.609036e+002, 3.000057e-001
4.628320e+002, 2.972322e-001
4.647605e+002, 2.955657e-001
4.666890e+002, 2.937042e-001
4.686174e+002, 2.928455e-001
4.705459e+002, 2.919880e-001
4.724744e+002, 2.911790e-001
4.744028e+002, 2.875085e-001
4.763313e+002, 2.801364e-001
4.782598e+002, 2.708223e-001
4.801882e+002, 2.590013e-001
4.821167e+002, 2.448037e-001
4.840452e+002, 2.332268e-001
4.859736e+002, 2.248395e-001
4.879021e+002, 2.167825e-001
4.898306e+002, 2.099701e-001
4.917590e+002, 2.031481e-001
4.936875e+002, 1.965071e-001
4.956160e+002, 1.898908e-001
4.975444e+002, 1.855588e-001
4.994729e+002, 1.848947e-001
5.014014e+002, 1.866816e-001
5.033298e+002, 1.958990e-001
5.052583e+002, 2.172678e-001
5.071868e+002, 2.474077e-001
5.091152e+002, 2.767158e-001
5.110437e+002, 2.978881e-001
5.129722e+002, 3.073259e-001
5.149006e+002, 3.073373e-001
5.168291e+002, 3.007053e-001
5.187576e+002, 2.925544e-001
5.206860e+002, 2.873576e-001
5.226145e+002, 2.849770e-001
5.245430e+002, 2.874586e-001
5.264714e+002, 2.914416e-001
5.283999e+002, 2.954450e-001
5.303284e+002, 2.995496e-001
5.322568e+002, 2.996185e-001
5.341853e+002, 2.931588e-001
5.361138e+002, 2.801600e-001
5.380422e+002, 2.638947e-001
5.399707e+002, 2.461044e-001
5.418992e+002, 2.283287e-001
5.438276e+002, 2.128449e-001
5.457561e+002, 2.000087e-001
5.476846e+002, 1.886557e-001
5.496130e+002, 1.792120e-001
5.515415e+002, 1.703279e-001
5.534700e+002, 1.615217e-001
5.553984e+002, 1.544963e-001
5.573269e+002, 1.482079e-001
5.592554e+002, 1.424263e-001
5.611838e+002, 1.370341e-001
5.631123e+002, 1.307537e-001
5.650408e+002, 1.246855e-001
5.669692e+002, 1.182768e-001
5.688977e+002, 1.114323e-001
5.708262e+002, 1.055653e-001
5.727546e+002, 1.006803e-001
5.746831e+002, 9.687445e-002
5.766116e+002, 9.421863e-002
5.785400e+002, 9.295397e-002
5.804685e+002, 9.225122e-002
5.823970e+002, 9.149551e-002
5.843254e+002, 9.032873e-002
5.862539e+002, 8.907074e-002
5.881824e+002, 8.804560e-002
5.901108e+002, 8.682807e-002
5.920393e+002, 8.519015e-002
5.939678e+002, 8.336666e-002
5.958962e+002, 8.202926e-002
5.978247e+002, 8.086241e-002
5.997532e+002, 7.939890e-002
6.016816e+002, 7.702290e-002
6.036101e+002, 7.499501e-002
6.055386e+002, 7.363751e-002
6.074670e+002, 7.247531e-002
6.093955e+002, 7.172845e-002
6.113240e+002, 7.129379e-002
6.132524e+002, 7.011819e-002
6.151809e+002, 6.958156e-002
6.171094e+002, 7.028607e-002
6.190378e+002, 7.161467e-002
6.209663e+002, 7.344814e-002
6.228948e+002, 7.506574e-002
6.248232e+002, 7.538636e-002
6.267517e+002, 7.394044e-002
6.286802e+002, 7.110298e-002
6.306086e+002, 6.834575e-002
6.325371e+002, 6.713097e-002
6.344656e+002, 6.670490e-002
6.363940e+002, 6.698435e-002
6.383225e+002, 6.789272e-002
6.402510e+002, 6.868677e-002
6.421794e+002, 6.966951e-002
6.441079e+002, 7.073996e-002
6.460364e+002, 7.155193e-002
6.479648e+002, 7.248149e-002
6.498933e+002, 7.330498e-002
6.518218e+002, 7.405528e-002
6.537502e+002, 7.460951e-002
6.556787e+002, 7.504271e-002
6.576072e+002, 7.552439e-002
6.595356e+002, 7.628982e-002
6.614641e+002, 7.690002e-002
6.633926e+002, 7.725947e-002
6.653210e+002, 7.782312e-002
6.672495e+002, 7.858763e-002
6.691780e+002, 7.870834e-002
6.711064e+002, 7.867074e-002
6.730349e+002, 7.930429e-002
6.749634e+002, 7.961948e-002
6.768918e+002, 7.998017e-002
6.788203e+002, 8.033583e-002
6.807488e+002, 8.040053e-002
6.826772e+002, 8.022184e-002
6.846057e+002, 8.004102e-002
6.865342e+002, 8.012909e-002
6.884626e+002, 8.022925e-002
6.903911e+002, 8.043429e-002
6.923196e+002, 8.074634e-002
6.942480e+002, 8.097856e-002
6.961765e+002, 8.111239e-002
6.981050e+002, 8.111337e-002
7.000334e+002, 8.117758e-002
7.019619e+002, 8.111009e-002
7.038904e+002, 8.098456e-002
7.058188e+002, 8.098709e-002
7.077473e+002, 8.102398e-002
7.096758e+002, 8.118267e-002
7.116042e+002, 8.124127e-002
7.135327e+002, 8.108351e-002
7.154612e+002, 8.117631e-002
7.173896e+002, 8.186930e-002
7.193181e+002, 8.255476e-002
7.212466e+002, 8.335672e-002
7.231750e+002, 8.412893e-002
7.251035e+002, 8.482003e-002
7.270320e+002, 8.598813e-002
7.289604e+002, 8.771918e-002
7.308889e+002, 8.920788e-002
7.328174e+002, 9.018985e-002
7.347458e+002, 9.044632e-002
7.366743e+002, 8.942030e-002
7.386028e+002, 8.760434e-002
7.405313e+002, 8.563800e-002
7.424597e+002, 8.349307e-002
7.443882e+002, 8.193003e-002
7.463167e+002, 8.117189e-002
7.482451e+002, 8.066522e-002
7.501736e+002, 8.030736e-002
7.521021e+002, 8.055831e-002
7.540305e+002, 8.076662e-002
7.559590e+002, 8.105777e-002
7.578875e+002, 8.162678e-002
7.598159e+002, 8.215863e-002
7.617444e+002, 8.278313e-002
7.636729e+002, 8.353547e-002
7.656013e+002, 8.430117e-002
7.675298e+002, 8.522826e-002
7.694583e+002, 8.613380e-002
7.713867e+002, 8.711278e-002
7.733152e+002, 8.836264e-002
7.752437e+002, 8.967611e-002
7.771721e+002, 9.107165e-002
7.791006e+002, 9.230655e-002
7.810291e+002, 9.368203e-002
7.829575e+002, 9.547573e-002
7.848860e+002, 9.729367e-002
7.868145e+002, 9.930576e-002
7.887429e+002, 1.016681e-001
7.906714e+002, 1.039660e-001
7.925999e+002, 1.065409e-001
7.945283e+002, 1.101724e-001
7.964568e+002, 1.144788e-001
7.983853e+002, 1.191744e-001
8.003137e+002, 1.248792e-001
8.022422e+002, 1.314935e-001
8.041707e+002, 1.394319e-001
8.060991e+002, 1.486370e-001
8.080276e+002, 1.580443e-001
8.099561e+002, 1.655246e-001
8.118845e+002, 1.673543e-001
8.138130e+002, 1.602618e-001
8.157415e+002, 1.476369e-001
8.176699e+002, 1.364629e-001
8.195984e+002, 1.310432e-001
8.215269e+002, 1.313996e-001
8.234553e+002, 1.366492e-001
8.253838e+002, 1.468487e-001
8.273123e+002, 1.617195e-001
8.292407e+002, 1.798290e-001
8.311692e+002, 1.985616e-001
8.330977e+002, 2.106470e-001
8.350261e+002, 2.073427e-001
8.369546e+002, 1.895202e-001
8.388831e+002, 1.682633e-001
8.408115e+002, 1.530858e-001
8.427400e+002, 1.459849e-001
8.446685e+002, 1.466133e-001
8.465969e+002, 1.534390e-001
8.485254e+002, 1.644566e-001
8.504539e+002, 1.758140e-001
8.523823e+002, 1.813392e-001
8.543108e+002, 1.780777e-001
8.562393e+002, 1.694000e-001
8.581677e+002, 1.606299e-001
8.600962e+002, 1.544910e-001
8.620247e+002, 1.511552e-001
8.639531e+002, 1.496790e-001
8.658816e+002, 1.495878e-001
8.678101e+002, 1.504166e-001
8.697385e+002, 1.523199e-001
8.716670e+002, 1.549343e-001
8.735955e+002, 1.579065e-001
8.755239e+002, 1.616207e-001
8.774524e+002, 1.657130e-001
8.793809e+002, 1.702041e-001
8.813093e+002, 1.751124e-001
8.832378e+002, 1.801162e-001
8.851663e+002, 1.860801e-001
8.870947e+002, 1.926932e-001
8.890232e+002, 1.995004e-001
8.909517e+002, 2.071891e-001
8.928801e+002, 2.156783e-001
8.948085e+002, 2.246045e-001
8.967370e+002, 2.343796e-001
8.986655e+002, 2.452849e-001
9.005939e+002, 2.560764e-001
9.025224e+002, 2.664662e-001
9.044509e+002, 2.753646e-001
9.063793e+002, 2.820504e-001
9.083078e+002, 2.880812e-001
9.102363e+002, 2.957607e-001
9.121647e+002, 3.053381e-001
9.140932e+002, 3.162948e-001
9.160217e+002, 3.281138e-001
9.179501e+002, 3.399982e-001
9.198786e+002, 3.514265e-001
9.218071e+002, 3.630385e-001
9.237355e+002, 3.754623e-001
9.256640e+002, 3.885156e-001
9.275925e+002, 4.014571e-001
9.295209e+002, 4.143266e-001
9.314494e+002, 4.274011e-001
9.333779e+002, 4.403007e-001
9.353063e+002, 4.531934e-001
9.372348e+002, 4.657221e-001
9.391633e+002, 4.773706e-001
9.410917e+002, 4.868105e-001
9.430202e+002, 4.917103e-001
9.449487e+002, 4.889240e-001
9.468771e+002, 4.747499e-001
9.488056e+002, 4.457527e-001
9.507341e+002, 4.052072e-001
9.526625e+002, 3.625223e-001
9.545910e+002, 3.258802e-001
9.565195e+002, 2.991019e-001
9.584479e+002, 2.819208e-001
9.603764e+002, 2.721099e-001
9.623049e+002, 2.676872e-001
9.642333e+002, 2.674979e-001
9.661618e+002, 2.701589e-001
9.680903e+002, 2.750114e-001
9.700187e+002, 2.815699e-001
9.719472e+002, 2.892580e-001
9.738757e+002, 2.981547e-001
9.758041e+002, 3.082147e-001
9.777326e+002, 3.192742e-001
9.796611e+002, 3.307620e-001
9.815895e+002, 3.423514e-001
9.835180e+002, 3.543030e-001
9.854465e+002, 3.663535e-001
9.873749e+002, 3.785246e-001
9.893034e+002, 3.904418e-001
9.912319e+002, 4.016723e-001
9.931603e+002, 4.126932e-001
9.950888e+002, 4.239390e-001
9.970173e+002, 4.343143e-001
9.989457e+002, 4.437421e-001
1.000874e+003, 4.527781e-001
1.002803e+003, 4.615613e-001
1.004731e+003, 4.699291e-001
1.006660e+003, 4.777910e-001
1.008588e+003, 4.850050e-001
1.010517e+003, 4.915389e-001
1.012445e+003, 4.970414e-001
1.014373e+003, 5.018587e-001
1.016302e+003, 5.057973e-001
1.018230e+003, 5.090626e-001
1.020159e+003, 5.116024e-001
1.022087e+003, 5.130350e-001
1.024016e+003, 5.140737e-001
1.025944e+003, 5.138186e-001
1.027873e+003, 5.124083e-001
1.029801e+003, 5.098610e-001
1.031730e+003, 5.058186e-001
1.033658e+003, 5.006975e-001
1.035587e+003, 4.944047e-001
1.037515e+003, 4.869208e-001
1.039444e+003, 4.783756e-001
1.041372e+003, 4.687907e-001
1.043301e+003, 4.575119e-001
1.045229e+003, 4.438571e-001
1.047157e+003, 4.255644e-001
1.049086e+003, 4.017996e-001
1.051014e+003, 3.746383e-001
1.052943e+003, 3.492133e-001
1.054871e+003, 3.285701e-001
1.056800e+003, 3.136793e-001
1.058728e+003, 3.054216e-001
1.060657e+003, 3.041971e-001
1.062585e+003, 3.093323e-001
1.064514e+003, 3.155469e-001
1.066442e+003, 3.132862e-001
1.068371e+003, 2.990872e-001
1.070299e+003, 2.785842e-001
1.072228e+003, 2.577785e-001
1.074156e+003, 2.392199e-001
1.076084e+003, 2.232440e-001
1.078013e+003, 2.092338e-001
1.079941e+003, 1.972155e-001
1.081870e+003, 1.868848e-001
1.083798e+003, 1.778259e-001
1.085727e+003, 1.699302e-001
1.087655e+003, 1.626337e-001
1.089584e+003, 1.557033e-001
1.091512e+003, 1.492519e-001
1.093441e+003, 1.433322e-001
1.095369e+003, 1.373682e-001
1.097298e+003, 1.317454e-001
1.099226e+003, 1.263986e-001
1.101155e+003, 1.207001e-001
1.103083e+003, 1.150092e-001
1.105011e+003, 1.098209e-001
1.106940e+003, 1.051986e-001
1.108868e+003, 1.022611e-001
1.110797e+003, 1.042891e-001
1.112725e+003, 1.170238e-001
1.114654e+003, 1.469173e-001
1.116582e+003, 1.902149e-001
1.118511e+003, 2.222556e-001
1.120439e+003, 2.214198e-001
1.122368e+003, 2.001473e-001
1.124296e+003, 1.787199e-001
1.126225e+003, 1.627817e-001
1.128153e+003, 1.508919e-001
1.130082e+003, 1.411670e-001
1.132010e+003, 1.329271e-001
1.133938e+003, 1.256375e-001
1.135867e+003, 1.191257e-001
1.137795e+003, 1.135159e-001
1.139724e+003, 1.084510e-001
1.141652e+003, 1.036057e-001
1.143581e+003, 9.907191e-002
1.145509e+003, 9.486067e-002
1.147438e+003, 9.090479e-002
1.149366e+003, 8.711150e-002
1.151295e+003, 8.340172e-002
1.153223e+003, 7.963994e-002
1.155152e+003, 7.590937e-002
1.157080e+003, 7.222196e-002
1.159009e+003, 6.874324e-002
1.160937e+003, 6.550284e-002
1.162865e+003, 6.243376e-002
1.164794e+003, 5.934482e-002
1.166722e+003, 5.628976e-002
1.168651e+003, 5.334267e-002
1.170579e+003, 5.035920e-002
1.172508e+003, 4.766047e-002
1.174436e+003, 4.474240e-002
1.176365e+003, 4.172888e-002
1.178293e+003, 3.908052e-002
1.180222e+003, 3.636304e-002
1.182150e+003, 3.381255e-002
1.184079e+003, 3.125609e-002
1.186007e+003, 2.888094e-002
1.187936e+003, 2.671950e-002
1.189864e+003, 2.467849e-002
1.191792e+003, 2.284999e-002
1.193721e+003, 2.133705e-002
1.195649e+003, 1.978493e-002
1.197578e+003, 1.836338e-002
1.199506e+003, 1.711974e-002
1.201435e+003, 1.597131e-002
1.203363e+003, 1.491722e-002
1.205292e+003, 1.415966e-002
1.207220e+003, 1.353530e-002
1.209149e+003, 1.287868e-002
1.211077e+003, 1.235469e-002
1.213006e+003, 1.174480e-002
1.214934e+003, 1.128481e-002
1.216863e+003, 1.102354e-002
1.218791e+003, 1.063815e-002
1.220719e+003, 1.027992e-002
1.222648e+003, 9.977319e-003
1.224576e+003, 9.711536e-003
1.226505e+003, 9.439554e-003
1.228433e+003, 9.166871e-003
1.230362e+003, 9.001793e-003
1.232290e+003, 8.794456e-003
1.234219e+003, 8.728323e-003
1.236147e+003, 8.497348e-003
1.238076e+003, 8.035889e-003
1.240004e+003, 7.628288e-003
1.241933e+003, 7.581763e-003
1.243861e+003, 7.526196e-003
1.245790e+003, 7.276210e-003
1.247718e+003, 7.088548e-003
1.249646e+003, 6.914357e-003
1.251575e+003, 6.742403e-003
1.253503e+003, 6.636543e-003
1.255432e+003, 6.577310e-003
1.257360e+003, 6.418317e-003
1.259289e+003, 6.244797e-003
1.261217e+003, 6.260867e-003
1.263146e+003, 6.300538e-003
1.265074e+003, 6.069721e-003
1.267003e+003, 5.970830e-003
1.268931e+003, 5.981241e-003
1.270860e+003, 5.764671e-003
1.272788e+003, 5.692929e-003
1.274717e+003, 5.793311e-003
1.276645e+003, 5.856724e-003
1.278573e+003, 5.841907e-003
1.280502e+003, 5.685775e-003
1.282430e+003, 5.478213e-003
1.284359e+003, 5.356947e-003
1.286287e+003, 5.208101e-003
1.288216e+003, 5.226125e-003
1.290144e+003, 5.429794e-003
1.292073e+003, 5.467624e-003
1.294001e+003, 5.263021e-003
1.295930e+003, 5.125965e-003
1.297858e+003, 5.145697e-003
1.299787e+003, 5.169617e-003
1.301715e+003, 5.000220e-003
1.303644e+003, 4.900729e-003
1.305572e+003, 4.814120e-003
1.307500e+003, 4.936113e-003
1.309429e+003, 4.801062e-003
1.311357e+003, 4.611545e-003
1.313286e+003, 4.581039e-003
1.315214e+003, 4.562162e-003
1.317143e+003, 4.518827e-003
1.319071e+003, 4.345166e-003
1.321000e+003, 4.138200e-003
1.322928e+003, 4.119746e-003
1.324857e+003, 4.025036e-003
1.326785e+003, 3.878385e-003
1.328714e+003, 3.785330e-003
1.330642e+003, 3.981246e-003
1.332571e+003, 3.915878e-003
1.334499e+003, 3.831658e-003
1.336427e+003, 3.782642e-003
1.338356e+003, 3.674683e-003
1.340284e+003, 3.725032e-003
1.342213e+003, 3.638878e-003
1.344141e+003, 3.512016e-003
1.346070e+003, 3.424854e-003
1.347998e+003, 3.291373e-003
1.349927e+003, 3.256686e-003
1.351855e+003, 3.129501e-003
1.353784e+003, 3.146174e-003
1.355712e+003, 3.138035e-003
1.357641e+003, 3.098612e-003
1.359569e+003, 3.081209e-003
1.361498e+003, 3.038962e-003
1.363426e+003, 3.074008e-003
1.365354e+003, 3.206571e-003
1.367283e+003, 3.089152e-003
1.369211e+003, 2.934475e-003
1.371140e+003, 3.114732e-003
1.373068e+003, 3.311333e-003
1.374997e+003, 3.386689e-003
1.376925e+003, 3.345236e-003
1.378854e+003, 3.291243e-003
1.380782e+003, 3.200051e-003
1.382711e+003, 3.044071e-003
1.384639e+003, 3.008926e-003
1.386568e+003, 3.000469e-003
1.388496e+003, 3.104407e-003
1.390424e+003, 2.959859e-003
1.392353e+003, 3.027834e-003
1.394281e+003, 3.011369e-003
1.396210e+003, 2.885027e-003
1.398138e+003, 3.011467e-003
1.400067e+003, 3.158872e-003
1.401995e+003, 3.019517e-003
1.403924e+003, 3.007206e-003
1.405852e+003, 3.068415e-003
1.407781e+003, 3.104669e-003
1.409709e+003, 2.922466e-003
1.411638e+003, 2.792512e-003
1.413566e+003, 2.835867e-003
1.415495e+003, 2.915114e-003
1.417423e+003, 2.968953e-003
1.419351e+003, 2.899187e-003
1.421280e+003, 2.736347e-003
1.423208e+003, 2.662397e-003
1.425137e+003, 2.565679e-003
1.427065e+003, 2.603063e-003
1.428994e+003, 2.815000e-003
1.430922e+003, 2.800355e-003
1.432851e+003, 2.731645e-003
1.434779e+003, 2.933110e-003
1.436708e+003, 3.100819e-003
1.438636e+003, 3.105474e-003
1.440565e+003, 3.075384e-003
1.442493e+003, 3.177390e-003
1.444422e+003, 3.035803e-003
1.446350e+003, 3.037041e-003
1.448278e+003, 3.209486e-003
1.450207e+003, 3.387814e-003
1.452135e+003, 3.464041e-003
1.454064e+003, 3.341382e-003
1.455992e+003, 3.180069e-003
1.457921e+003, 3.164461e-003
1.459849e+003, 3.216455e-003
1.461778e+003, 3.319957e-003
1.463706e+003, 3.318360e-003
1.465635e+003, 3.109152e-003
1.467563e+003, 3.095158e-003
1.469492e+003, 3.322677e-003
1.471420e+003, 3.372694e-003
1.473349e+003, 3.245959e-003
1.475277e+003, 3.084272e-003
1.477205e+003, 2.835470e-003
1.479134e+003, 2.622681e-003
1.481062e+003, 2.811452e-003
1.482991e+003, 2.817095e-003
1.484919e+003, 2.442011e-003
1.486848e+003, 2.383335e-003
1.488776e+003, 2.645337e-003
1.490705e+003, 2.694638e-003
1.492633e+003, 2.598599e-003
1.494562e+003, 2.262411e-003
1.496490e+003, 2.233145e-003
1.498419e+003, 2.330832e-003
1.500347e+003, 2.458809e-003
1.502276e+003, 2.241503e-003
1.504204e+003, 1.951886e-003
1.506132e+003, 1.974184e-003
1.508061e+003, 2.118677e-003
1.509989e+003, 2.191810e-003
1.511918e+003, 2.205319e-003
1.513846e+003, 2.150417e-003
1.515775e+003, 2.116763e-003
1.517703e+003, 2.060391e-003
1.519632e+003, 2.067982e-003
1.521560e+003, 2.237821e-003
1.523489e+003, 2.378958e-003
1.525417e+003, 2.338994e-003
1.527346e+003, 2.293427e-003
1.529274e+003, 2.320692e-003
1.531203e+003, 2.408957e-003
1.533131e+003, 2.460958e-003
1.535059e+003, 2.583923e-003
1.536988e+003, 2.395752e-003
1.538916e+003, 2.123373e-003
1.540845e+003, 2.159689e-003
1.542773e+003, 2.497616e-003
1.544702e+003, 2.743427e-003
1.546630e+003, 2.613480e-003
1.548559e+003, 2.554431e-003
1.550487e+003, 2.836161e-003
1.552416e+003, 2.893917e-003
1.554344e+003, 2.809976e-003
1.556273e+003, 2.764490e-003
1.558201e+003, 2.775470e-003
1.560130e+003, 2.943035e-003
1.562058e+003, 3.062131e-003
1.563986e+003, 3.122358e-003
1.565915e+003, 3.387958e-003
1.567843e+003, 3.484830e-003
1.569772e+003, 3.529687e-003
1.571700e+003, 3.540587e-003
1.573629e+003, 3.425436e-003
1.575557e+003, 3.397653e-003
1.577486e+003, 3.629773e-003
1.579414e+003, 3.746714e-003
1.581343e+003, 3.693217e-003
1.583271e+003, 3.582784e-003
1.585200e+003, 3.613345e-003
1.587128e+003, 3.499899e-003
1.589057e+003, 3.427412e-003
1.590985e+003, 3.558266e-003
1.592913e+003, 3.568619e-003
1.594842e+003, 3.426617e-003
1.596770e+003, 3.436243e-003
1.598699e+003, 3.678233e-003
1.600627e+003, 3.528595e-003
1.602556e+003, 3.475296e-003
1.604484e+003, 3.690559e-003
1.606413e+003, 3.582866e-003
1.608341e+003, 3.784987e-003
1.610270e+003, 3.928809e-003
1.612198e+003, 4.058546e-003
1.614127e+003, 4.139501e-003
1.616055e+003, 4.262243e-003
1.617984e+003, 4.325684e-003
1.619912e+003, 4.177214e-003
1.621840e+003, 4.070586e-003
1.623769e+003, 4.092611e-003
1.625697e+003, 4.357541e-003
1.627626e+003, 4.574439e-003
1.629554e+003, 4.494103e-003
1.631483e+003, 4.648343e-003
1.633411e+003, 4.410982e-003
1.635340e+003, 4.139461e-003
1.637268e+003, 4.286647e-003
1.639197e+003, 4.564769e-003
1.641125e+003, 4.508531e-003
1.643054e+003, 4.658560e-003
1.644982e+003, 4.568051e-003
1.646911e+003, 4.500202e-003
1.648839e+003, 4.334543e-003
1.650767e+003, 4.025055e-003
1.652696e+003, 3.917780e-003
1.654624e+003, 4.120926e-003
1.656553e+003, 4.059662e-003
1.658481e+003, 4.229185e-003
1.660410e+003, 4.427792e-003
1.662338e+003, 4.600600e-003
1.664267e+003, 4.459353e-003
1.666195e+003, 3.948777e-003
1.668124e+003, 3.788078e-003
1.670052e+003, 3.998546e-003
1.671981e+003, 4.009789e-003
1.673909e+003, 4.128838e-003
1.675838e+003, 4.152048e-003
1.677766e+003, 4.064354e-003
1.679694e+003, 4.163520e-003
1.681623e+003, 3.859697e-003
1.683551e+003, 3.694958e-003
1.685480e+003, 3.882078e-003
1.687408e+003, 3.856448e-003
1.689337e+003, 3.985594e-003
1.691265e+003, 3.877337e-003
1.693194e+003, 3.809177e-003
1.695122e+003, 3.774321e-003
1.697051e+003, 4.091944e-003
1.698979e+003, 4.200543e-003
1.700908e+003, 4.297546e-003
1.702836e+003, 4.311929e-003
1.704765e+003, 4.159269e-003
1.706693e+003, 4.068052e-003
1.708621e+003, 4.254415e-003
1.710550e+003, 4.404305e-003
1.712478e+003, 4.389730e-003
1.714407e+003, 4.358186e-003
1.716335e+003, 4.300458e-003
1.718264e+003, 4.394792e-003
1.720192e+003, 4.826369e-003
1.722121e+003, 5.210601e-003
1.724049e+003, 5.181124e-003
1.725978e+003, 4.991256e-003
1.727906e+003, 4.544872e-003
1.729835e+003, 4.323576e-003
1.731763e+003, 4.234381e-003
1.733692e+003, 4.037742e-003
1.735620e+003, 3.867996e-003
1.737548e+003, 3.528141e-003
1.739477e+003, 3.285491e-003
1.741405e+003, 3.222850e-003
1.743334e+003, 3.402767e-003
1.745262e+003, 3.187953e-003
1.747191e+003, 3.133532e-003
1.749119e+003, 3.269752e-003
1.751048e+003, 3.404030e-003
1.752976e+003, 3.563431e-003
1.754905e+003, 3.667241e-003
1.756833e+003, 3.440737e-003
1.758762e+003, 3.418728e-003
1.760690e+003, 3.627522e-003
1.762619e+003, 3.683085e-003
1.764547e+003, 3.710148e-003
1.766475e+003, 3.879622e-003
1.768404e+003, 3.816024e-003
1.770332e+003, 3.674112e-003
1.772261e+003, 3.427681e-003
1.774189e+003, 3.558719e-003
1.776118e+003, 3.557503e-003
1.778046e+003, 3.703909e-003
1.779975e+003, 3.622384e-003
1.781903e+003, 3.385775e-003
1.783832e+003, 3.745909e-003
1.785760e+003, 3.988979e-003
1.787689e+003, 3.576655e-003
1.789617e+003, 3.390297e-003
1.791546e+003, 3.419118e-003
1.793474e+003, 3.479319e-003
1.795402e+003, 3.287225e-003
1.797331e+003, 3.502217e-003
1.799259e+003, 3.655641e-003
1.801188e+003, 3.515143e-003
1.803116e+003, 3.551273e-003
1.805045e+003, 3.406678e-003
1.806973e+003, 3.265164e-003
1.808902e+003, 3.162970e-003
1.810830e+003, 3.326651e-003
1.812759e+003, 3.300332e-003
1.814687e+003, 2.899082e-003
1.816616e+003, 2.780440e-003
1.818544e+003, 2.859628e-003
1.820473e+003, 3.307533e-003
1.822401e+003, 3.819724e-003
1.824329e+003, 3.835731e-003
1.826258e+003, 3.524558e-003
1.828186e+003, 3.485063e-003
1.830115e+003, 3.277203e-003
1.832043e+003, 3.424608e-003
1.833972e+003, 3.345191e-003
1.835900e+003, 3.303458e-003
1.837829e+003, 3.803442e-003
1.839757e+003, 4.110755e-003
1.841686e+003, 4.088477e-003
1.843614e+003, 3.580620e-003
1.845543e+003, 3.161100e-003
1.847471e+003, 3.283043e-003
1.849400e+003, 3.512827e-003
1.851328e+003, 3.028841e-003
1.853256e+003, 2.912821e-003
1.855185e+003, 3.757868e-003
1.857113e+003, 4.047957e-003
1.859042e+003, 4.086957e-003
1.860970e+003, 4.117276e-003
1.862899e+003, 4.012733e-003
1.864827e+003, 3.776916e-003
1.866756e+003, 4.275378e-003
1.868684e+003, 4.759485e-003
1.870613e+003, 4.936909e-003
1.872541e+003, 5.349475e-003
1.874470e+003, 5.967965e-003
1.876398e+003, 6.086380e-003
1.878327e+003, 6.477157e-003
1.880255e+003, 6.372021e-003
1.882183e+003, 5.835834e-003
1.884112e+003, 5.531511e-003
1.886040e+003, 6.069892e-003
1.887969e+003, 6.140185e-003
1.889897e+003, 5.876391e-003
1.891826e+003, 5.165113e-003
1.893754e+003, 4.439087e-003
1.895683e+003, 4.532877e-003
1.897611e+003, 4.397020e-003
1.899540e+003, 3.531253e-003
1.901468e+003, 3.392447e-003
1.903397e+003, 3.134981e-003
1.905325e+003, 2.644967e-003
1.907254e+003, 2.641583e-003
1.909182e+003, 2.705735e-003
1.911110e+003, 2.925184e-003
1.913039e+003, 2.445586e-003
1.914967e+003, 2.092214e-003
1.916896e+003, 2.223097e-003
1.918824e+003, 1.794898e-003
1.920753e+003, 1.573524e-003
1.922681e+003, 4.656872e-004
1.924610e+003, -1.026338e-004
1.926538e+003, 4.971232e-004
1.928467e+003, 5.907330e-004
1.930395e+003, 4.606649e-004
1.932324e+003, 2.940565e-004
1.934252e+003, -1.015647e-004
1.936181e+003, 2.334864e-004
1.938109e+003, 3.981841e-004
1.940037e+003, 8.332578e-005
1.941966e+003, -7.399311e-004
1.943894e+003, -1.265300e-003
1.945823e+003, -1.503183e-003
1.947751e+003, -2.962791e-003
1.949680e+003, -2.919384e-003
1.951608e+003, -1.933427e-003
1.953537e+003, -2.429854e-003
1.955465e+003, -3.675396e-003
1.957394e+003, -4.234695e-003
1.959322e+003, -4.245642e-003
1.961251e+003, -4.166757e-003
1.963179e+003, -3.775347e-003
1.965108e+003, -2.470554e-003
1.967036e+003, -4.239915e-003
1.968964e+003, -5.994520e-003
1.970893e+003, -5.340865e-003
1.972821e+003, -4.896500e-003
1.974750e+003, -6.861080e-003
1.976678e+003, -6.435272e-003
1.978607e+003, -3.558788e-003
1.980535e+003, -2.299558e-003
1.982464e+003, -3.963252e-003
1.984392e+003, -5.751089e-003
1.986321e+003, -4.924711e-003
1.988249e+003, -5.138976e-003
1.990178e+003, -6.324417e-003
1.992106e+003, -5.578433e-003
1.994035e+003, -4.074554e-003
1.995963e+003, -4.406799e-003
1.997891e+003, -5.068528e-003
1.999820e+003, -6.137148e-003
2.001748e+003, -6.539918e-003
2.003677e+003, -5.306998e-003
2.005605e+003, -6.244173e-003
2.007534e+003, -6.841897e-003
2.009462e+003, -4.834493e-003
2.011391e+003, -4.657539e-003
2.013319e+003, -7.026563e-003
2.015248e+003, -7.510931e-003
2.017176e+003, -6.648308e-003
2.019105e+003, -6.814569e-003
2.021033e+003, -9.442843e-003
2.022962e+003, -1.005626e-002
2.024890e+003, -7.889017e-003
2.026818e+003, -7.769432e-003
2.028747e+003, -9.825259e-003
2.030675e+003, -9.077753e-003
2.032604e+003, -6.722966e-003
2.034532e+003, -5.764891e-003
2.036461e+003, -5.998653e-003
2.038389e+003, -6.191785e-003
2.040318e+003, -6.985599e-003
2.042246e+003, -7.183105e-003
2.044175e+003, -7.009778e-003
2.046103e+003, -6.839682e-003
2.048032e+003, -5.019848e-003
2.049960e+003, -3.381951e-003
2.051889e+003, -4.667307e-003
2.053817e+003, -5.718533e-003
2.055746e+003, -4.943350e-003
2.057674e+003, -5.301359e-003
2.059603e+003, -3.445182e-003
2.061531e+003, -2.967105e-003
2.063459e+003, -4.752867e-003
2.065388e+003, -5.126480e-003
2.067316e+003, -4.705885e-003
2.069245e+003, -4.446974e-003
2.071173e+003, -4.459049e-003
2.073102e+003, -4.248107e-003
2.075030e+003, -3.136661e-003
2.076959e+003, -3.633646e-003
2.078887e+003, -3.198535e-003
2.080816e+003, -2.766669e-003
2.082744e+003, -3.178074e-003
2.084673e+003, -3.831682e-003
2.086601e+003, -3.978990e-003
2.088530e+003, -4.101785e-003
2.090458e+003, -4.546238e-003
2.092386e+003, -5.769937e-003
2.094315e+003, -5.753128e-003
2.096243e+003, -5.304771e-003
2.098172e+003, -4.881395e-003
2.100100e+003, -3.798637e-003
2.102029e+003, -3.357694e-003
2.103957e+003, -2.121664e-003
2.105886e+003, -1.735644e-003
2.107814e+003, -3.533156e-003
2.109743e+003, -2.973541e-003
2.111671e+003, -2.253767e-003
2.113600e+003, -2.975645e-003
2.115528e+003, -3.509918e-003
2.117457e+003, -4.850253e-003
2.119385e+003, -5.798029e-003
2.121313e+003, -5.273993e-003
2.123242e+003, -4.168028e-003
2.125170e+003, -3.626500e-003
2.127099e+003, -3.466266e-003
2.129027e+003, -3.609412e-003
2.130956e+003, -4.401141e-003
2.132884e+003, -6.328585e-003
2.134813e+003, -7.111815e-003
2.136741e+003, -7.083961e-003
2.138670e+003, -5.874997e-003
2.140598e+003, -5.615658e-003
2.142527e+003, -6.873165e-003
2.144455e+003, -6.779853e-003
2.146384e+003, -6.793878e-003
2.148312e+003, -6.759241e-003
2.150240e+003, -7.886797e-003
2.152169e+003, -9.469147e-003
2.154097e+003, -9.349125e-003
2.156026e+003, -1.105812e-002
2.157954e+003, -1.104258e-002
2.159883e+003, -5.323913e-003
2.161811e+003, -4.107476e-003
2.163740e+003, -4.856268e-003
2.165668e+003, -3.421971e-003
2.167597e+003, -2.993773e-003
2.169525e+003, -5.018005e-003
2.171454e+003, -4.231499e-003
2.173382e+003, -3.823477e-003
2.175311e+003, -4.439254e-003
2.177239e+003, -5.383585e-003
2.179167e+003, -3.594071e-003
2.181096e+003, -1.543845e-003
2.183024e+003, -2.065264e-003
2.184953e+003, -2.782614e-003
2.186881e+003, -1.052184e-003
2.188810e+003, -1.029149e-003
2.190738e+003, -2.314081e-003
2.192667e+003, -2.867274e-003
2.194595e+003, -4.254492e-003
2.196524e+003, -3.739029e-003
2.198452e+003, -1.271885e-003
2.200381e+003, -2.666166e-004
2.202309e+003, -1.615211e-003
2.204238e+003, -1.560471e-003
2.206166e+003, -1.157659e-003
2.208094e+003, -1.222923e-003
2.210023e+003, -4.007866e-004
2.211951e+003, 1.376894e-004
2.213880e+003, 3.879057e-004
2.215808e+003, 2.587657e-005
2.217737e+003, -6.623488e-004
2.219665e+003, 7.155143e-004
2.221594e+003, 2.156565e-003
2.223522e+003, 1.982219e-003
2.225451e+003, 1.158021e-003
2.227379e+003, 6.307570e-004
2.229308e+003, 6.845687e-004
2.231236e+003, 2.246244e-004
2.233165e+003, 2.628526e-004
2.235093e+003, -2.909394e-004
2.237021e+003, -1.157746e-003
2.238950e+003, -8.355441e-004
2.240878e+003, -8.772981e-004
2.242807e+003, -1.151185e-003
2.244735e+003, -1.128813e-003
2.246664e+003, -1.051784e-003
2.248592e+003, -2.115694e-004
2.250521e+003, -1.323865e-004
2.252449e+003, -7.257680e-004
2.254378e+003, -4.437994e-004
2.256306e+003, 2.430019e-004
2.258235e+003, 3.478263e-004
2.260163e+003, 9.273368e-005
2.262092e+003, -9.436418e-004
2.264020e+003, -3.155486e-004
2.265948e+003, 1.628202e-003
2.267877e+003, 1.625792e-003
2.269805e+003, 1.044603e-003
2.271734e+003, 8.572952e-004
2.273662e+003, 1.191165e-003
2.275591e+003, 2.347885e-003
2.277519e+003, 2.719986e-003
2.279448e+003, 2.548230e-003
2.281376e+003, 2.818833e-003
2.283305e+003, 2.852714e-003
2.285233e+003, 2.846920e-003
2.287162e+003, 2.979849e-003
2.289090e+003, 2.716342e-003
2.291019e+003, 2.605706e-003
2.292947e+003, 2.503747e-003
2.294875e+003, 2.003245e-003
2.296804e+003, 2.034269e-003
2.298732e+003, 2.061138e-003
2.300661e+003, 1.920134e-003
2.302589e+003, 1.854587e-003
2.304518e+003, 1.762182e-003
2.306446e+003, 1.848862e-003
2.308375e+003, 2.265942e-003
2.310303e+003, 2.908683e-003
2.312232e+003, 3.200945e-003
2.314160e+003, 3.143335e-003
2.316089e+003, 3.169789e-003
2.318017e+003, 3.385701e-003
2.319946e+003, 3.507610e-003
2.321874e+003, 3.970689e-003
2.323802e+003, 3.759002e-003
2.325731e+003, 2.606676e-003
2.327659e+003, 2.375424e-003
2.329588e+003, 2.751891e-003
2.331516e+003, 2.083875e-003
2.333445e+003, 2.385113e-003
2.335373e+003, 2.944322e-003
2.337302e+003, 2.305288e-003
2.339230e+003, 1.541407e-003
2.341159e+003, 1.844889e-003
2.343087e+003, 1.973907e-003
2.345016e+003, 1.593157e-003
2.346944e+003, 1.880351e-003
2.348873e+003, 2.293824e-003
2.350801e+003, 2.138856e-003
2.352729e+003, 2.049718e-003
2.354658e+003, 2.198960e-003
2.356586e+003, 2.569145e-003
2.358515e+003, 2.821713e-003
2.360443e+003, 2.196361e-003
2.362372e+003, 1.819159e-003
2.364300e+003, 2.429963e-003
2.366229e+003, 2.152796e-003
2.368157e+003, 1.918021e-003
2.370086e+003, 2.141150e-003
2.372014e+003, 2.294349e-003
2.373942e+003, 2.547198e-003
2.375871e+003, 2.836848e-003
2.377799e+003, 2.593469e-003
2.379728e+003, 2.301586e-003
2.381656e+003, 2.215555e-003
2.383585e+003, 2.324998e-003
2.385513e+003, 2.546249e-003
2.387442e+003, 2.244732e-003
2.389370e+003, 2.761259e-003
2.391299e+003, 3.301356e-003
2.393227e+003, 2.943839e-003
2.395156e+003, 2.697760e-003
2.397084e+003, 2.940494e-003
2.399012e+003, 3.100566e-003
2.400941e+003, 2.790486e-003
2.402869e+003, 2.878777e-003
2.404798e+003, 3.272755e-003
2.406726e+003, 3.312784e-003
2.408655e+003, 3.333578e-003
2.410583e+003, 3.335683e-003
2.412512e+003, 2.979802e-003
2.414440e+003, 3.231569e-003
2.416369e+003, 3.902803e-003
2.418297e+003, 2.768580e-003
2.420226e+003, 2.092717e-003
2.422154e+003, 2.238376e-003
2.424083e+003, 2.513716e-003
2.426011e+003, 2.796146e-003
2.427939e+003, 3.027242e-003
2.429868e+003, 3.259292e-003
2.431796e+003, 3.095288e-003
2.433725e+003, 3.570282e-003
2.435653e+003, 4.207175e-003
2.437582e+003, 4.341001e-003
2.439510e+003, 4.195747e-003
2.441439e+003, 3.499125e-003
2.443367e+003, 3.110106e-003
2.445296e+003, 3.451851e-003
2.447224e+003, 3.093804e-003
2.449153e+003, 3.651905e-003
2.451081e+003, 4.049215e-003
2.453010e+003, 3.102483e-003
2.454938e+003, 3.163930e-003
2.456866e+003, 3.714977e-003
2.458795e+003, 4.154433e-003
2.460723e+003, 4.069427e-003
2.462652e+003, 3.453233e-003
2.464580e+003, 3.077386e-003
2.466509e+003, 3.206595e-003
2.468437e+003, 3.464099e-003
2.470366e+003, 3.451983e-003
2.472294e+003, 3.163254e-003
2.474223e+003, 2.548548e-003
2.476151e+003, 2.613790e-003
2.478080e+003, 2.630423e-003
2.480008e+003, 2.974426e-003
2.481937e+003, 3.145294e-003
2.483865e+003, 3.142223e-003
2.485793e+003, 3.825351e-003
2.487722e+003, 3.675741e-003
2.489650e+003, 3.356060e-003
2.491579e+003, 3.723330e-003
2.493507e+003, 3.906803e-003
2.495436e+003, 3.870563e-003
2.497364e+003, 3.871900e-003
2.499293e+003, 3.833272e-003
2.501221e+003, 3.299195e-003
2.503150e+003, 2.818888e-003
2.505078e+003, 2.647074e-003
2.507007e+003, 3.558757e-003
2.508935e+003, 4.442419e-003
2.510864e+003, 4.145770e-003
2.512792e+003, 3.419490e-003
2.514720e+003, 3.028301e-003
2.516649e+003, 3.573910e-003
2.518577e+003, 3.757232e-003
2.520506e+003, 3.534638e-003
2.522434e+003, 4.401452e-003
2.524363e+003, 5.084102e-003
2.526291e+003, 4.259455e-003
2.528220e+003, 2.651484e-003
2.530148e+003, 2.821538e-003
2.532077e+003, 3.052721e-003
2.534005e+003, 2.940292e-003
2.535934e+003, 4.046662e-003
2.537862e+003, 4.636819e-003
2.539791e+003, 4.223220e-003
2.541719e+003, 4.391857e-003
2.543647e+003, 4.348317e-003
2.545576e+003, 4.136759e-003
2.547504e+003, 4.340918e-003
2.549433e+003, 5.081300e-003
2.551361e+003, 5.081029e-003
2.553290e+003, 4.910193e-003
2.555218e+003, 4.636196e-003
2.557147e+003, 4.903872e-003
2.559075e+003, 5.270004e-003
2.561004e+003, 5.332547e-003
2.562932e+003, 4.430784e-003
2.564861e+003, 4.479820e-003
2.566789e+003, 5.177263e-003
2.568718e+003, 4.726275e-003
2.570646e+003, 4.069806e-003
2.572574e+003, 3.700025e-003
2.574503e+003, 3.873685e-003
2.576431e+003, 4.304475e-003
2.578360e+003, 4.310323e-003
2.580288e+003, 4.768207e-003
2.582217e+003, 4.178220e-003
2.584145e+003, 3.442097e-003
2.586074e+003, 4.417397e-003
2.588002e+003, 5.195017e-003
2.589931e+003, 4.814487e-003
2.591859e+003, 4.575105e-003
2.593788e+003, 4.717333e-003
2.595716e+003, 4.428962e-003
2.597645e+003, 4.599947e-003
2.599573e+003, 5.037775e-003
2.601501e+003, 5.258461e-003
2.603430e+003, 4.876144e-003
2.605358e+003, 4.151228e-003
2.607287e+003, 3.783538e-003
2.609215e+003, 4.125255e-003
2.611144e+003, 4.563511e-003
2.613072e+003, 4.353027e-003
2.615001e+003, 5.139014e-003
2.616929e+003, 5.886908e-003
2.618858e+003, 5.330274e-003
2.620786e+003, 4.886191e-003
2.622715e+003, 5.017136e-003
2.624643e+003, 4.918507e-003
2.626572e+003, 4.854775e-003
2.628500e+003, 4.172957e-003
2.630428e+003, 4.090760e-003
2.632357e+003, 4.433324e-003
2.634285e+003, 4.789149e-003
2.636214e+003, 5.160112e-003
2.638142e+003, 5.042754e-003
2.640071e+003, 5.327777e-003
2.641999e+003, 5.386027e-003
2.643928e+003, 4.718042e-003
2.645856e+003, 4.135590e-003
2.647785e+003, 4.151366e-003
2.649713e+003, 4.531124e-003
2.651642e+003, 4.630636e-003
2.653570e+003, 4.872155e-003
2.655499e+003, 4.659862e-003
2.657427e+003, 3.996898e-003
2.659355e+003, 4.314201e-003
2.661284e+003, 4.642028e-003
2.663212e+003, 4.831627e-003
2.665141e+003, 4.692623e-003
2.667069e+003, 4.183212e-003
2.668998e+003, 4.120004e-003
2.670926e+003, 3.908632e-003
2.672855e+003, 3.758628e-003
2.674783e+003, 4.246670e-003
2.676712e+003, 4.423191e-003
2.678640e+003, 4.036174e-003
2.680569e+003, 3.602656e-003
2.682497e+003, 3.687500e-003
2.684426e+003, 4.622816e-003
2.686354e+003, 4.259292e-003
2.688282e+003, 3.546874e-003
2.690211e+003, 3.770388e-003
2.692139e+003, 4.003776e-003
2.694068e+003, 4.207814e-003
2.695996e+003, 4.219784e-003
2.697925e+003, 4.314745e-003
2.699853e+003, 4.104540e-003
2.701782e+003, 3.948133e-003
2.703710e+003, 4.486491e-003
2.705639e+003, 4.739029e-003
2.707567e+003, 4.309966e-003
2.709496e+003, 4.063570e-003
2.711424e+003, 3.862670e-003
2.713353e+003, 3.504243e-003
2.715281e+003, 4.319833e-003
2.717209e+003, 5.122500e-003
2.719138e+003, 5.213891e-003
2.721066e+003, 4.996830e-003
2.722995e+003, 5.308003e-003
2.724923e+003, 5.586106e-003
2.726852e+003, 5.236339e-003
2.728780e+003, 4.178973e-003
2.730709e+003, 4.177232e-003
2.732637e+003, 4.144485e-003
2.734566e+003, 3.723834e-003
2.736494e+003, 3.791132e-003
2.738423e+003, 3.646544e-003
2.740351e+003, 3.833821e-003
2.742280e+003, 4.281092e-003
2.744208e+003, 4.507715e-003
2.746136e+003, 4.899445e-003
2.748065e+003, 5.261768e-003
2.749993e+003, 5.053063e-003
2.751922e+003, 5.176180e-003
2.753850e+003, 5.320485e-003
2.755779e+003, 4.699505e-003
2.757707e+003, 4.712446e-003
2.759636e+003, 4.776887e-003
2.761564e+003, 5.418338e-003
2.763493e+003, 6.027446e-003
2.765421e+003, 5.840207e-003
2.767350e+003, 5.399572e-003
2.769278e+003, 5.153618e-003
2.771207e+003, 5.667035e-003
2.773135e+003, 5.056714e-003
2.775063e+003, 4.318821e-003
2.776992e+003, 4.471885e-003
2.778920e+003, 4.614540e-003
2.780849e+003, 4.851727e-003
2.782777e+003, 5.399564e-003
2.784706e+003, 5.875851e-003
2.786634e+003, 5.711275e-003
2.788563e+003, 5.756232e-003
2.790491e+003, 5.601865e-003
2.792420e+003, 5.333058e-003
2.794348e+003, 4.706391e-003
2.796277e+003, 4.784199e-003
2.798205e+003, 5.534150e-003
2.800134e+003, 5.799764e-003
2.802062e+003, 5.713359e-003
2.803990e+003, 5.821971e-003
2.805919e+003, 5.804505e-003
2.807847e+003, 5.468325e-003
2.809776e+003, 4.795302e-003
2.811704e+003, 4.457233e-003
2.813633e+003, 4.744259e-003
2.815561e+003, 5.490743e-003
2.817490e+003, 5.622949e-003
2.819418e+003, 5.399035e-003
2.821347e+003, 5.529950e-003
2.823275e+003, 5.588771e-003
2.825204e+003, 5.156097e-003
2.827132e+003, 4.948424e-003
2.829061e+003, 5.263658e-003
2.830989e+003, 5.725496e-003
2.832917e+003, 5.742689e-003
2.834846e+003, 5.645589e-003
2.836774e+003, 5.517500e-003
2.838703e+003, 5.871429e-003
2.840631e+003, 5.938596e-003
2.842560e+003, 5.497792e-003
2.844488e+003, 4.310374e-003
2.846417e+003, 3.602654e-003
2.848345e+003, 3.706191e-003
2.850274e+003, 3.809819e-003
2.852202e+003, 3.318811e-003
2.854131e+003, 3.831679e-003
2.856059e+003, 4.847865e-003
2.857988e+003, 5.007229e-003
2.859916e+003, 4.997944e-003
2.861844e+003, 5.488032e-003
2.863773e+003, 5.794182e-003
2.865701e+003, 5.592792e-003
2.867630e+003, 4.946973e-003
2.869558e+003, 5.197151e-003
2.871487e+003, 5.475248e-003
2.873415e+003, 5.761736e-003
2.875344e+003, 6.124958e-003
2.877272e+003, 6.484183e-003
2.879201e+003, 6.962125e-003
2.881129e+003, 6.707920e-003
2.883058e+003, 6.016423e-003
2.884986e+003, 5.977022e-003
2.886915e+003, 6.163809e-003
2.888843e+003, 6.145287e-003
2.890771e+003, 6.139641e-003
2.892700e+003, 5.782467e-003
2.894628e+003, 5.151808e-003
2.896557e+003, 5.781198e-003
2.898485e+003, 6.177815e-003
2.900414e+003, 5.024059e-003
2.902342e+003, 4.286422e-003
2.904271e+003, 4.664156e-003
2.906199e+003, 5.458981e-003
2.908128e+003, 5.343541e-003
2.910056e+003, 5.234837e-003
2.911985e+003, 5.857143e-003
2.913913e+003, 5.472668e-003
2.915842e+003, 4.233359e-003
2.917770e+003, 4.824468e-003
2.919698e+003, 5.090392e-003
2.921627e+003, 4.058199e-003
2.923555e+003, 3.736983e-003
2.925484e+003, 4.309872e-003
2.927412e+003, 4.719111e-003
2.929341e+003, 4.602220e-003
2.931269e+003, 4.318910e-003
2.933198e+003, 4.116589e-003
2.935126e+003, 4.740067e-003
2.937055e+003, 5.330510e-003
2.938983e+003, 5.524863e-003
2.940912e+003, 5.402823e-003
2.942840e+003, 5.600187e-003
2.944769e+003, 6.622345e-003
2.946697e+003, 7.640820e-003
2.948625e+003, 6.985434e-003
2.950554e+003, 6.365747e-003
2.952482e+003, 6.802712e-003
2.954411e+003, 6.474289e-003
2.956339e+003, 5.562252e-003
2.958268e+003, 5.385623e-003
2.960196e+003, 6.014642e-003
2.962125e+003, 6.603874e-003
2.964053e+003, 7.561189e-003
2.965982e+003, 7.243667e-003
2.967910e+003, 6.401652e-003
2.969839e+003, 6.861382e-003
2.971767e+003, 7.640709e-003
2.973696e+003, 6.945351e-003
2.975624e+003, 5.804507e-003
2.977552e+003, 6.009761e-003
2.979481e+003, 7.338086e-003
2.981409e+003, 8.121409e-003
2.983338e+003, 7.687899e-003
2.985266e+003, 6.700262e-003
2.987195e+003, 6.432756e-003
2.989123e+003, 6.589947e-003
2.991052e+003, 6.526115e-003
2.992980e+003, 7.596187e-003
2.994909e+003, 7.567517e-003
2.996837e+003, 6.770480e-003
2.998766e+003, 6.981831e-003
3.000694e+003, 8.168560e-003
3.002623e+003, 8.221062e-003
3.004551e+003, 7.312892e-003
3.006479e+003, 7.394299e-003
3.008408e+003, 8.013501e-003
3.010336e+003, 8.144011e-003
3.012265e+003, 7.052898e-003
3.014193e+003, 6.414531e-003
3.016122e+003, 6.144235e-003
3.018050e+003, 6.659605e-003
3.019979e+003, 7.662221e-003
3.021907e+003, 7.303413e-003
3.023836e+003, 6.711129e-003
3.025764e+003, 7.212040e-003
3.027693e+003, 8.051651e-003
3.029621e+003, 7.828462e-003
3.031550e+003, 7.534616e-003
3.033478e+003, 7.547881e-003
3.035406e+003, 8.150058e-003
3.037335e+003, 8.117994e-003
3.039263e+003, 7.130621e-003
3.041192e+003, 6.387617e-003
3.043120e+003, 6.742321e-003
3.045049e+003, 6.719477e-003
3.046977e+003, 7.020995e-003
3.048906e+003, 8.616150e-003
3.050834e+003, 9.004069e-003
3.052763e+003, 8.610832e-003
3.054691e+003, 8.173499e-003
3.056620e+003, 7.433156e-003
3.058548e+003, 7.689099e-003
3.060477e+003, 8.512913e-003
3.062405e+003, 8.783367e-003
3.064333e+003, 8.481316e-003
3.066262e+003, 8.801462e-003
3.068190e+003, 9.004718e-003
3.070119e+003, 8.095431e-003
3.072047e+003, 8.009292e-003
3.073976e+003, 8.740794e-003
3.075904e+003, 8.778139e-003
3.077833e+003, 8.852462e-003
3.079761e+003, 9.450544e-003
3.081690e+003, 9.487874e-003
3.083618e+003, 9.815728e-003
3.085547e+003, 8.925095e-003
3.087475e+003, 7.980187e-003
3.089404e+003, 8.630411e-003
3.091332e+003, 8.817670e-003
3.093260e+003, 8.463111e-003
3.095189e+003, 8.636827e-003
3.097117e+003, 8.562884e-003
3.099046e+003, 8.528435e-003
3.100974e+003, 9.313605e-003
3.102903e+003, 9.068174e-003
3.104831e+003, 9.545133e-003
3.106760e+003, 1.057072e-002
3.108688e+003, 1.047374e-002
3.110617e+003, 1.027006e-002
3.112545e+003, 1.003597e-002
3.114474e+003, 9.785032e-003
3.116402e+003, 1.011614e-002
3.118331e+003, 9.223842e-003
3.120259e+003, 8.760829e-003
3.122188e+003, 9.496183e-003
3.124116e+003, 9.885530e-003
3.126044e+003, 9.000148e-003
3.127973e+003, 8.480272e-003
3.129901e+003, 8.759497e-003
3.131830e+003, 9.980225e-003
3.133758e+003, 1.005673e-002
3.135687e+003, 1.017094e-002
3.137615e+003, 1.005388e-002
3.139544e+003, 1.032103e-002
3.141472e+003, 1.179542e-002
3.143401e+003, 1.213417e-002
3.145329e+003, 1.119829e-002
3.147258e+003, 1.119561e-002
3.149186e+003, 1.100542e-002
3.151115e+003, 1.059189e-002
3.153043e+003, 1.082249e-002
3.154971e+003, 1.113889e-002
3.156900e+003, 1.108095e-002
3.158828e+003, 9.974829e-003
3.160757e+003, 9.894781e-003
3.162685e+003, 1.054361e-002
3.164614e+003, 1.153032e-002
3.166542e+003, 1.176955e-002
3.168471e+003, 1.061942e-002
3.170399e+003, 1.094342e-002
3.172328e+003, 1.112387e-002
3.174256e+003, 1.132358e-002
3.176185e+003, 1.176879e-002
3.178113e+003, 1.147327e-002
3.180042e+003, 1.180812e-002
3.181970e+003, 1.206261e-002
3.183898e+003, 1.167405e-002
3.185827e+003, 1.133380e-002
3.187755e+003, 1.070040e-002
3.189684e+003, 1.042195e-002
3.191612e+003, 1.194268e-002
3.193541e+003, 1.201733e-002
3.195469e+003, 1.168829e-002
3.197398e+003, 1.098134e-002
3.199326e+003, 1.100274e-002
3.201255e+003, 1.125224e-002
3.203183e+003, 1.149252e-002
3.205112e+003, 1.153702e-002
3.207040e+003, 1.130606e-002
3.208969e+003, 1.160690e-002
3.210897e+003, 1.224104e-002
3.212825e+003, 1.278208e-002
3.214754e+003, 1.234295e-002
3.216682e+003, 1.163523e-002
3.218611e+003, 1.167085e-002
3.220539e+003, 1.219694e-002
3.222468e+003, 1.249317e-002
3.224396e+003, 1.235184e-002
3.226325e+003, 1.194789e-002
3.228253e+003, 1.141690e-002
3.230182e+003, 1.157590e-002
3.232110e+003, 1.179361e-002
3.234039e+003, 1.187299e-002
3.235967e+003, 1.231372e-002
3.237896e+003, 1.260552e-002
3.239824e+003, 1.208102e-002
3.241752e+003, 1.088631e-002
3.243681e+003, 1.050735e-002
3.245609e+003, 1.064528e-002
3.247538e+003, 1.128415e-002
3.249466e+003, 1.187310e-002
3.251395e+003, 1.163298e-002
3.253323e+003, 1.063225e-002
3.255252e+003, 1.020762e-002
3.257180e+003, 1.133551e-002
3.259109e+003, 1.175632e-002
3.261037e+003, 1.147493e-002
3.262966e+003, 1.179644e-002
3.264894e+003, 1.219892e-002
3.266823e+003, 1.158575e-002
3.268751e+003, 1.202483e-002
3.270679e+003, 1.317956e-002
3.272608e+003, 1.315936e-002
3.274536e+003, 1.326434e-002
3.276465e+003, 1.357983e-002
3.278393e+003, 1.411171e-002
3.280322e+003, 1.391424e-002
3.282250e+003, 1.222235e-002
3.284179e+003, 1.206414e-002
3.286107e+003, 1.227583e-002
3.288036e+003, 1.288746e-002
3.289964e+003, 1.295442e-002
3.291893e+003, 1.195000e-002
3.293821e+003, 1.184975e-002
3.295750e+003, 1.235334e-002
3.297678e+003, 1.248412e-002
3.299606e+003, 1.273174e-002
3.301535e+003, 1.287256e-002
3.303463e+003, 1.218569e-002
3.305392e+003, 1.157559e-002
3.307320e+003, 1.130555e-002
3.309249e+003, 1.149477e-002
3.311177e+003, 1.177381e-002
3.313106e+003, 1.317485e-002
3.315034e+003, 1.380122e-002
3.316963e+003, 1.396736e-002
3.318891e+003, 1.299102e-002
3.320820e+003, 1.205102e-002
3.322748e+003, 1.243521e-002
3.324677e+003, 1.227860e-002
3.326605e+003, 1.204327e-002
3.328533e+003, 1.270642e-002
3.330462e+003, 1.261688e-002
3.332390e+003, 1.199933e-002
3.334319e+003, 1.291564e-002
3.336247e+003, 1.280985e-002
3.338176e+003, 1.340024e-002
3.340104e+003, 1.408791e-002
3.342033e+003, 1.385671e-002
3.343961e+003, 1.347792e-002
3.345890e+003, 1.237258e-002
3.347818e+003, 1.300990e-002
3.349747e+003, 1.349840e-002
3.351675e+003, 1.356539e-002
3.353604e+003, 1.408560e-002
3.355532e+003, 1.374528e-002
3.357460e+003, 1.333030e-002
3.359389e+003, 1.321806e-002
3.361317e+003, 1.359566e-002
3.363246e+003, 1.389281e-002
3.365174e+003, 1.352741e-002
3.367103e+003, 1.332416e-002
3.369031e+003, 1.333933e-002
3.370960e+003, 1.416112e-002
3.372888e+003, 1.339219e-002
3.374817e+003, 1.258567e-002
3.376745e+003, 1.234850e-002
3.378674e+003, 1.274040e-002
3.380602e+003, 1.445922e-002
3.382531e+003, 1.433302e-002
3.384459e+003, 1.356784e-002
3.386387e+003, 1.330195e-002
3.388316e+003, 1.332837e-002
3.390244e+003, 1.250085e-002
3.392173e+003, 1.319519e-002
3.394101e+003, 1.465266e-002
3.396030e+003, 1.433186e-002
3.397958e+003, 1.366788e-002
3.399887e+003, 1.387436e-002
3.401815e+003, 1.437800e-002
3.403744e+003, 1.382029e-002
3.405672e+003, 1.391308e-002
3.407601e+003, 1.413519e-002
3.409529e+003, 1.306245e-002
3.411458e+003, 1.253005e-002
3.413386e+003, 1.311271e-002
3.415314e+003, 1.486332e-002
3.417243e+003, 1.438302e-002
3.419171e+003, 1.351011e-002
3.421100e+003, 1.360580e-002
3.423028e+003, 1.410000e-002
3.424957e+003, 1.376770e-002
3.426885e+003, 1.371159e-002
3.428814e+003, 1.372587e-002
3.430742e+003, 1.347531e-002
3.432671e+003, 1.505404e-002
3.434599e+003, 1.504000e-002
3.436528e+003, 1.401361e-002
3.438456e+003, 1.350846e-002
3.440385e+003, 1.413920e-002
3.442313e+003, 1.465457e-002
3.444241e+003, 1.460165e-002
3.446170e+003, 1.390964e-002
3.448098e+003, 1.390560e-002
3.450027e+003, 1.327724e-002
3.451955e+003, 1.395125e-002
3.453884e+003, 1.488806e-002
3.455812e+003, 1.363505e-002
3.457741e+003, 1.207861e-002
3.459669e+003, 1.234148e-002
3.461598e+003, 1.268086e-002
3.463526e+003, 1.332124e-002
3.465455e+003, 1.466490e-002
3.467383e+003, 1.519215e-002
3.469312e+003, 1.549176e-002
3.471240e+003, 1.533014e-002
3.473168e+003, 1.408124e-002
3.475097e+003, 1.383478e-002
3.477025e+003, 1.444812e-002
3.478954e+003, 1.395296e-002
3.480882e+003, 1.386408e-002
3.482811e+003, 1.466477e-002
3.484739e+003, 1.542347e-002
3.486668e+003, 1.634146e-002
3.488596e+003, 1.582925e-002
3.490525e+003, 1.352622e-002
3.492453e+003, 1.139550e-002
3.494382e+003, 1.141881e-002
3.496310e+003, 1.354709e-002
3.498239e+003, 1.631922e-002
3.500167e+003, 1.709071e-002
3.502095e+003, 1.524653e-002
3.504024e+003, 1.404047e-002
3.505952e+003, 1.384018e-002
3.507881e+003, 1.420644e-002
3.509809e+003, 1.389734e-002
3.511738e+003, 1.314924e-002
3.513666e+003, 1.291056e-002
3.515595e+003, 1.308080e-002
3.517523e+003, 1.330103e-002
3.519452e+003, 1.408010e-002
3.521380e+003, 1.395122e-002
3.523309e+003, 1.353412e-002
3.525237e+003, 1.327381e-002
3.527166e+003, 1.306354e-002
3.529094e+003, 1.275479e-002
3.531022e+003, 1.230208e-002
3.532951e+003, 1.148654e-002
3.534879e+003, 1.086834e-002
3.536808e+003, 1.123798e-002
3.538736e+003, 1.226192e-002
3.540665e+003, 1.285116e-002
3.542593e+003, 1.337306e-002
3.544522e+003, 1.429462e-002
3.546450e+003, 1.597155e-002
3.548379e+003, 1.543455e-002
3.550307e+003, 1.349418e-002
3.552236e+003, 1.329695e-002
3.554164e+003, 1.253442e-002
3.556093e+003, 1.168144e-002
3.558021e+003, 1.207403e-002
3.559949e+003, 1.405907e-002
3.561878e+003, 1.513621e-002
3.563806e+003, 1.451989e-002
3.565735e+003, 1.468455e-002
3.567663e+003, 1.534244e-002
3.569592e+003, 1.504839e-002
3.571520e+003, 1.377225e-002
3.573449e+003, 1.411599e-002
3.575377e+003, 1.512499e-002
3.577306e+003, 1.416626e-002
3.579234e+003, 1.394884e-002
3.581163e+003, 1.380004e-002
3.583091e+003, 1.330636e-002
3.585020e+003, 1.206405e-002
3.586948e+003, 1.298265e-002
3.588876e+003, 1.432378e-002
3.590805e+003, 1.454018e-002
3.592733e+003, 1.438673e-002
3.594662e+003, 1.623609e-002
3.596590e+003, 1.558415e-002
3.598519e+003, 1.409738e-002
3.600447e+003, 1.441683e-002
3.602376e+003, 1.601714e-002
3.604304e+003, 1.676357e-002
3.606233e+003, 1.546290e-002
3.608161e+003, 1.440512e-002
3.610090e+003, 1.610934e-002
3.612018e+003, 1.739703e-002
3.613947e+003, 1.689278e-002
3.615875e+003, 1.521004e-002
3.617803e+003, 1.693182e-002
3.619732e+003, 1.807801e-002
3.621660e+003, 1.821213e-002
3.623589e+003, 1.690818e-002
3.625517e+003, 1.618659e-002
3.627446e+003, 1.788283e-002
3.629374e+003, 1.932113e-002
3.631303e+003, 1.936424e-002
3.633231e+003, 1.894185e-002
3.635160e+003, 1.928397e-002
3.637088e+003, 1.937278e-002
3.639017e+003, 2.353893e-002
3.640945e+003, 3.006287e-002
3.642874e+003, 3.774002e-002
3.644802e+003, 4.103550e-002
3.646730e+003, 3.792952e-002
3.648659e+003, 3.465213e-002
3.650587e+003, 3.403143e-002
3.652516e+003, 3.591904e-002
3.654444e+003, 4.169277e-002
3.656373e+003, 4.969162e-002
3.658301e+003, 5.921055e-002
3.660230e+003, 7.277995e-002
3.662158e+003, 9.423166e-002
3.664087e+003, 1.285665e-001
3.666015e+003, 1.798243e-001
3.667944e+003, 2.495178e-001
3.669872e+003, 3.419886e-001
3.671801e+003, 4.413000e-001
3.673729e+003, 4.786241e-001
3.675657e+003, 3.871118e-001
3.677586e+003, 2.368391e-001
3.679514e+003, 1.275891e-001
3.681443e+003, 7.293934e-002
3.683371e+003, 4.690609e-002
3.685300e+003, 3.263466e-002
3.687228e+003, 2.344346e-002
3.689157e+003, 1.836373e-002
3.691085e+003, 1.709688e-002
3.693014e+003, 1.659877e-002
3.694942e+003, 1.375841e-002
3.696871e+003, 1.052198e-002
3.698799e+003, 9.466591e-003
3.700728e+003, 8.923739e-003
3.702656e+003, 6.703683e-003
3.704584e+003, 7.645481e-003
3.706513e+003, 9.341561e-003
3.708441e+003, 8.324837e-003
3.710370e+003, 6.260617e-003
3.712298e+003, 7.317234e-003
3.714227e+003, 7.907284e-003
3.716155e+003, 6.636870e-003
3.718084e+003, 5.249601e-003
3.720012e+003, 5.078637e-003
3.721941e+003, 4.668827e-003
3.723869e+003, 5.240549e-003
3.725798e+003, 7.743938e-003
3.727726e+003, 7.951395e-003
3.729655e+003, 6.722498e-003
3.731583e+003, 6.686297e-003
3.733511e+003, 4.829412e-003
3.735440e+003, 4.324511e-003
3.737368e+003, 7.277126e-003
3.739297e+003, 7.350134e-003
3.741225e+003, 5.630586e-003
3.743154e+003, 5.372845e-003
3.745082e+003, 5.567736e-003
3.747011e+003, 4.459900e-003
3.748939e+003, 6.524557e-003
3.750868e+003, 6.570897e-003
3.752796e+003, 5.290188e-003
3.754725e+003, 5.822693e-003
3.756653e+003, 7.413041e-003
3.758582e+003, 6.560854e-003
3.760510e+003, 6.355145e-003
3.762438e+003, 6.139036e-003
3.764367e+003, 8.203955e-003
3.766295e+003, 8.721787e-003
3.768224e+003, 6.845081e-003
3.770152e+003, 7.667848e-003
3.772081e+003, 7.629220e-003
3.774009e+003, 8.383203e-003
3.775938e+003, 8.586716e-003
3.777866e+003, 8.675085e-003
3.779795e+003, 8.978328e-003
3.781723e+003, 8.641500e-003
3.783652e+003, 8.302229e-003
3.785580e+003, 7.419390e-003
3.787509e+003, 5.169160e-003
3.789437e+003, 5.581619e-003
3.791365e+003, 7.514312e-003
3.793294e+003, 9.313979e-003
3.795222e+003, 8.907002e-003
3.797151e+003, 7.054406e-003
3.799079e+003, 6.844664e-003
3.801008e+003, 9.941630e-003
3.802936e+003, 8.237362e-003
3.804865e+003, 5.058517e-003
3.806793e+003, 6.769876e-003
3.808722e+003, 9.292860e-003
3.810650e+003, 8.709781e-003
3.812579e+003, 9.716908e-003
3.814507e+003, 9.921168e-003
3.816436e+003, 9.577173e-003
3.818364e+003, 1.084042e-002
3.820292e+003, 1.182146e-002
3.822221e+003, 1.125157e-002
3.824149e+003, 9.446958e-003
3.826078e+003, 8.290703e-003
3.828006e+003, 8.985989e-003
3.829935e+003, 8.370417e-003
3.831863e+003, 7.162338e-003
3.833792e+003, 7.664761e-003
3.835720e+003, 9.928932e-003
3.837649e+003, 9.210985e-003
3.839577e+003, 8.101525e-003
3.841506e+003, 8.988020e-003
3.843434e+003, 8.497029e-003
3.845363e+003, 8.008678e-003
3.847291e+003, 8.913425e-003
3.849219e+003, 9.989307e-003
3.851148e+003, 9.124377e-003
3.853076e+003, 7.345716e-003
3.855005e+003, 7.560956e-003
3.856933e+003, 8.014726e-003
3.858862e+003, 7.570192e-003
3.860790e+003, 7.078150e-003
3.862719e+003, 7.744170e-003
3.864647e+003, 7.080741e-003
3.866576e+003, 8.366843e-003
3.868504e+003, 7.964417e-003
3.870433e+003, 8.011688e-003
3.872361e+003, 9.235507e-003
3.874290e+003, 8.947880e-003
3.876218e+003, 6.611107e-003
3.878146e+003, 6.456699e-003
3.880075e+003, 8.187358e-003
3.882003e+003, 8.985674e-003
3.883932e+003, 9.370622e-003
3.885860e+003, 1.002200e-002
3.887789e+003, 9.636817e-003
3.889717e+003, 9.227361e-003
3.891646e+003, 8.344993e-003
3.893574e+003, 8.549494e-003
3.895503e+003, 9.753793e-003
3.897431e+003, 1.083952e-002
3.899360e+003, 1.071712e-002
3.901288e+003, 9.984719e-003
3.903217e+003, 7.705087e-003
3.905145e+003, 7.643157e-003
3.907073e+003, 7.458765e-003
3.909002e+003, 7.025217e-003
3.910930e+003, 7.219018e-003
3.912859e+003, 6.543811e-003
3.914787e+003, 7.809716e-003
3.916716e+003, 9.079199e-003
3.918644e+003, 7.974601e-003
3.920573e+003, 7.927207e-003
3.922501e+003, 7.905288e-003
3.924430e+003, 6.918533e-003
3.926358e+003, 8.666344e-003
3.928287e+003, 9.526585e-003
3.930215e+003, 9.480829e-003
3.932144e+003, 1.030286e-002
3.934072e+003, 9.099862e-003
3.936000e+003, 7.595228e-003
3.937929e+003, 8.481819e-003
3.939857e+003, 7.904097e-003
3.941786e+003, 6.781675e-003
3.943714e+003, 6.877808e-003
3.945643e+003, 7.802152e-003
3.947571e+003, 8.767244e-003
3.949500e+003, 9.240095e-003
3.951428e+003, 9.245887e-003
3.953357e+003, 8.799989e-003
3.955285e+003, 8.149807e-003
3.957214e+003, 7.406538e-003
3.959142e+003, 6.131713e-003
3.961071e+003, 6.868415e-003
3.962999e+003, 1.054971e-002
3.964927e+003, 1.171096e-002
3.966856e+003, 9.773024e-003
3.968784e+003, 9.788097e-003
3.970713e+003, 1.201098e-002
3.972641e+003, 1.157583e-002
3.974570e+003, 9.890125e-003
3.976498e+003, 7.748134e-003
3.978427e+003, 6.041954e-003
3.980355e+003, 6.076316e-003
3.982284e+003, 7.533941e-003
3.984212e+003, 9.829059e-003
3.986141e+003, 1.102378e-002
3.988069e+003, 1.010119e-002
3.989998e+003, 9.562042e-003
3.991926e+003, 1.060586e-002
3.993854e+003, 9.768637e-003
3.995783e+003, 8.435443e-003
3.997711e+003, 7.992137e-003
3.999640e+003, 7.994617e-003
##END=



