##NAMES=Rhodonite
##RRUFFID=R040041
##IDEAL CHEMISTRY=CaMn^2+^_3_Mn^2+^Si_5_O_15_
##LOCALITY=Franklin, Sussex County, New Jersey, USA
##OWNER=RRUFF
##SOURCE=University of Arizona Mineral Museum
##DESCRIPTION=Pink prismatic crystals
##STATUS=The identification of this mineral has been confirmed by X-ray diffraction and chemical analysis
##URL=rruff.info/R040041
##MEASURED CHEMISTRY=(Mn_0.63_Ca_0.21_Zn_0.12_Mg_0.02_Fe_0.02_)_Σ=1_Si_1.00_O_3_
3.991926e+002, 0.000000e+000
4.011211e+002, 1.841828e-001
4.030496e+002, 1.851717e-001
4.049780e+002, 2.001222e-001
4.069065e+002, 2.067403e-001
4.088350e+002, 2.098306e-001
4.107634e+002, 2.192301e-001
4.126919e+002, 2.288779e-001
4.146204e+002, 2.337787e-001
4.165488e+002, 2.320544e-001
4.184773e+002, 2.293551e-001
4.204058e+002, 2.307981e-001
4.223342e+002, 2.346235e-001
4.242627e+002, 2.388035e-001
4.261912e+002, 2.458428e-001
4.281196e+002, 2.602296e-001
4.300481e+002, 2.723453e-001
4.319766e+002, 2.793746e-001
4.339050e+002, 2.858473e-001
4.358335e+002, 2.978259e-001
4.377620e+002, 3.033883e-001
4.396904e+002, 3.037389e-001
4.416189e+002, 3.043189e-001
4.435474e+002, 3.048026e-001
4.454758e+002, 3.008213e-001
4.474043e+002, 2.955220e-001
4.493328e+002, 2.929752e-001
4.512612e+002, 2.882831e-001
4.531897e+002, 2.782940e-001
4.551182e+002, 2.681338e-001
4.570466e+002, 2.588428e-001
4.589751e+002, 2.460496e-001
4.609036e+002, 2.337185e-001
4.628320e+002, 2.231357e-001
4.647605e+002, 2.123413e-001
4.666890e+002, 2.012072e-001
4.686174e+002, 1.911252e-001
4.705459e+002, 1.813973e-001
4.724744e+002, 1.734555e-001
4.744028e+002, 1.681576e-001
4.763313e+002, 1.632566e-001
4.782598e+002, 1.599182e-001
4.801882e+002, 1.596167e-001
4.821167e+002, 1.627996e-001
4.840452e+002, 1.683934e-001
4.859736e+002, 1.730018e-001
4.879021e+002, 1.754641e-001
4.898306e+002, 1.749437e-001
4.917590e+002, 1.727883e-001
4.936875e+002, 1.681301e-001
4.956160e+002, 1.619250e-001
4.975444e+002, 1.571348e-001
4.994729e+002, 1.540233e-001
5.014014e+002, 1.517612e-001
5.033298e+002, 1.507037e-001
5.052583e+002, 1.508006e-001
5.071868e+002, 1.506193e-001
5.091152e+002, 1.497732e-001
5.110437e+002, 1.492605e-001
5.129722e+002, 1.489883e-001
5.149006e+002, 1.475671e-001
5.168291e+002, 1.433339e-001
5.187576e+002, 1.367744e-001
5.206860e+002, 1.283492e-001
5.226145e+002, 1.192404e-001
5.245430e+002, 1.117192e-001
5.264714e+002, 1.067211e-001
5.283999e+002, 1.035557e-001
5.303284e+002, 1.031221e-001
5.322568e+002, 1.072035e-001
5.341853e+002, 1.141816e-001
5.361138e+002, 1.194490e-001
5.380422e+002, 1.198990e-001
5.399707e+002, 1.168492e-001
5.418992e+002, 1.141169e-001
5.438276e+002, 1.138359e-001
5.457561e+002, 1.151996e-001
5.476846e+002, 1.188404e-001
5.496130e+002, 1.252416e-001
5.515415e+002, 1.337931e-001
5.534700e+002, 1.438413e-001
5.553984e+002, 1.552641e-001
5.573269e+002, 1.653106e-001
5.592554e+002, 1.718871e-001
5.611838e+002, 1.741255e-001
5.631123e+002, 1.731319e-001
5.650408e+002, 1.714634e-001
5.669692e+002, 1.710978e-001
5.688977e+002, 1.741761e-001
5.708262e+002, 1.791755e-001
5.727546e+002, 1.851887e-001
5.746831e+002, 1.915975e-001
5.766116e+002, 1.938701e-001
5.785400e+002, 1.915816e-001
5.804685e+002, 1.857692e-001
5.823970e+002, 1.782440e-001
5.843254e+002, 1.700146e-001
5.862539e+002, 1.632659e-001
5.881824e+002, 1.595617e-001
5.901108e+002, 1.575406e-001
5.920393e+002, 1.575454e-001
5.939678e+002, 1.597390e-001
5.958962e+002, 1.621323e-001
5.978247e+002, 1.644970e-001
5.997532e+002, 1.669791e-001
6.016816e+002, 1.701936e-001
6.036101e+002, 1.734536e-001
6.055386e+002, 1.767570e-001
6.074670e+002, 1.789741e-001
6.093955e+002, 1.803121e-001
6.113240e+002, 1.814885e-001
6.132524e+002, 1.816901e-001
6.151809e+002, 1.816998e-001
6.171094e+002, 1.816733e-001
6.190378e+002, 1.807018e-001
6.209663e+002, 1.794164e-001
6.228948e+002, 1.774474e-001
6.248232e+002, 1.754178e-001
6.267517e+002, 1.741689e-001
6.286802e+002, 1.748756e-001
6.306086e+002, 1.771010e-001
6.325371e+002, 1.811687e-001
6.344656e+002, 1.874414e-001
6.363940e+002, 1.933089e-001
6.383225e+002, 1.982203e-001
6.402510e+002, 2.016620e-001
6.421794e+002, 2.028283e-001
6.441079e+002, 2.023722e-001
6.460364e+002, 2.007412e-001
6.479648e+002, 1.991313e-001
6.498933e+002, 1.988123e-001
6.518218e+002, 1.991437e-001
6.537502e+002, 1.996685e-001
6.556787e+002, 2.006184e-001
6.576072e+002, 2.018706e-001
6.595356e+002, 2.031734e-001
6.614641e+002, 2.044338e-001
6.633926e+002, 2.050458e-001
6.653210e+002, 2.041610e-001
6.672495e+002, 2.010911e-001
6.691780e+002, 1.952789e-001
6.711064e+002, 1.881075e-001
6.730349e+002, 1.808230e-001
6.749634e+002, 1.744343e-001
6.768918e+002, 1.698998e-001
6.788203e+002, 1.668519e-001
6.807488e+002, 1.646758e-001
6.826772e+002, 1.637451e-001
6.846057e+002, 1.634990e-001
6.865342e+002, 1.631444e-001
6.884626e+002, 1.627355e-001
6.903911e+002, 1.620186e-001
6.923196e+002, 1.604037e-001
6.942480e+002, 1.578626e-001
6.961765e+002, 1.557896e-001
6.981050e+002, 1.544580e-001
7.000334e+002, 1.535141e-001
7.019619e+002, 1.521951e-001
7.038904e+002, 1.508004e-001
7.058188e+002, 1.496226e-001
7.077473e+002, 1.484610e-001
7.096758e+002, 1.478175e-001
7.116042e+002, 1.479942e-001
7.135327e+002, 1.485115e-001
7.154612e+002, 1.492273e-001
7.173896e+002, 1.506132e-001
7.193181e+002, 1.526295e-001
7.212466e+002, 1.537879e-001
7.231750e+002, 1.520839e-001
7.251035e+002, 1.481270e-001
7.270320e+002, 1.428823e-001
7.289604e+002, 1.379426e-001
7.308889e+002, 1.340105e-001
7.328174e+002, 1.306093e-001
7.347458e+002, 1.278628e-001
7.366743e+002, 1.262088e-001
7.386028e+002, 1.245499e-001
7.405313e+002, 1.230358e-001
7.424597e+002, 1.216603e-001
7.443882e+002, 1.203490e-001
7.463167e+002, 1.195997e-001
7.482451e+002, 1.189677e-001
7.501736e+002, 1.182755e-001
7.521021e+002, 1.175770e-001
7.540305e+002, 1.166072e-001
7.559590e+002, 1.161045e-001
7.578875e+002, 1.158432e-001
7.598159e+002, 1.153278e-001
7.617444e+002, 1.149993e-001
7.636729e+002, 1.145350e-001
7.656013e+002, 1.140177e-001
7.675298e+002, 1.136162e-001
7.694583e+002, 1.133544e-001
7.713867e+002, 1.128932e-001
7.733152e+002, 1.122968e-001
7.752437e+002, 1.118567e-001
7.771721e+002, 1.114945e-001
7.791006e+002, 1.108824e-001
7.810291e+002, 1.103627e-001
7.829575e+002, 1.103065e-001
7.848860e+002, 1.100939e-001
7.868145e+002, 1.098052e-001
7.887429e+002, 1.094311e-001
7.906714e+002, 1.089793e-001
7.925999e+002, 1.086714e-001
7.945283e+002, 1.086179e-001
7.964568e+002, 1.087463e-001
7.983853e+002, 1.090211e-001
8.003137e+002, 1.089599e-001
8.022422e+002, 1.089121e-001
8.041707e+002, 1.091255e-001
8.060991e+002, 1.093860e-001
8.080276e+002, 1.095458e-001
8.099561e+002, 1.094304e-001
8.118845e+002, 1.096140e-001
8.138130e+002, 1.102743e-001
8.157415e+002, 1.107286e-001
8.176699e+002, 1.111216e-001
8.195984e+002, 1.115637e-001
8.215269e+002, 1.119251e-001
8.234553e+002, 1.122943e-001
8.253838e+002, 1.129527e-001
8.273123e+002, 1.138460e-001
8.292407e+002, 1.149146e-001
8.311692e+002, 1.158448e-001
8.330977e+002, 1.165320e-001
8.350261e+002, 1.174081e-001
8.369546e+002, 1.184935e-001
8.388831e+002, 1.195558e-001
8.408115e+002, 1.209956e-001
8.427400e+002, 1.225680e-001
8.446685e+002, 1.243792e-001
8.465969e+002, 1.264755e-001
8.485254e+002, 1.289601e-001
8.504539e+002, 1.319487e-001
8.523823e+002, 1.354302e-001
8.543108e+002, 1.394988e-001
8.562393e+002, 1.446581e-001
8.581677e+002, 1.507571e-001
8.600962e+002, 1.573769e-001
8.620247e+002, 1.643855e-001
8.639531e+002, 1.714775e-001
8.658816e+002, 1.781954e-001
8.678101e+002, 1.836574e-001
8.697385e+002, 1.873671e-001
8.716670e+002, 1.885944e-001
8.735955e+002, 1.878940e-001
8.755239e+002, 1.862808e-001
8.774524e+002, 1.849787e-001
8.793809e+002, 1.855538e-001
8.813093e+002, 1.892039e-001
8.832378e+002, 1.971567e-001
8.851663e+002, 2.080196e-001
8.870947e+002, 2.198324e-001
8.890232e+002, 2.314580e-001
8.909517e+002, 2.418735e-001
8.928801e+002, 2.495575e-001
8.948085e+002, 2.536129e-001
8.967370e+002, 2.539580e-001
8.986655e+002, 2.505023e-001
9.005939e+002, 2.438607e-001
9.025224e+002, 2.357881e-001
9.044509e+002, 2.277585e-001
9.063793e+002, 2.209522e-001
9.083078e+002, 2.157421e-001
9.102363e+002, 2.119681e-001
9.121647e+002, 2.100000e-001
9.140932e+002, 2.100756e-001
9.160217e+002, 2.118104e-001
9.179501e+002, 2.138068e-001
9.198786e+002, 2.138509e-001
9.218071e+002, 2.118061e-001
9.237355e+002, 2.076980e-001
9.256640e+002, 2.015529e-001
9.275925e+002, 1.944903e-001
9.295209e+002, 1.879428e-001
9.314494e+002, 1.836769e-001
9.333779e+002, 1.832498e-001
9.353063e+002, 1.875511e-001
9.372348e+002, 1.957230e-001
9.391633e+002, 2.054886e-001
9.410917e+002, 2.138414e-001
9.430202e+002, 2.180113e-001
9.449487e+002, 2.174084e-001
9.468771e+002, 2.127805e-001
9.488056e+002, 2.053837e-001
9.507341e+002, 1.971714e-001
9.526625e+002, 1.889071e-001
9.545910e+002, 1.809869e-001
9.565195e+002, 1.736980e-001
9.584479e+002, 1.669283e-001
9.603764e+002, 1.602164e-001
9.623049e+002, 1.530031e-001
9.642333e+002, 1.452051e-001
9.661618e+002, 1.373381e-001
9.680903e+002, 1.295031e-001
9.700187e+002, 1.221322e-001
9.719472e+002, 1.161578e-001
9.738757e+002, 1.118035e-001
9.758041e+002, 1.090635e-001
9.777326e+002, 1.080935e-001
9.796611e+002, 1.089672e-001
9.815895e+002, 1.116489e-001
9.835180e+002, 1.158189e-001
9.854465e+002, 1.210368e-001
9.873749e+002, 1.266180e-001
9.893034e+002, 1.318451e-001
9.912319e+002, 1.366737e-001
9.931603e+002, 1.415347e-001
9.950888e+002, 1.462481e-001
9.970173e+002, 1.494809e-001
9.989457e+002, 1.497958e-001
1.000874e+003, 1.467830e-001
1.002803e+003, 1.421627e-001
1.004731e+003, 1.376212e-001
1.006660e+003, 1.347956e-001
1.008588e+003, 1.346822e-001
1.010517e+003, 1.372657e-001
1.012445e+003, 1.415126e-001
1.014373e+003, 1.459187e-001
1.016302e+003, 1.502202e-001
1.018230e+003, 1.545371e-001
1.020159e+003, 1.580060e-001
1.022087e+003, 1.609537e-001
1.024016e+003, 1.633904e-001
1.025944e+003, 1.652754e-001
1.027873e+003, 1.667058e-001
1.029801e+003, 1.676259e-001
1.031730e+003, 1.677977e-001
1.033658e+003, 1.671941e-001
1.035587e+003, 1.656871e-001
1.037515e+003, 1.634007e-001
1.039444e+003, 1.609133e-001
1.041372e+003, 1.591370e-001
1.043301e+003, 1.590938e-001
1.045229e+003, 1.609139e-001
1.047157e+003, 1.635624e-001
1.049086e+003, 1.658369e-001
1.051014e+003, 1.682416e-001
1.052943e+003, 1.714473e-001
1.054871e+003, 1.750693e-001
1.056800e+003, 1.778860e-001
1.058728e+003, 1.787383e-001
1.060657e+003, 1.774786e-001
1.062585e+003, 1.744820e-001
1.064514e+003, 1.702882e-001
1.066442e+003, 1.654206e-001
1.068371e+003, 1.604306e-001
1.070299e+003, 1.554470e-001
1.072228e+003, 1.506607e-001
1.074156e+003, 1.463258e-001
1.076084e+003, 1.426174e-001
1.078013e+003, 1.392180e-001
1.079941e+003, 1.361842e-001
1.081870e+003, 1.337044e-001
1.083798e+003, 1.315294e-001
1.085727e+003, 1.296116e-001
1.087655e+003, 1.280774e-001
1.089584e+003, 1.267103e-001
1.091512e+003, 1.250568e-001
1.093441e+003, 1.231638e-001
1.095369e+003, 1.204754e-001
1.097298e+003, 1.163080e-001
1.099226e+003, 1.106622e-001
1.101155e+003, 1.039664e-001
1.103083e+003, 9.674571e-002
1.105011e+003, 8.934921e-002
1.106940e+003, 8.242988e-002
1.108868e+003, 7.601257e-002
1.110797e+003, 6.980835e-002
1.112725e+003, 6.398818e-002
1.114654e+003, 5.879033e-002
1.116582e+003, 5.411834e-002
1.118511e+003, 4.988434e-002
1.120439e+003, 4.607854e-002
1.122368e+003, 4.263458e-002
1.124296e+003, 3.954989e-002
1.126225e+003, 3.678713e-002
1.128153e+003, 3.421739e-002
1.130082e+003, 3.198282e-002
1.132010e+003, 3.005246e-002
1.133938e+003, 2.856324e-002
1.135867e+003, 2.746345e-002
1.137795e+003, 2.654185e-002
1.139724e+003, 2.556402e-002
1.141652e+003, 2.491816e-002
1.143581e+003, 2.436147e-002
1.145509e+003, 2.365335e-002
1.147438e+003, 2.298215e-002
1.149366e+003, 2.239436e-002
1.151295e+003, 2.190749e-002
1.153223e+003, 2.156601e-002
1.155152e+003, 2.108575e-002
1.157080e+003, 2.065858e-002
1.159009e+003, 2.022263e-002
1.160937e+003, 1.969028e-002
1.162865e+003, 1.922601e-002
1.164794e+003, 1.888040e-002
1.166722e+003, 1.856435e-002
1.168651e+003, 1.809298e-002
1.170579e+003, 1.754150e-002
1.172508e+003, 1.691914e-002
1.174436e+003, 1.647869e-002
1.176365e+003, 1.617827e-002
1.178293e+003, 1.575356e-002
1.180222e+003, 1.528193e-002
1.182150e+003, 1.489991e-002
1.184079e+003, 1.454803e-002
1.186007e+003, 1.419942e-002
1.187936e+003, 1.392748e-002
1.189864e+003, 1.364727e-002
1.191792e+003, 1.330818e-002
1.193721e+003, 1.277008e-002
1.195649e+003, 1.233810e-002
1.197578e+003, 1.202192e-002
1.199506e+003, 1.171197e-002
1.201435e+003, 1.145519e-002
1.203363e+003, 1.115898e-002
1.205292e+003, 1.083029e-002
1.207220e+003, 1.058777e-002
1.209149e+003, 1.016715e-002
1.211077e+003, 9.717245e-003
1.213006e+003, 9.330228e-003
1.214934e+003, 9.179882e-003
1.216863e+003, 9.154900e-003
1.218791e+003, 8.969300e-003
1.220719e+003, 8.707679e-003
1.222648e+003, 8.415719e-003
1.224576e+003, 8.307364e-003
1.226505e+003, 8.206359e-003
1.228433e+003, 7.995687e-003
1.230362e+003, 7.896231e-003
1.232290e+003, 7.681226e-003
1.234219e+003, 7.484054e-003
1.236147e+003, 7.463353e-003
1.238076e+003, 7.440388e-003
1.240004e+003, 7.250726e-003
1.241933e+003, 7.192787e-003
1.243861e+003, 7.078140e-003
1.245790e+003, 6.964740e-003
1.247718e+003, 6.911914e-003
1.249646e+003, 6.911042e-003
1.251575e+003, 6.859917e-003
1.253503e+003, 6.667085e-003
1.255432e+003, 6.410842e-003
1.257360e+003, 6.455755e-003
1.259289e+003, 6.555174e-003
1.261217e+003, 6.469149e-003
1.263146e+003, 6.238049e-003
1.265074e+003, 6.291108e-003
1.267003e+003, 6.326543e-003
1.268931e+003, 6.285604e-003
1.270860e+003, 6.357338e-003
1.272788e+003, 6.330720e-003
1.274717e+003, 6.309687e-003
1.276645e+003, 6.243521e-003
1.278573e+003, 6.212278e-003
1.280502e+003, 6.350445e-003
1.282430e+003, 6.305970e-003
1.284359e+003, 6.207476e-003
1.286287e+003, 6.147206e-003
1.288216e+003, 6.100222e-003
1.290144e+003, 6.036925e-003
1.292073e+003, 6.066327e-003
1.294001e+003, 6.119842e-003
1.295930e+003, 5.997724e-003
1.297858e+003, 5.983307e-003
1.299787e+003, 6.151807e-003
1.301715e+003, 6.241927e-003
1.303644e+003, 6.200783e-003
1.305572e+003, 6.084928e-003
1.307500e+003, 6.091944e-003
1.309429e+003, 6.011273e-003
1.311357e+003, 6.071305e-003
1.313286e+003, 6.174506e-003
1.315214e+003, 6.289858e-003
1.317143e+003, 6.363654e-003
1.319071e+003, 6.257415e-003
1.321000e+003, 6.029544e-003
1.322928e+003, 6.064899e-003
1.324857e+003, 6.071214e-003
1.326785e+003, 5.961403e-003
1.328714e+003, 6.097556e-003
1.330642e+003, 6.369662e-003
1.332571e+003, 6.390817e-003
1.334499e+003, 6.306197e-003
1.336427e+003, 6.262210e-003
1.338356e+003, 6.399103e-003
1.340284e+003, 6.454627e-003
1.342213e+003, 6.373098e-003
1.344141e+003, 6.381561e-003
1.346070e+003, 6.623695e-003
1.347998e+003, 6.780751e-003
1.349927e+003, 6.800093e-003
1.351855e+003, 6.789943e-003
1.353784e+003, 6.839273e-003
1.355712e+003, 7.007103e-003
1.357641e+003, 7.140874e-003
1.359569e+003, 7.132509e-003
1.361498e+003, 7.246024e-003
1.363426e+003, 7.370004e-003
1.365354e+003, 7.409225e-003
1.367283e+003, 7.405107e-003
1.369211e+003, 7.465695e-003
1.371140e+003, 7.645604e-003
1.373068e+003, 7.861485e-003
1.374997e+003, 8.184012e-003
1.376925e+003, 8.417919e-003
1.378854e+003, 8.169355e-003
1.380782e+003, 7.958481e-003
1.382711e+003, 7.897134e-003
1.384639e+003, 7.901087e-003
1.386568e+003, 7.973765e-003
1.388496e+003, 8.064049e-003
1.390424e+003, 8.449770e-003
1.392353e+003, 8.721584e-003
1.394281e+003, 8.801293e-003
1.396210e+003, 8.862498e-003
1.398138e+003, 9.035858e-003
1.400067e+003, 9.105952e-003
1.401995e+003, 9.304888e-003
1.403924e+003, 9.747949e-003
1.405852e+003, 9.976435e-003
1.407781e+003, 1.012388e-002
1.409709e+003, 1.025198e-002
1.411638e+003, 1.049892e-002
1.413566e+003, 1.073528e-002
1.415495e+003, 1.098939e-002
1.417423e+003, 1.140872e-002
1.419351e+003, 1.152818e-002
1.421280e+003, 1.166386e-002
1.423208e+003, 1.210481e-002
1.425137e+003, 1.259580e-002
1.427065e+003, 1.276193e-002
1.428994e+003, 1.273312e-002
1.430922e+003, 1.292410e-002
1.432851e+003, 1.337924e-002
1.434779e+003, 1.357213e-002
1.436708e+003, 1.351865e-002
1.438636e+003, 1.360409e-002
1.440565e+003, 1.375361e-002
1.442493e+003, 1.382270e-002
1.444422e+003, 1.386157e-002
1.446350e+003, 1.400338e-002
1.448278e+003, 1.393967e-002
1.450207e+003, 1.405855e-002
1.452135e+003, 1.403102e-002
1.454064e+003, 1.385567e-002
1.455992e+003, 1.370008e-002
1.457921e+003, 1.348476e-002
1.459849e+003, 1.356808e-002
1.461778e+003, 1.337797e-002
1.463706e+003, 1.320233e-002
1.465635e+003, 1.284322e-002
1.467563e+003, 1.236519e-002
1.469492e+003, 1.206590e-002
1.471420e+003, 1.218874e-002
1.473349e+003, 1.186195e-002
1.475277e+003, 1.157890e-002
1.477205e+003, 1.126581e-002
1.479134e+003, 1.108819e-002
1.481062e+003, 1.065999e-002
1.482991e+003, 1.035433e-002
1.484919e+003, 1.014885e-002
1.486848e+003, 9.949086e-003
1.488776e+003, 9.690125e-003
1.490705e+003, 9.403427e-003
1.492633e+003, 9.219980e-003
1.494562e+003, 9.276418e-003
1.496490e+003, 9.138284e-003
1.498419e+003, 8.877089e-003
1.500347e+003, 8.710497e-003
1.502276e+003, 8.779488e-003
1.504204e+003, 8.584345e-003
1.506132e+003, 8.137275e-003
1.508061e+003, 8.044353e-003
1.509989e+003, 8.110458e-003
1.511918e+003, 8.068766e-003
1.513846e+003, 8.116262e-003
1.515775e+003, 8.096944e-003
1.517703e+003, 7.873098e-003
1.519632e+003, 8.146056e-003
1.521560e+003, 7.925916e-003
1.523489e+003, 7.952277e-003
1.525417e+003, 8.097792e-003
1.527346e+003, 8.032938e-003
1.529274e+003, 8.044031e-003
1.531203e+003, 8.331440e-003
1.533131e+003, 8.355223e-003
1.535059e+003, 8.464917e-003
1.536988e+003, 9.053841e-003
1.538916e+003, 9.046902e-003
1.540845e+003, 8.713896e-003
1.542773e+003, 8.899936e-003
1.544702e+003, 9.239947e-003
1.546630e+003, 9.257557e-003
1.548559e+003, 9.438346e-003
1.550487e+003, 9.506411e-003
1.552416e+003, 9.827987e-003
1.554344e+003, 1.010382e-002
1.556273e+003, 1.046085e-002
1.558201e+003, 1.059633e-002
1.560130e+003, 1.059118e-002
1.562058e+003, 1.087540e-002
1.563986e+003, 1.117689e-002
1.565915e+003, 1.141537e-002
1.567843e+003, 1.156641e-002
1.569772e+003, 1.140785e-002
1.571700e+003, 1.137860e-002
1.573629e+003, 1.177526e-002
1.575557e+003, 1.229033e-002
1.577486e+003, 1.204920e-002
1.579414e+003, 1.210846e-002
1.581343e+003, 1.229878e-002
1.583271e+003, 1.218857e-002
1.585200e+003, 1.217969e-002
1.587128e+003, 1.237962e-002
1.589057e+003, 1.245557e-002
1.590985e+003, 1.227015e-002
1.592913e+003, 1.211947e-002
1.594842e+003, 1.211313e-002
1.596770e+003, 1.214236e-002
1.598699e+003, 1.196893e-002
1.600627e+003, 1.189955e-002
1.602556e+003, 1.193114e-002
1.604484e+003, 1.189099e-002
1.606413e+003, 1.170113e-002
1.608341e+003, 1.150504e-002
1.610270e+003, 1.134633e-002
1.612198e+003, 1.134960e-002
1.614127e+003, 1.126975e-002
1.616055e+003, 1.123155e-002
1.617984e+003, 1.088903e-002
1.619912e+003, 1.088031e-002
1.621840e+003, 1.070473e-002
1.623769e+003, 1.044727e-002
1.625697e+003, 1.050144e-002
1.627626e+003, 1.049132e-002
1.629554e+003, 1.037053e-002
1.631483e+003, 1.035208e-002
1.633411e+003, 1.038669e-002
1.635340e+003, 1.035531e-002
1.637268e+003, 1.017397e-002
1.639197e+003, 1.009724e-002
1.641125e+003, 1.004387e-002
1.643054e+003, 9.970322e-003
1.644982e+003, 9.607611e-003
1.646911e+003, 9.194495e-003
1.648839e+003, 9.348037e-003
1.650767e+003, 9.404222e-003
1.652696e+003, 8.984736e-003
1.654624e+003, 8.796848e-003
1.656553e+003, 9.138144e-003
1.658481e+003, 9.220870e-003
1.660410e+003, 9.015463e-003
1.662338e+003, 8.797971e-003
1.664267e+003, 8.746395e-003
1.666195e+003, 8.536521e-003
1.668124e+003, 8.389173e-003
1.670052e+003, 8.520273e-003
1.671981e+003, 8.444835e-003
1.673909e+003, 8.238652e-003
1.675838e+003, 8.004653e-003
1.677766e+003, 8.321431e-003
1.679694e+003, 8.381709e-003
1.681623e+003, 8.338115e-003
1.683551e+003, 8.331710e-003
1.685480e+003, 7.801364e-003
1.687408e+003, 8.085355e-003
1.689337e+003, 8.097542e-003
1.691265e+003, 7.930327e-003
1.693194e+003, 8.087731e-003
1.695122e+003, 8.340145e-003
1.697051e+003, 8.127393e-003
1.698979e+003, 8.318577e-003
1.700908e+003, 7.510171e-003
1.702836e+003, 7.671489e-003
1.704765e+003, 7.758074e-003
1.706693e+003, 7.786635e-003
1.708621e+003, 7.780950e-003
1.710550e+003, 7.660460e-003
1.712478e+003, 7.611176e-003
1.714407e+003, 7.423255e-003
1.716335e+003, 7.330961e-003
1.718264e+003, 7.248613e-003
1.720192e+003, 7.536169e-003
1.722121e+003, 7.430136e-003
1.724049e+003, 7.246889e-003
1.725978e+003, 7.252694e-003
1.727906e+003, 7.171579e-003
1.729835e+003, 7.045718e-003
1.731763e+003, 6.937879e-003
1.733692e+003, 6.732111e-003
1.735620e+003, 6.442330e-003
1.737548e+003, 6.360061e-003
1.739477e+003, 6.136789e-003
1.741405e+003, 6.112144e-003
1.743334e+003, 6.293603e-003
1.745262e+003, 6.369520e-003
1.747191e+003, 6.424249e-003
1.749119e+003, 6.516790e-003
1.751048e+003, 6.402197e-003
1.752976e+003, 6.469365e-003
1.754905e+003, 6.891525e-003
1.756833e+003, 6.771862e-003
1.758762e+003, 6.763479e-003
1.760690e+003, 6.947645e-003
1.762619e+003, 6.634410e-003
1.764547e+003, 6.451761e-003
1.766475e+003, 6.346845e-003
1.768404e+003, 6.521853e-003
1.770332e+003, 6.732558e-003
1.772261e+003, 6.054904e-003
1.774189e+003, 6.109634e-003
1.776118e+003, 6.506270e-003
1.778046e+003, 6.803171e-003
1.779975e+003, 6.680221e-003
1.781903e+003, 6.446706e-003
1.783832e+003, 6.528844e-003
1.785760e+003, 6.288463e-003
1.787689e+003, 6.324413e-003
1.789617e+003, 6.409111e-003
1.791546e+003, 6.382996e-003
1.793474e+003, 6.389099e-003
1.795402e+003, 6.453183e-003
1.797331e+003, 6.516700e-003
1.799259e+003, 6.416708e-003
1.801188e+003, 6.262422e-003
1.803116e+003, 6.336372e-003
1.805045e+003, 6.153104e-003
1.806973e+003, 6.275434e-003
1.808902e+003, 6.202355e-003
1.810830e+003, 6.124772e-003
1.812759e+003, 6.205844e-003
1.814687e+003, 6.075453e-003
1.816616e+003, 6.189611e-003
1.818544e+003, 6.104740e-003
1.820473e+003, 5.904874e-003
1.822401e+003, 6.173290e-003
1.824329e+003, 6.206347e-003
1.826258e+003, 5.744888e-003
1.828186e+003, 5.904338e-003
1.830115e+003, 6.275420e-003
1.832043e+003, 6.397759e-003
1.833972e+003, 5.815622e-003
1.835900e+003, 5.697315e-003
1.837829e+003, 5.874343e-003
1.839757e+003, 5.670085e-003
1.841686e+003, 5.576091e-003
1.843614e+003, 5.704233e-003
1.845543e+003, 5.834103e-003
1.847471e+003, 6.246889e-003
1.849400e+003, 6.122074e-003
1.851328e+003, 6.210704e-003
1.853256e+003, 6.309958e-003
1.855185e+003, 6.370869e-003
1.857113e+003, 6.371116e-003
1.859042e+003, 6.098053e-003
1.860970e+003, 5.989481e-003
1.862899e+003, 5.937838e-003
1.864827e+003, 5.786584e-003
1.866756e+003, 5.802509e-003
1.868684e+003, 5.792804e-003
1.870613e+003, 6.124262e-003
1.872541e+003, 6.713877e-003
1.874470e+003, 6.710519e-003
1.876398e+003, 6.046731e-003
1.878327e+003, 5.594449e-003
1.880255e+003, 5.529593e-003
1.882183e+003, 5.735261e-003
1.884112e+003, 5.727874e-003
1.886040e+003, 5.535893e-003
1.887969e+003, 5.819954e-003
1.889897e+003, 6.192178e-003
1.891826e+003, 6.012743e-003
1.893754e+003, 5.921631e-003
1.895683e+003, 5.640398e-003
1.897611e+003, 5.661678e-003
1.899540e+003, 5.967325e-003
1.901468e+003, 6.089399e-003
1.903397e+003, 5.361307e-003
1.905325e+003, 4.969500e-003
1.907254e+003, 5.855431e-003
1.909182e+003, 6.552033e-003
1.911110e+003, 6.120915e-003
1.913039e+003, 5.967931e-003
1.914967e+003, 6.022336e-003
1.916896e+003, 5.538416e-003
1.918824e+003, 5.392216e-003
1.920753e+003, 5.554326e-003
1.922681e+003, 5.147608e-003
1.924610e+003, 4.911912e-003
1.926538e+003, 4.749011e-003
1.928467e+003, 4.853589e-003
1.930395e+003, 5.332009e-003
1.932324e+003, 4.761184e-003
1.934252e+003, 4.574394e-003
1.936181e+003, 4.646658e-003
1.938109e+003, 4.713143e-003
1.940037e+003, 5.868898e-003
1.941966e+003, 6.646137e-003
1.943894e+003, 6.459113e-003
1.945823e+003, 5.802686e-003
1.947751e+003, 5.690791e-003
1.949680e+003, 4.872778e-003
1.951608e+003, 5.179536e-003
1.953537e+003, 6.078313e-003
1.955465e+003, 5.496399e-003
1.957394e+003, 3.726973e-003
1.959322e+003, 3.818375e-003
1.961251e+003, 5.026474e-003
1.963179e+003, 5.984131e-003
1.965108e+003, 4.830490e-003
1.967036e+003, 3.410333e-003
1.968964e+003, 3.096165e-003
1.970893e+003, 3.882281e-003
1.972821e+003, 4.100052e-003
1.974750e+003, 2.842028e-003
1.976678e+003, 1.812387e-003
1.978607e+003, 5.137735e-003
1.980535e+003, 6.013715e-003
1.982464e+003, 4.107127e-003
1.984392e+003, 3.252503e-003
1.986321e+003, 3.801290e-003
1.988249e+003, 4.119888e-003
1.990178e+003, 3.961336e-003
1.992106e+003, 3.940290e-003
1.994035e+003, 4.929765e-003
1.995963e+003, 4.496445e-003
1.997891e+003, 3.233923e-003
1.999820e+003, 2.430569e-003
2.001748e+003, 3.284693e-003
2.003677e+003, 4.280393e-003
2.005605e+003, 2.833640e-003
2.007534e+003, 5.062267e-004
2.009462e+003, 1.409785e-003
2.011391e+003, 4.226581e-003
2.013319e+003, 4.591853e-003
2.015248e+003, 2.907356e-003
2.017176e+003, 3.485934e-003
2.019105e+003, 3.737579e-003
2.021033e+003, 1.487021e-003
2.022962e+003, 5.212388e-004
2.024890e+003, 9.013902e-004
2.026818e+003, 1.050330e-003
2.028747e+003, 2.108918e-003
2.030675e+003, 2.224829e-003
2.032604e+003, 1.275090e-003
2.034532e+003, 2.005440e-003
2.036461e+003, 3.673302e-003
2.038389e+003, 4.919885e-003
2.040318e+003, 4.354527e-003
2.042246e+003, 3.153556e-003
2.044175e+003, 1.948701e-003
2.046103e+003, 2.255115e-003
2.048032e+003, 4.192099e-003
2.049960e+003, 4.795232e-003
2.051889e+003, 4.074434e-003
2.053817e+003, 4.101680e-003
2.055746e+003, 4.180817e-003
2.057674e+003, 3.216277e-003
2.059603e+003, 3.259264e-003
2.061531e+003, 4.244013e-003
2.063459e+003, 4.451731e-003
2.065388e+003, 3.931022e-003
2.067316e+003, 4.965377e-003
2.069245e+003, 5.637560e-003
2.071173e+003, 5.316636e-003
2.073102e+003, 5.306072e-003
2.075030e+003, 5.578619e-003
2.076959e+003, 6.082670e-003
2.078887e+003, 6.543085e-003
2.080816e+003, 5.035243e-003
2.082744e+003, 4.436646e-003
2.084673e+003, 5.201345e-003
2.086601e+003, 5.597643e-003
2.088530e+003, 5.889129e-003
2.090458e+003, 5.674749e-003
2.092386e+003, 4.827346e-003
2.094315e+003, 5.152412e-003
2.096243e+003, 5.082388e-003
2.098172e+003, 5.554931e-003
2.100100e+003, 6.622573e-003
2.102029e+003, 6.461054e-003
2.103957e+003, 5.250389e-003
2.105886e+003, 4.733901e-003
2.107814e+003, 5.347567e-003
2.109743e+003, 6.638334e-003
2.111671e+003, 6.224306e-003
2.113600e+003, 5.374754e-003
2.115528e+003, 4.045533e-003
2.117457e+003, 3.410001e-003
2.119385e+003, 4.282693e-003
2.121313e+003, 4.758315e-003
2.123242e+003, 3.352901e-003
2.125170e+003, 2.895884e-003
2.127099e+003, 3.716458e-003
2.129027e+003, 4.153585e-003
2.130956e+003, 2.825672e-003
2.132884e+003, 1.721538e-003
2.134813e+003, 2.863532e-003
2.136741e+003, 2.787682e-003
2.138670e+003, 2.107288e-003
2.140598e+003, 2.235847e-003
2.142527e+003, 2.244252e-003
2.144455e+003, 2.367576e-003
2.146384e+003, 2.401740e-003
2.148312e+003, 1.432438e-003
2.150240e+003, 3.262109e-003
2.152169e+003, 2.327100e-003
2.154097e+003, -7.039629e-004
2.156026e+003, 4.624640e-004
2.157954e+003, 2.697848e-003
2.159883e+003, 4.712056e-003
2.161811e+003, 4.289092e-003
2.163740e+003, 3.986871e-003
2.165668e+003, 3.033559e-003
2.167597e+003, 7.087166e-004
2.169525e+003, 1.095848e-003
2.171454e+003, 3.041761e-003
2.173382e+003, 4.089331e-003
2.175311e+003, 3.598235e-003
2.177239e+003, 2.961191e-003
2.179167e+003, 4.097947e-003
2.181096e+003, 4.884323e-003
2.183024e+003, 3.844964e-003
2.184953e+003, 4.793529e-003
2.186881e+003, 6.062754e-003
2.188810e+003, 4.610737e-003
2.190738e+003, 5.474629e-003
2.192667e+003, 6.821873e-003
2.194595e+003, 6.095659e-003
2.196524e+003, 6.139592e-003
2.198452e+003, 8.022752e-003
2.200381e+003, 7.234151e-003
2.202309e+003, 5.079536e-003
2.204238e+003, 4.538338e-003
2.206166e+003, 5.338098e-003
2.208094e+003, 5.907238e-003
2.210023e+003, 6.283385e-003
2.211951e+003, 5.436949e-003
2.213880e+003, 4.832258e-003
2.215808e+003, 6.344219e-003
2.217737e+003, 7.514470e-003
2.219665e+003, 7.988671e-003
2.221594e+003, 7.845912e-003
2.223522e+003, 7.443014e-003
2.225451e+003, 8.299586e-003
2.227379e+003, 9.404707e-003
2.229308e+003, 8.338937e-003
2.231236e+003, 8.087284e-003
2.233165e+003, 1.056034e-002
2.235093e+003, 1.086811e-002
2.237021e+003, 1.028601e-002
2.238950e+003, 9.877378e-003
2.240878e+003, 9.291822e-003
2.242807e+003, 9.757680e-003
2.244735e+003, 1.045892e-002
2.246664e+003, 9.962422e-003
2.248592e+003, 1.043599e-002
2.250521e+003, 1.044606e-002
2.252449e+003, 9.966434e-003
2.254378e+003, 1.050411e-002
2.256306e+003, 1.151586e-002
2.258235e+003, 1.137479e-002
2.260163e+003, 1.095498e-002
2.262092e+003, 1.004857e-002
2.264020e+003, 9.677693e-003
2.265948e+003, 1.034203e-002
2.267877e+003, 1.042978e-002
2.269805e+003, 1.127856e-002
2.271734e+003, 1.138895e-002
2.273662e+003, 1.084470e-002
2.275591e+003, 1.073158e-002
2.277519e+003, 1.117959e-002
2.279448e+003, 1.141448e-002
2.281376e+003, 1.128433e-002
2.283305e+003, 1.208079e-002
2.285233e+003, 1.254022e-002
2.287162e+003, 1.227157e-002
2.289090e+003, 1.256095e-002
2.291019e+003, 1.276992e-002
2.292947e+003, 1.203416e-002
2.294875e+003, 1.105764e-002
2.296804e+003, 1.129566e-002
2.298732e+003, 1.189065e-002
2.300661e+003, 1.145802e-002
2.302589e+003, 1.118607e-002
2.304518e+003, 1.139583e-002
2.306446e+003, 1.170560e-002
2.308375e+003, 1.175607e-002
2.310303e+003, 1.163923e-002
2.312232e+003, 1.184929e-002
2.314160e+003, 1.205338e-002
2.316089e+003, 1.168002e-002
2.318017e+003, 1.171746e-002
2.319946e+003, 1.238216e-002
2.321874e+003, 1.304014e-002
2.323802e+003, 1.306028e-002
2.325731e+003, 1.183046e-002
2.327659e+003, 1.113612e-002
2.329588e+003, 1.158638e-002
2.331516e+003, 1.205072e-002
2.333445e+003, 1.170106e-002
2.335373e+003, 1.146568e-002
2.337302e+003, 1.170078e-002
2.339230e+003, 1.175261e-002
2.341159e+003, 1.164370e-002
2.343087e+003, 1.130651e-002
2.345016e+003, 1.106928e-002
2.346944e+003, 1.085884e-002
2.348873e+003, 1.137201e-002
2.350801e+003, 1.167972e-002
2.352729e+003, 1.179896e-002
2.354658e+003, 1.214681e-002
2.356586e+003, 1.212624e-002
2.358515e+003, 1.218104e-002
2.360443e+003, 1.196536e-002
2.362372e+003, 1.190991e-002
2.364300e+003, 1.199657e-002
2.366229e+003, 1.152827e-002
2.368157e+003, 1.096998e-002
2.370086e+003, 1.052847e-002
2.372014e+003, 1.066155e-002
2.373942e+003, 1.057828e-002
2.375871e+003, 1.090091e-002
2.377799e+003, 1.075929e-002
2.379728e+003, 1.047700e-002
2.381656e+003, 1.107262e-002
2.383585e+003, 1.140210e-002
2.385513e+003, 1.089863e-002
2.387442e+003, 1.082158e-002
2.389370e+003, 1.063037e-002
2.391299e+003, 1.086961e-002
2.393227e+003, 1.090018e-002
2.395156e+003, 1.074238e-002
2.397084e+003, 1.143576e-002
2.399012e+003, 1.219916e-002
2.400941e+003, 1.167578e-002
2.402869e+003, 1.189665e-002
2.404798e+003, 1.221024e-002
2.406726e+003, 1.207259e-002
2.408655e+003, 1.208437e-002
2.410583e+003, 1.205416e-002
2.412512e+003, 1.216402e-002
2.414440e+003, 1.180089e-002
2.416369e+003, 1.140339e-002
2.418297e+003, 1.121346e-002
2.420226e+003, 1.139700e-002
2.422154e+003, 1.206483e-002
2.424083e+003, 1.231983e-002
2.426011e+003, 1.219207e-002
2.427939e+003, 1.193502e-002
2.429868e+003, 1.203640e-002
2.431796e+003, 1.197405e-002
2.433725e+003, 1.230441e-002
2.435653e+003, 1.252912e-002
2.437582e+003, 1.262344e-002
2.439510e+003, 1.207404e-002
2.441439e+003, 1.123750e-002
2.443367e+003, 1.118532e-002
2.445296e+003, 1.223420e-002
2.447224e+003, 1.300788e-002
2.449153e+003, 1.347679e-002
2.451081e+003, 1.304430e-002
2.453010e+003, 1.217608e-002
2.454938e+003, 1.248283e-002
2.456866e+003, 1.312010e-002
2.458795e+003, 1.212079e-002
2.460723e+003, 1.210662e-002
2.462652e+003, 1.194162e-002
2.464580e+003, 1.154854e-002
2.466509e+003, 1.145544e-002
2.468437e+003, 1.136338e-002
2.470366e+003, 1.130754e-002
2.472294e+003, 1.194349e-002
2.474223e+003, 1.277097e-002
2.476151e+003, 1.209192e-002
2.478080e+003, 1.189264e-002
2.480008e+003, 1.272132e-002
2.481937e+003, 1.277723e-002
2.483865e+003, 1.257283e-002
2.485793e+003, 1.234044e-002
2.487722e+003, 1.195113e-002
2.489650e+003, 1.128460e-002
2.491579e+003, 1.166360e-002
2.493507e+003, 1.202669e-002
2.495436e+003, 1.231960e-002
2.497364e+003, 1.261088e-002
2.499293e+003, 1.261546e-002
2.501221e+003, 1.174809e-002
2.503150e+003, 1.151060e-002
2.505078e+003, 1.167812e-002
2.507007e+003, 1.186762e-002
2.508935e+003, 1.296677e-002
2.510864e+003, 1.323401e-002
2.512792e+003, 1.278681e-002
2.514720e+003, 1.319230e-002
2.516649e+003, 1.291828e-002
2.518577e+003, 1.262358e-002
2.520506e+003, 1.240281e-002
2.522434e+003, 1.250533e-002
2.524363e+003, 1.307073e-002
2.526291e+003, 1.274223e-002
2.528220e+003, 1.176718e-002
2.530148e+003, 1.146961e-002
2.532077e+003, 1.222836e-002
2.534005e+003, 1.279039e-002
2.535934e+003, 1.270779e-002
2.537862e+003, 1.273421e-002
2.539791e+003, 1.362424e-002
2.541719e+003, 1.433413e-002
2.543647e+003, 1.340906e-002
2.545576e+003, 1.280823e-002
2.547504e+003, 1.367268e-002
2.549433e+003, 1.438579e-002
2.551361e+003, 1.371121e-002
2.553290e+003, 1.371062e-002
2.555218e+003, 1.298368e-002
2.557147e+003, 1.210608e-002
2.559075e+003, 1.212659e-002
2.561004e+003, 1.211044e-002
2.562932e+003, 1.266883e-002
2.564861e+003, 1.296642e-002
2.566789e+003, 1.285353e-002
2.568718e+003, 1.364299e-002
2.570646e+003, 1.433529e-002
2.572574e+003, 1.347035e-002
2.574503e+003, 1.327206e-002
2.576431e+003, 1.377113e-002
2.578360e+003, 1.328759e-002
2.580288e+003, 1.319810e-002
2.582217e+003, 1.340459e-002
2.584145e+003, 1.353489e-002
2.586074e+003, 1.420221e-002
2.588002e+003, 1.422143e-002
2.589931e+003, 1.376762e-002
2.591859e+003, 1.435942e-002
2.593788e+003, 1.433405e-002
2.595716e+003, 1.334507e-002
2.597645e+003, 1.294267e-002
2.599573e+003, 1.357740e-002
2.601501e+003, 1.407985e-002
2.603430e+003, 1.371552e-002
2.605358e+003, 1.292275e-002
2.607287e+003, 1.296921e-002
2.609215e+003, 1.339847e-002
2.611144e+003, 1.364792e-002
2.613072e+003, 1.384171e-002
2.615001e+003, 1.396740e-002
2.616929e+003, 1.358985e-002
2.618858e+003, 1.340723e-002
2.620786e+003, 1.339271e-002
2.622715e+003, 1.354386e-002
2.624643e+003, 1.386347e-002
2.626572e+003, 1.393840e-002
2.628500e+003, 1.394389e-002
2.630428e+003, 1.371174e-002
2.632357e+003, 1.328240e-002
2.634285e+003, 1.344493e-002
2.636214e+003, 1.381368e-002
2.638142e+003, 1.416195e-002
2.640071e+003, 1.421078e-002
2.641999e+003, 1.346841e-002
2.643928e+003, 1.303981e-002
2.645856e+003, 1.336956e-002
2.647785e+003, 1.384296e-002
2.649713e+003, 1.429248e-002
2.651642e+003, 1.456764e-002
2.653570e+003, 1.465989e-002
2.655499e+003, 1.391499e-002
2.657427e+003, 1.327607e-002
2.659355e+003, 1.345179e-002
2.661284e+003, 1.374865e-002
2.663212e+003, 1.384812e-002
2.665141e+003, 1.393199e-002
2.667069e+003, 1.407400e-002
2.668998e+003, 1.369940e-002
2.670926e+003, 1.340337e-002
2.672855e+003, 1.361244e-002
2.674783e+003, 1.398807e-002
2.676712e+003, 1.357670e-002
2.678640e+003, 1.339854e-002
2.680569e+003, 1.299409e-002
2.682497e+003, 1.275325e-002
2.684426e+003, 1.292621e-002
2.686354e+003, 1.311038e-002
2.688282e+003, 1.318997e-002
2.690211e+003, 1.358236e-002
2.692139e+003, 1.359776e-002
2.694068e+003, 1.329477e-002
2.695996e+003, 1.348457e-002
2.697925e+003, 1.416009e-002
2.699853e+003, 1.413890e-002
2.701782e+003, 1.419496e-002
2.703710e+003, 1.369503e-002
2.705639e+003, 1.340796e-002
2.707567e+003, 1.376893e-002
2.709496e+003, 1.367291e-002
2.711424e+003, 1.354031e-002
2.713353e+003, 1.354434e-002
2.715281e+003, 1.364856e-002
2.717209e+003, 1.380417e-002
2.719138e+003, 1.402899e-002
2.721066e+003, 1.444771e-002
2.722995e+003, 1.480214e-002
2.724923e+003, 1.528064e-002
2.726852e+003, 1.520594e-002
2.728780e+003, 1.452338e-002
2.730709e+003, 1.499188e-002
2.732637e+003, 1.470686e-002
2.734566e+003, 1.422479e-002
2.736494e+003, 1.411354e-002
2.738423e+003, 1.445457e-002
2.740351e+003, 1.440478e-002
2.742280e+003, 1.417153e-002
2.744208e+003, 1.421457e-002
2.746136e+003, 1.408765e-002
2.748065e+003, 1.384334e-002
2.749993e+003, 1.454322e-002
2.751922e+003, 1.504882e-002
2.753850e+003, 1.467342e-002
2.755779e+003, 1.437193e-002
2.757707e+003, 1.417967e-002
2.759636e+003, 1.435119e-002
2.761564e+003, 1.494294e-002
2.763493e+003, 1.539345e-002
2.765421e+003, 1.535572e-002
2.767350e+003, 1.503122e-002
2.769278e+003, 1.480140e-002
2.771207e+003, 1.497875e-002
2.773135e+003, 1.508465e-002
2.775063e+003, 1.516131e-002
2.776992e+003, 1.487281e-002
2.778920e+003, 1.432127e-002
2.780849e+003, 1.419454e-002
2.782777e+003, 1.381887e-002
2.784706e+003, 1.431005e-002
2.786634e+003, 1.489903e-002
2.788563e+003, 1.530720e-002
2.790491e+003, 1.601225e-002
2.792420e+003, 1.587066e-002
2.794348e+003, 1.504499e-002
2.796277e+003, 1.461629e-002
2.798205e+003, 1.508608e-002
2.800134e+003, 1.587738e-002
2.802062e+003, 1.590028e-002
2.803990e+003, 1.537381e-002
2.805919e+003, 1.487489e-002
2.807847e+003, 1.465544e-002
2.809776e+003, 1.484189e-002
2.811704e+003, 1.538177e-002
2.813633e+003, 1.561439e-002
2.815561e+003, 1.580249e-002
2.817490e+003, 1.527585e-002
2.819418e+003, 1.508666e-002
2.821347e+003, 1.492990e-002
2.823275e+003, 1.506406e-002
2.825204e+003, 1.559655e-002
2.827132e+003, 1.600172e-002
2.829061e+003, 1.573736e-002
2.830989e+003, 1.622646e-002
2.832917e+003, 1.666611e-002
2.834846e+003, 1.706722e-002
2.836774e+003, 1.766827e-002
2.838703e+003, 1.712058e-002
2.840631e+003, 1.584240e-002
2.842560e+003, 1.543206e-002
2.844488e+003, 1.489887e-002
2.846417e+003, 1.520052e-002
2.848345e+003, 1.590822e-002
2.850274e+003, 1.583846e-002
2.852202e+003, 1.540799e-002
2.854131e+003, 1.536899e-002
2.856059e+003, 1.542932e-002
2.857988e+003, 1.570871e-002
2.859916e+003, 1.566239e-002
2.861844e+003, 1.612938e-002
2.863773e+003, 1.656720e-002
2.865701e+003, 1.713651e-002
2.867630e+003, 1.739183e-002
2.869558e+003, 1.685084e-002
2.871487e+003, 1.635151e-002
2.873415e+003, 1.643723e-002
2.875344e+003, 1.680331e-002
2.877272e+003, 1.702268e-002
2.879201e+003, 1.669297e-002
2.881129e+003, 1.683394e-002
2.883058e+003, 1.715508e-002
2.884986e+003, 1.714043e-002
2.886915e+003, 1.697006e-002
2.888843e+003, 1.702951e-002
2.890771e+003, 1.741998e-002
2.892700e+003, 1.765721e-002
2.894628e+003, 1.738872e-002
2.896557e+003, 1.734807e-002
2.898485e+003, 1.703702e-002
2.900414e+003, 1.727498e-002
2.902342e+003, 1.796852e-002
2.904271e+003, 1.787201e-002
2.906199e+003, 1.738246e-002
2.908128e+003, 1.790262e-002
2.910056e+003, 1.835773e-002
2.911985e+003, 1.830014e-002
2.913913e+003, 1.818203e-002
2.915842e+003, 1.860991e-002
2.917770e+003, 1.860247e-002
2.919698e+003, 1.753155e-002
2.921627e+003, 1.675979e-002
2.923555e+003, 1.710895e-002
2.925484e+003, 1.682905e-002
2.927412e+003, 1.694301e-002
2.929341e+003, 1.748670e-002
2.931269e+003, 1.784929e-002
2.933198e+003, 1.788370e-002
2.935126e+003, 1.750980e-002
2.937055e+003, 1.794311e-002
2.938983e+003, 1.802781e-002
2.940912e+003, 1.822172e-002
2.942840e+003, 1.904377e-002
2.944769e+003, 1.894192e-002
2.946697e+003, 1.850764e-002
2.948625e+003, 1.862791e-002
2.950554e+003, 1.888731e-002
2.952482e+003, 1.915504e-002
2.954411e+003, 1.995718e-002
2.956339e+003, 1.931365e-002
2.958268e+003, 1.857176e-002
2.960196e+003, 1.840127e-002
2.962125e+003, 1.893020e-002
2.964053e+003, 1.931335e-002
2.965982e+003, 1.927832e-002
2.967910e+003, 1.838226e-002
2.969839e+003, 1.789667e-002
2.971767e+003, 1.785933e-002
2.973696e+003, 1.809775e-002
2.975624e+003, 1.804258e-002
2.977552e+003, 1.814836e-002
2.979481e+003, 1.807865e-002
2.981409e+003, 1.765953e-002
2.983338e+003, 1.749181e-002
2.985266e+003, 1.743005e-002
2.987195e+003, 1.756985e-002
2.989123e+003, 1.850958e-002
2.991052e+003, 1.861361e-002
2.992980e+003, 1.883862e-002
2.994909e+003, 1.862695e-002
2.996837e+003, 1.820141e-002
2.998766e+003, 1.783366e-002
3.000694e+003, 1.789322e-002
3.002623e+003, 1.767783e-002
3.004551e+003, 1.843826e-002
3.006479e+003, 1.921899e-002
3.008408e+003, 1.907656e-002
3.010336e+003, 1.854784e-002
3.012265e+003, 1.841236e-002
3.014193e+003, 1.889342e-002
3.016122e+003, 1.910026e-002
3.018050e+003, 1.929267e-002
3.019979e+003, 1.997622e-002
3.021907e+003, 1.914181e-002
3.023836e+003, 1.918556e-002
3.025764e+003, 1.923315e-002
3.027693e+003, 1.828051e-002
3.029621e+003, 1.799422e-002
3.031550e+003, 1.895303e-002
3.033478e+003, 1.951987e-002
3.035406e+003, 1.957682e-002
3.037335e+003, 1.870449e-002
3.039263e+003, 1.874370e-002
3.041192e+003, 2.018624e-002
3.043120e+003, 2.026481e-002
3.045049e+003, 1.874220e-002
3.046977e+003, 1.858097e-002
3.048906e+003, 1.900741e-002
3.050834e+003, 1.895686e-002
3.052763e+003, 1.816099e-002
3.054691e+003, 1.850531e-002
3.056620e+003, 1.943247e-002
3.058548e+003, 2.004859e-002
3.060477e+003, 2.000575e-002
3.062405e+003, 1.927625e-002
3.064333e+003, 1.936938e-002
3.066262e+003, 2.022520e-002
3.068190e+003, 2.049067e-002
3.070119e+003, 2.047689e-002
3.072047e+003, 1.961774e-002
3.073976e+003, 1.983484e-002
3.075904e+003, 2.033119e-002
3.077833e+003, 2.027074e-002
3.079761e+003, 1.968496e-002
3.081690e+003, 1.931733e-002
3.083618e+003, 1.931424e-002
3.085547e+003, 1.969605e-002
3.087475e+003, 1.970465e-002
3.089404e+003, 1.985418e-002
3.091332e+003, 1.941464e-002
3.093260e+003, 1.902180e-002
3.095189e+003, 1.947113e-002
3.097117e+003, 1.956133e-002
3.099046e+003, 1.951987e-002
3.100974e+003, 2.022308e-002
3.102903e+003, 1.969151e-002
3.104831e+003, 1.953519e-002
3.106760e+003, 2.102824e-002
3.108688e+003, 2.192015e-002
3.110617e+003, 2.116857e-002
3.112545e+003, 2.026659e-002
3.114474e+003, 2.021689e-002
3.116402e+003, 2.098219e-002
3.118331e+003, 2.092157e-002
3.120259e+003, 2.162063e-002
3.122188e+003, 2.169498e-002
3.124116e+003, 2.032551e-002
3.126044e+003, 1.994702e-002
3.127973e+003, 2.114351e-002
3.129901e+003, 2.093435e-002
3.131830e+003, 1.995143e-002
3.133758e+003, 2.032027e-002
3.135687e+003, 2.152835e-002
3.137615e+003, 2.138794e-002
3.139544e+003, 2.015023e-002
3.141472e+003, 2.040432e-002
3.143401e+003, 2.207370e-002
3.145329e+003, 2.257260e-002
3.147258e+003, 2.244998e-002
3.149186e+003, 2.219784e-002
3.151115e+003, 2.210650e-002
3.153043e+003, 2.170186e-002
3.154971e+003, 2.165913e-002
3.156900e+003, 2.151169e-002
3.158828e+003, 2.106017e-002
3.160757e+003, 2.057704e-002
3.162685e+003, 2.075356e-002
3.164614e+003, 2.099336e-002
3.166542e+003, 2.190468e-002
3.168471e+003, 2.180946e-002
3.170399e+003, 2.083998e-002
3.172328e+003, 2.061343e-002
3.174256e+003, 2.177927e-002
3.176185e+003, 2.232168e-002
3.178113e+003, 2.210522e-002
3.180042e+003, 2.208422e-002
3.181970e+003, 2.194968e-002
3.183898e+003, 2.145479e-002
3.185827e+003, 2.186331e-002
3.187755e+003, 2.246252e-002
3.189684e+003, 2.185165e-002
3.191612e+003, 2.070770e-002
3.193541e+003, 2.148406e-002
3.195469e+003, 2.278980e-002
3.197398e+003, 2.328982e-002
3.199326e+003, 2.320930e-002
3.201255e+003, 2.292920e-002
3.203183e+003, 2.237285e-002
3.205112e+003, 2.323323e-002
3.207040e+003, 2.328315e-002
3.208969e+003, 2.285310e-002
3.210897e+003, 2.283303e-002
3.212825e+003, 2.353115e-002
3.214754e+003, 2.323611e-002
3.216682e+003, 2.262743e-002
3.218611e+003, 2.292315e-002
3.220539e+003, 2.289967e-002
3.222468e+003, 2.238297e-002
3.224396e+003, 2.190935e-002
3.226325e+003, 2.236704e-002
3.228253e+003, 2.293353e-002
3.230182e+003, 2.295818e-002
3.232110e+003, 2.287092e-002
3.234039e+003, 2.288589e-002
3.235967e+003, 2.368938e-002
3.237896e+003, 2.317883e-002
3.239824e+003, 2.324454e-002
3.241752e+003, 2.359957e-002
3.243681e+003, 2.313803e-002
3.245609e+003, 2.288761e-002
3.247538e+003, 2.354569e-002
3.249466e+003, 2.335933e-002
3.251395e+003, 2.367281e-002
3.253323e+003, 2.435940e-002
3.255252e+003, 2.539467e-002
3.257180e+003, 2.476056e-002
3.259109e+003, 2.503368e-002
3.261037e+003, 2.546912e-002
3.262966e+003, 2.414194e-002
3.264894e+003, 2.430097e-002
3.266823e+003, 2.566275e-002
3.268751e+003, 2.560802e-002
3.270679e+003, 2.556642e-002
3.272608e+003, 2.569707e-002
3.274536e+003, 2.525853e-002
3.276465e+003, 2.447083e-002
3.278393e+003, 2.539018e-002
3.280322e+003, 2.490111e-002
3.282250e+003, 2.383347e-002
3.284179e+003, 2.449098e-002
3.286107e+003, 2.541653e-002
3.288036e+003, 2.481950e-002
3.289964e+003, 2.452051e-002
3.291893e+003, 2.378613e-002
3.293821e+003, 2.279379e-002
3.295750e+003, 2.319885e-002
3.297678e+003, 2.460200e-002
3.299606e+003, 2.476835e-002
3.301535e+003, 2.456406e-002
3.303463e+003, 2.563730e-002
3.305392e+003, 2.556643e-002
3.307320e+003, 2.505690e-002
3.309249e+003, 2.397602e-002
3.311177e+003, 2.342826e-002
3.313106e+003, 2.390409e-002
3.315034e+003, 2.414855e-002
3.316963e+003, 2.435270e-002
3.318891e+003, 2.455277e-002
3.320820e+003, 2.531803e-002
3.322748e+003, 2.601836e-002
3.324677e+003, 2.580326e-002
3.326605e+003, 2.571786e-002
3.328533e+003, 2.617452e-002
3.330462e+003, 2.529144e-002
3.332390e+003, 2.491798e-002
3.334319e+003, 2.542181e-002
3.336247e+003, 2.602564e-002
3.338176e+003, 2.556721e-002
3.340104e+003, 2.488823e-002
3.342033e+003, 2.603512e-002
3.343961e+003, 2.667086e-002
3.345890e+003, 2.670085e-002
3.347818e+003, 2.671957e-002
3.349747e+003, 2.649942e-002
3.351675e+003, 2.654239e-002
3.353604e+003, 2.641513e-002
3.355532e+003, 2.585219e-002
3.357460e+003, 2.473959e-002
3.359389e+003, 2.550210e-002
3.361317e+003, 2.635357e-002
3.363246e+003, 2.482884e-002
3.365174e+003, 2.491463e-002
3.367103e+003, 2.652346e-002
3.369031e+003, 2.603927e-002
3.370960e+003, 2.594434e-002
3.372888e+003, 2.701129e-002
3.374817e+003, 2.671688e-002
3.376745e+003, 2.589081e-002
3.378674e+003, 2.570197e-002
3.380602e+003, 2.635304e-002
3.382531e+003, 2.632589e-002
3.384459e+003, 2.602177e-002
3.386387e+003, 2.657816e-002
3.388316e+003, 2.662150e-002
3.390244e+003, 2.701697e-002
3.392173e+003, 2.675034e-002
3.394101e+003, 2.720396e-002
3.396030e+003, 2.674899e-002
3.397958e+003, 2.505907e-002
3.399887e+003, 2.482548e-002
3.401815e+003, 2.737819e-002
3.403744e+003, 2.832652e-002
3.405672e+003, 2.748883e-002
3.407601e+003, 2.718487e-002
3.409529e+003, 2.689961e-002
3.411458e+003, 2.592944e-002
3.413386e+003, 2.608633e-002
3.415314e+003, 2.565285e-002
3.417243e+003, 2.555194e-002
3.419171e+003, 2.665342e-002
3.421100e+003, 2.727463e-002
3.423028e+003, 2.769399e-002
3.424957e+003, 2.821113e-002
3.426885e+003, 2.800714e-002
3.428814e+003, 2.726668e-002
3.430742e+003, 2.697083e-002
3.432671e+003, 2.756149e-002
3.434599e+003, 2.599128e-002
3.436528e+003, 2.518024e-002
3.438456e+003, 2.640314e-002
3.440385e+003, 2.707818e-002
3.442313e+003, 2.753298e-002
3.444241e+003, 2.895974e-002
3.446170e+003, 2.833904e-002
3.448098e+003, 2.592253e-002
3.450027e+003, 2.542921e-002
3.451955e+003, 2.580172e-002
3.453884e+003, 2.512311e-002
3.455812e+003, 2.621065e-002
3.457741e+003, 2.653615e-002
3.459669e+003, 2.523201e-002
3.461598e+003, 2.619915e-002
3.463526e+003, 2.809590e-002
3.465455e+003, 2.741217e-002
3.467383e+003, 2.610865e-002
3.469312e+003, 2.500768e-002
3.471240e+003, 2.325659e-002
3.473168e+003, 2.362379e-002
3.475097e+003, 2.547312e-002
3.477025e+003, 2.596253e-002
3.478954e+003, 2.528502e-002
3.480882e+003, 2.477345e-002
3.482811e+003, 2.576907e-002
3.484739e+003, 2.691196e-002
3.486668e+003, 2.734564e-002
3.488596e+003, 2.654665e-002
3.490525e+003, 2.617587e-002
3.492453e+003, 2.433836e-002
3.494382e+003, 2.347448e-002
3.496310e+003, 2.488826e-002
3.498239e+003, 2.689039e-002
3.500167e+003, 2.759510e-002
3.502095e+003, 2.697986e-002
3.504024e+003, 2.612454e-002
3.505952e+003, 2.578444e-002
3.507881e+003, 2.517362e-002
3.509809e+003, 2.532076e-002
3.511738e+003, 2.670983e-002
3.513666e+003, 2.589780e-002
3.515595e+003, 2.441673e-002
3.517523e+003, 2.434098e-002
3.519452e+003, 2.507693e-002
3.521380e+003, 2.584559e-002
3.523309e+003, 2.520666e-002
3.525237e+003, 2.463477e-002
3.527166e+003, 2.230853e-002
3.529094e+003, 2.226241e-002
3.531022e+003, 2.455502e-002
3.532951e+003, 2.640014e-002
3.534879e+003, 2.656616e-002
3.536808e+003, 2.670300e-002
3.538736e+003, 2.595227e-002
3.540665e+003, 2.529674e-002
3.542593e+003, 2.536522e-002
3.544522e+003, 2.496401e-002
3.546450e+003, 2.464608e-002
3.548379e+003, 2.527597e-002
3.550307e+003, 2.539446e-002
3.552236e+003, 2.589466e-002
3.554164e+003, 2.743555e-002
3.556093e+003, 2.672516e-002
3.558021e+003, 2.490398e-002
3.559949e+003, 2.549209e-002
3.561878e+003, 2.578511e-002
3.563806e+003, 2.628111e-002
3.565735e+003, 2.593052e-002
3.567663e+003, 2.515404e-002
3.569592e+003, 2.491887e-002
3.571520e+003, 2.485997e-002
3.573449e+003, 2.385893e-002
3.575377e+003, 2.365250e-002
3.577306e+003, 2.412665e-002
3.579234e+003, 2.516533e-002
3.581163e+003, 2.534725e-002
3.583091e+003, 2.569791e-002
3.585020e+003, 2.631407e-002
3.586948e+003, 2.486928e-002
3.588876e+003, 2.296008e-002
3.590805e+003, 2.453280e-002
3.592733e+003, 2.564810e-002
3.594662e+003, 2.447336e-002
3.596590e+003, 2.189668e-002
3.598519e+003, 2.264589e-002
3.600447e+003, 2.410499e-002
3.602376e+003, 2.333193e-002
3.604304e+003, 2.219142e-002
3.606233e+003, 2.270234e-002
3.608161e+003, 2.335354e-002
3.610090e+003, 2.222696e-002
3.612018e+003, 2.145956e-002
3.613947e+003, 2.243530e-002
3.615875e+003, 2.182919e-002
3.617803e+003, 2.099813e-002
3.619732e+003, 2.182678e-002
3.621660e+003, 2.254495e-002
3.623589e+003, 2.207625e-002
3.625517e+003, 2.282511e-002
3.627446e+003, 2.355626e-002
3.629374e+003, 2.406907e-002
3.631303e+003, 2.320380e-002
3.633231e+003, 2.216624e-002
3.635160e+003, 2.327774e-002
3.637088e+003, 2.321499e-002
3.639017e+003, 2.207340e-002
3.640945e+003, 2.120602e-002
3.642874e+003, 2.155143e-002
3.644802e+003, 2.272820e-002
3.646730e+003, 2.258392e-002
3.648659e+003, 2.363905e-002
3.650587e+003, 2.312440e-002
3.652516e+003, 2.240555e-002
3.654444e+003, 2.240329e-002
3.656373e+003, 2.253680e-002
3.658301e+003, 2.165393e-002
3.660230e+003, 2.190330e-002
3.662158e+003, 2.159215e-002
3.664087e+003, 2.166705e-002
3.666015e+003, 2.207480e-002
3.667944e+003, 2.265359e-002
3.669872e+003, 2.083190e-002
3.671801e+003, 2.033548e-002
3.673729e+003, 1.964069e-002
3.675657e+003, 1.922061e-002
3.677586e+003, 1.949042e-002
3.679514e+003, 1.916542e-002
3.681443e+003, 2.017438e-002
3.683371e+003, 2.104940e-002
3.685300e+003, 2.031572e-002
3.687228e+003, 2.030041e-002
3.689157e+003, 1.974330e-002
3.691085e+003, 1.987105e-002
3.693014e+003, 2.152563e-002
3.694942e+003, 2.426616e-002
3.696871e+003, 2.396228e-002
3.698799e+003, 2.290421e-002
3.700728e+003, 2.230698e-002
3.702656e+003, 2.138843e-002
3.704584e+003, 2.177740e-002
3.706513e+003, 1.991229e-002
3.708441e+003, 1.942159e-002
3.710370e+003, 2.114762e-002
3.712298e+003, 2.149891e-002
3.714227e+003, 2.254840e-002
3.716155e+003, 2.231598e-002
3.718084e+003, 2.102624e-002
3.720012e+003, 2.070503e-002
3.721941e+003, 2.197744e-002
3.723869e+003, 2.242516e-002
3.725798e+003, 2.017354e-002
3.727726e+003, 1.831702e-002
3.729655e+003, 2.118409e-002
3.731583e+003, 2.301063e-002
3.733511e+003, 2.087153e-002
3.735440e+003, 1.986945e-002
3.737368e+003, 2.125729e-002
3.739297e+003, 2.106003e-002
3.741225e+003, 2.024708e-002
3.743154e+003, 2.221633e-002
3.745082e+003, 2.126573e-002
3.747011e+003, 2.060981e-002
3.748939e+003, 2.013676e-002
3.750868e+003, 2.075387e-002
3.752796e+003, 2.254041e-002
3.754725e+003, 2.531697e-002
3.756653e+003, 2.410993e-002
3.758582e+003, 2.297818e-002
3.760510e+003, 2.184763e-002
3.762438e+003, 1.954431e-002
3.764367e+003, 2.135719e-002
3.766295e+003, 2.310445e-002
3.768224e+003, 2.339860e-002
3.770152e+003, 2.156268e-002
3.772081e+003, 2.154037e-002
3.774009e+003, 2.172457e-002
3.775938e+003, 2.274263e-002
3.777866e+003, 2.304388e-002
3.779795e+003, 2.266246e-002
3.781723e+003, 2.230210e-002
3.783652e+003, 2.138295e-002
3.785580e+003, 2.038545e-002
3.787509e+003, 2.284748e-002
3.789437e+003, 2.158347e-002
3.791365e+003, 2.127532e-002
3.793294e+003, 2.347069e-002
3.795222e+003, 2.435860e-002
3.797151e+003, 2.245465e-002
3.799079e+003, 2.280148e-002
3.801008e+003, 2.190780e-002
3.802936e+003, 2.065336e-002
3.804865e+003, 1.982953e-002
3.806793e+003, 2.151994e-002
3.808722e+003, 2.382935e-002
3.810650e+003, 2.326274e-002
3.812579e+003, 2.324021e-002
3.814507e+003, 2.292598e-002
3.816436e+003, 2.094377e-002
3.818364e+003, 2.335336e-002
3.820292e+003, 2.248913e-002
3.822221e+003, 2.023727e-002
3.824149e+003, 2.111883e-002
3.826078e+003, 2.368795e-002
3.828006e+003, 2.261944e-002
3.829935e+003, 2.104452e-002
3.831863e+003, 2.063932e-002
3.833792e+003, 2.138063e-002
3.835720e+003, 2.135772e-002
3.837649e+003, 2.203985e-002
3.839577e+003, 2.360455e-002
3.841506e+003, 2.511233e-002
3.843434e+003, 2.384090e-002
3.845363e+003, 2.249675e-002
3.847291e+003, 2.262494e-002
3.849219e+003, 2.328709e-002
3.851148e+003, 2.411817e-002
3.853076e+003, 2.263060e-002
3.855005e+003, 2.064038e-002
3.856933e+003, 2.243409e-002
3.858862e+003, 2.342664e-002
3.860790e+003, 2.422419e-002
3.862719e+003, 2.288436e-002
3.864647e+003, 2.188966e-002
3.866576e+003, 2.134631e-002
3.868504e+003, 2.127174e-002
3.870433e+003, 2.067778e-002
3.872361e+003, 2.235786e-002
3.874290e+003, 2.220055e-002
3.876218e+003, 2.238016e-002
3.878146e+003, 2.305359e-002
3.880075e+003, 2.364060e-002
3.882003e+003, 2.485836e-002
3.883932e+003, 2.401474e-002
3.885860e+003, 2.062171e-002
3.887789e+003, 2.146187e-002
3.889717e+003, 2.316220e-002
3.891646e+003, 2.324039e-002
3.893574e+003, 2.268835e-002
3.895503e+003, 2.307128e-002
3.897431e+003, 2.270557e-002
3.899360e+003, 2.093407e-002
3.901288e+003, 2.136532e-002
3.903217e+003, 2.297763e-002
3.905145e+003, 2.333636e-002
3.907073e+003, 2.210012e-002
3.909002e+003, 2.128471e-002
3.910930e+003, 2.002197e-002
3.912859e+003, 2.126505e-002
3.914787e+003, 2.359125e-002
3.916716e+003, 2.396105e-002
3.918644e+003, 2.291421e-002
3.920573e+003, 2.361781e-002
3.922501e+003, 2.357480e-002
3.924430e+003, 2.321757e-002
3.926358e+003, 2.259519e-002
3.928287e+003, 2.173511e-002
3.930215e+003, 2.312491e-002
3.932144e+003, 2.326087e-002
3.934072e+003, 2.322119e-002
3.936000e+003, 2.241286e-002
3.937929e+003, 2.328089e-002
3.939857e+003, 2.441392e-002
3.941786e+003, 2.322794e-002
3.943714e+003, 2.218119e-002
3.945643e+003, 2.203355e-002
3.947571e+003, 2.252025e-002
3.949500e+003, 2.449396e-002
3.951428e+003, 2.436985e-002
3.953357e+003, 2.296790e-002
3.955285e+003, 2.392375e-002
3.957214e+003, 2.483493e-002
3.959142e+003, 2.382094e-002
3.961071e+003, 2.267144e-002
3.962999e+003, 2.102175e-002
3.964927e+003, 2.129879e-002
3.966856e+003, 2.280032e-002
3.968784e+003, 2.450450e-002
3.970713e+003, 2.618084e-002
3.972641e+003, 2.745590e-002
3.974570e+003, 2.587075e-002
3.976498e+003, 2.543570e-002
3.978427e+003, 2.469373e-002
3.980355e+003, 2.302108e-002
3.982284e+003, 2.146405e-002
3.984212e+003, 2.286038e-002
3.986141e+003, 2.309795e-002
3.988069e+003, 2.304247e-002
3.989998e+003, 2.296678e-002
3.991926e+003, 2.342901e-002
3.993854e+003, 2.399134e-002
3.995783e+003, 2.511750e-002
3.997711e+003, 2.652828e-002
3.999640e+003, 2.654330e-002
##END=



