##NAMES=Silicon
##RRUFFID=R050145
##IDEAL CHEMISTRY=Si
##LOCALITY=synthetic from Dupont
##OWNER=RRUFF
##SOURCE=Gerry Gibbs
##DESCRIPTION=Dark gray synthetic fragment
##STATUS=The identification of this mineral has been confirmed by X-ray diffraction and chemical analysis
##URL=rruff.info/R050145
##MEASURED CHEMISTRY=Si
3.741225e+002, 1.368911e-003
3.760510e+002, -1.477514e-002
3.779795e+002, -1.017303e-002
3.799079e+002, 3.177512e-003
3.818364e+002, -8.791941e-004
3.837649e+002, -1.311154e-002
3.856933e+002, -1.439578e-002
3.876218e+002, 4.695654e-004
3.895503e+002, -1.398787e-003
3.914787e+002, -3.835507e-003
3.934072e+002, -8.075302e-006
3.953357e+002, 4.790700e-005
3.972641e+002, -1.652283e-003
3.991926e+002, -2.372357e-004
4.011211e+002, -5.541887e-004
4.030495e+002, -8.863959e-003
4.049780e+002, -1.233830e-002
4.069065e+002, -5.478894e-003
4.088349e+002, -9.744999e-004
4.107634e+002, -5.590093e-003
4.126919e+002, -7.993879e-003
4.146203e+002, -6.864561e-003
4.165488e+002, -4.739809e-003
4.184773e+002, -3.731332e-003
4.204057e+002, -5.079991e-003
4.223342e+002, -2.760952e-003
4.242627e+002, -1.070024e-004
4.261911e+002, -1.422497e-004
4.281196e+002, -2.063276e-003
4.300481e+002, -1.242748e-003
4.319765e+002, -3.318196e-004
4.339050e+002, 1.303607e-004
4.358335e+002, 1.354360e-003
4.377619e+002, -1.873996e-004
4.396904e+002, 6.666777e-004
4.416189e+002, 6.678659e-004
4.435473e+002, -9.683033e-004
4.454758e+002, 1.848084e-004
4.474043e+002, 2.064318e-003
4.493327e+002, 2.525673e-003
4.512612e+002, 1.975046e-004
4.531897e+002, 1.618341e-003
4.551181e+002, 3.762755e-003
4.570466e+002, 4.241382e-003
4.589751e+002, 3.035934e-003
4.609035e+002, 1.224250e-003
4.628320e+002, 1.292976e-003
4.647605e+002, 1.300715e-003
4.666889e+002, 6.390770e-004
4.686174e+002, -1.113363e-004
4.705459e+002, 1.030974e-003
4.724743e+002, 1.464695e-003
4.744028e+002, 2.243770e-004
4.763313e+002, -1.059893e-003
4.782597e+002, -1.492512e-003
4.801882e+002, -1.481089e-003
4.821167e+002, -7.124652e-004
4.840451e+002, -7.437027e-004
4.859736e+002, -6.527466e-004
4.879021e+002, 1.924543e-004
4.898305e+002, 7.475201e-004
4.917590e+002, 2.376413e-004
4.936875e+002, 1.507543e-004
4.956159e+002, 8.051972e-004
4.975444e+002, 7.892134e-004
4.994729e+002, -3.444165e-004
5.014013e+002, -1.295322e-003
5.033298e+002, -7.354086e-004
5.052583e+002, 6.005045e-004
5.071867e+002, 7.233432e-004
5.091152e+002, -2.661162e-005
5.110437e+002, 2.488456e-004
5.129721e+002, 2.292261e-004
5.149006e+002, 6.042218e-004
5.168290e+002, 4.890137e-004
5.187575e+002, -2.670139e-004
5.206860e+002, 2.038987e-004
5.226144e+002, 1.139158e-003
5.245429e+002, 1.402832e-003
5.264714e+002, 9.384417e-005
5.283998e+002, -4.030401e-004
5.303283e+002, -3.282694e-005
5.322568e+002, 2.440329e-004
5.341852e+002, 6.331110e-004
5.361137e+002, 1.213295e-003
5.380422e+002, 1.655819e-003
5.399706e+002, 2.088187e-003
5.418991e+002, 2.118793e-003
5.438276e+002, 1.945785e-003
5.457560e+002, 1.676991e-003
5.476845e+002, 1.523137e-003
5.496130e+002, 7.542209e-004
5.515414e+002, 4.443636e-004
5.534699e+002, 7.709397e-004
5.553984e+002, 9.366295e-004
5.573268e+002, 9.018593e-004
5.592553e+002, 1.021835e-003
5.611838e+002, 5.196827e-004
5.631122e+002, -3.051652e-004
5.650407e+002, -4.300088e-005
5.669692e+002, -5.357615e-007
5.688976e+002, 8.966963e-005
5.708261e+002, 4.732805e-004
5.727546e+002, -3.465462e-004
5.746830e+002, -3.862902e-004
5.766115e+002, -6.253027e-004
5.785400e+002, -2.799619e-004
5.804684e+002, -4.188115e-005
5.823969e+002, -1.649692e-004
5.843254e+002, -4.752337e-004
5.862538e+002, -6.312896e-004
5.881823e+002, -7.855026e-004
5.901108e+002, -1.533224e-003
5.920392e+002, -1.070935e-003
5.939677e+002, -4.804297e-005
5.958962e+002, -2.741864e-004
5.978246e+002, -8.053616e-004
5.997531e+002, -7.631223e-004
6.016816e+002, -5.807851e-004
6.036100e+002, -8.087034e-004
6.055385e+002, -9.714252e-004
6.074670e+002, -2.546021e-004
6.093954e+002, 5.137961e-006
6.113239e+002, -2.421785e-004
6.132524e+002, -4.770775e-004
6.151808e+002, -3.131231e-004
6.171093e+002, 1.479669e-004
6.190378e+002, -7.889631e-005
6.209662e+002, -3.729533e-004
6.228947e+002, -1.097412e-004
6.248232e+002, -2.099459e-004
6.267516e+002, -6.688512e-004
6.286801e+002, -1.032179e-003
6.306086e+002, -9.648135e-004
6.325370e+002, -8.245010e-004
6.344655e+002, -8.312252e-004
6.363940e+002, -3.273995e-004
6.383224e+002, -1.586370e-004
6.402509e+002, -4.404599e-004
6.421794e+002, -4.578422e-004
6.441078e+002, 2.059401e-006
6.460363e+002, -1.029678e-005
6.479648e+002, -1.192310e-004
6.498932e+002, -1.151453e-004
6.518217e+002, -4.992355e-005
6.537502e+002, 7.015418e-005
6.556786e+002, 2.164960e-005
6.576071e+002, -5.506889e-004
6.595356e+002, -8.477442e-004
6.614641e+002, -6.142497e-004
6.633925e+002, -4.922803e-004
6.653210e+002, -4.935338e-004
6.672495e+002, -1.501159e-004
6.691779e+002, -4.765905e-004
6.711064e+002, -9.581953e-004
6.730349e+002, -8.390898e-004
6.749633e+002, -6.247507e-004
6.768918e+002, -7.283138e-004
6.788203e+002, -6.640067e-004
6.807487e+002, -5.472617e-004
6.826772e+002, -7.528039e-004
6.846057e+002, -8.243760e-004
6.865341e+002, -7.948147e-004
6.884626e+002, -8.733246e-004
6.903911e+002, -5.236168e-004
6.923195e+002, 1.421242e-004
6.942480e+002, 3.280058e-005
6.961765e+002, -7.307201e-004
6.981049e+002, -1.371393e-003
7.000334e+002, -1.193620e-003
7.019619e+002, -9.604243e-004
7.038903e+002, -8.481107e-004
7.058188e+002, -8.476322e-004
7.077473e+002, -8.797023e-004
7.096757e+002, -7.913513e-004
7.116042e+002, -5.736229e-004
7.135327e+002, -5.441936e-004
7.154611e+002, -7.245226e-004
7.173896e+002, -8.201737e-004
7.193181e+002, -8.850111e-004
7.212465e+002, -9.021880e-004
7.231750e+002, -1.042024e-003
7.251035e+002, -8.301183e-004
7.270319e+002, -1.168085e-003
7.289604e+002, -1.209727e-003
7.308889e+002, -8.379778e-004
7.328173e+002, -7.678694e-004
7.347458e+002, -9.008046e-004
7.366743e+002, -1.074005e-003
7.386027e+002, -1.264712e-003
7.405312e+002, -9.131808e-004
7.424597e+002, -7.044713e-004
7.443881e+002, -9.837064e-004
7.463166e+002, -9.444255e-004
7.482451e+002, -8.617443e-004
7.501735e+002, -1.058165e-003
7.521020e+002, -9.937349e-004
7.540305e+002, -6.659638e-004
7.559589e+002, -5.538243e-004
7.578874e+002, -7.347879e-004
7.598159e+002, -8.086470e-004
7.617443e+002, -8.784691e-004
7.636728e+002, -9.358929e-004
7.656013e+002, -7.574974e-004
7.675297e+002, -4.317747e-004
7.694582e+002, -3.469088e-004
7.713867e+002, -3.801962e-004
7.733151e+002, -6.995987e-004
7.752436e+002, -5.209642e-004
7.771721e+002, -4.614713e-004
7.791005e+002, -7.592826e-004
7.810290e+002, -8.841502e-004
7.829575e+002, -6.306153e-004
7.848859e+002, -6.975657e-004
7.868144e+002, -6.830768e-004
7.887429e+002, -4.302669e-004
7.906713e+002, -1.402752e-004
7.925998e+002, -1.619517e-004
7.945283e+002, -5.458631e-004
7.964567e+002, -6.623389e-004
7.983852e+002, -5.203710e-004
8.003137e+002, -5.364433e-004
8.022421e+002, -5.311704e-004
8.041706e+002, -5.005056e-004
8.060991e+002, -4.825524e-004
8.080275e+002, -5.510955e-004
8.099560e+002, -5.856260e-004
8.118845e+002, -4.433572e-004
8.138129e+002, -4.140169e-004
8.157414e+002, -4.897182e-004
8.176699e+002, -4.706096e-004
8.195983e+002, -4.954831e-004
8.215268e+002, -3.311946e-004
8.234553e+002, -3.807517e-004
8.253837e+002, -4.988078e-004
8.273122e+002, -6.723455e-004
8.292407e+002, -7.422965e-004
8.311691e+002, -8.527329e-004
8.330976e+002, -8.364681e-004
8.350261e+002, -4.834287e-004
8.369545e+002, -3.174053e-004
8.388830e+002, -4.220774e-004
8.408115e+002, -3.360413e-004
8.427399e+002, -3.528086e-004
8.446684e+002, -4.156049e-004
8.465969e+002, -9.260495e-005
8.485253e+002, 1.809227e-004
8.504538e+002, 4.399031e-004
8.523823e+002, 8.185001e-004
8.543107e+002, 1.362415e-003
8.562392e+002, 1.949494e-003
8.581677e+002, 2.300583e-003
8.600961e+002, 1.386954e-003
8.620246e+002, 1.349616e-004
8.639531e+002, -7.634859e-004
8.658815e+002, -9.331023e-004
8.678100e+002, -6.718450e-004
8.697385e+002, -7.227440e-004
8.716669e+002, -6.517536e-004
8.735954e+002, -5.364614e-004
8.755239e+002, -3.288870e-004
8.774523e+002, -3.212118e-004
8.793808e+002, -4.963222e-004
8.813093e+002, -8.258051e-004
8.832377e+002, -9.853247e-004
8.851662e+002, -8.958050e-004
8.870947e+002, -5.734669e-004
8.890231e+002, -5.591490e-004
8.909516e+002, -4.156639e-004
8.928801e+002, -3.613626e-004
8.948085e+002, -2.962952e-004
8.967370e+002, -4.445536e-004
8.986655e+002, -6.014958e-004
9.005939e+002, -5.495834e-004
9.025224e+002, -2.981987e-004
9.044509e+002, -2.020894e-004
9.063793e+002, -1.261808e-004
9.083078e+002, -3.845504e-006
9.102363e+002, 2.324688e-004
9.121647e+002, 3.302172e-004
9.140932e+002, 1.858067e-004
9.160217e+002, 1.162557e-004
9.179501e+002, 3.639192e-004
9.198786e+002, 4.369019e-004
9.218071e+002, 4.871507e-004
9.237355e+002, 6.748330e-004
9.256640e+002, 5.463072e-004
9.275925e+002, 4.745901e-004
9.295209e+002, 6.239561e-004
9.314494e+002, 8.529688e-004
9.333779e+002, 7.349930e-004
9.353063e+002, 8.044644e-004
9.372348e+002, 1.154162e-003
9.391633e+002, 1.127664e-003
9.410917e+002, 1.153162e-003
9.430202e+002, 1.284885e-003
9.449487e+002, 1.283377e-003
9.468771e+002, 1.270261e-003
9.488056e+002, 1.450507e-003
9.507341e+002, 1.647438e-003
9.526625e+002, 1.742405e-003
9.545910e+002, 1.736963e-003
9.565195e+002, 1.825145e-003
9.584479e+002, 2.102541e-003
9.603764e+002, 2.238586e-003
9.623049e+002, 2.129204e-003
9.642333e+002, 2.389533e-003
9.661618e+002, 2.745683e-003
9.680903e+002, 2.859917e-003
9.700187e+002, 2.973407e-003
9.719472e+002, 3.117110e-003
9.738757e+002, 3.045730e-003
9.758041e+002, 2.923916e-003
9.777326e+002, 2.978033e-003
9.796611e+002, 3.191564e-003
9.815895e+002, 3.432130e-003
9.835180e+002, 3.725039e-003
9.854465e+002, 3.821849e-003
9.873749e+002, 3.911595e-003
9.893034e+002, 4.034264e-003
9.912319e+002, 4.112685e-003
9.931603e+002, 4.078826e-003
9.950888e+002, 4.400560e-003
9.970173e+002, 4.705226e-003
9.989457e+002, 4.828738e-003
1.000874e+003, 4.953671e-003
1.002803e+003, 4.957796e-003
1.004731e+003, 5.162505e-003
1.006660e+003, 5.610311e-003
1.008588e+003, 5.924683e-003
1.010517e+003, 5.948835e-003
1.012445e+003, 5.622049e-003
1.014373e+003, 5.427502e-003
1.016302e+003, 5.633318e-003
1.018230e+003, 5.992865e-003
1.020159e+003, 6.216484e-003
1.022087e+003, 6.334116e-003
1.024016e+003, 6.272168e-003
1.025944e+003, 6.179212e-003
1.027873e+003, 6.156186e-003
1.029801e+003, 6.386277e-003
1.031730e+003, 6.479302e-003
1.033658e+003, 6.453371e-003
1.035587e+003, 6.417143e-003
1.037515e+003, 6.478835e-003
1.039443e+003, 6.563128e-003
1.041372e+003, 6.634427e-003
1.043300e+003, 6.647140e-003
1.045229e+003, 6.565791e-003
1.047157e+003, 6.370231e-003
1.049086e+003, 6.467562e-003
1.051014e+003, 6.534082e-003
1.052943e+003, 6.568918e-003
1.054871e+003, 6.570152e-003
1.056800e+003, 6.360241e-003
1.058728e+003, 6.351223e-003
1.060657e+003, 6.226214e-003
1.062585e+003, 5.991091e-003
1.064514e+003, 5.908386e-003
1.066442e+003, 5.874110e-003
1.068370e+003, 5.843902e-003
1.070299e+003, 5.624261e-003
1.072227e+003, 5.507507e-003
1.074156e+003, 5.469178e-003
1.076084e+003, 5.427263e-003
1.078013e+003, 5.451757e-003
1.079941e+003, 5.522818e-003
1.081870e+003, 5.496156e-003
1.083798e+003, 5.533590e-003
1.085727e+003, 5.358707e-003
1.087655e+003, 5.531811e-003
1.089584e+003, 5.746657e-003
1.091512e+003, 5.507267e-003
1.093441e+003, 5.528220e-003
1.095369e+003, 5.786112e-003
1.097297e+003, 5.780943e-003
1.099226e+003, 5.696048e-003
1.101154e+003, 5.729647e-003
1.103083e+003, 5.807895e-003
1.105011e+003, 5.687505e-003
1.106940e+003, 5.698663e-003
1.108868e+003, 5.882972e-003
1.110797e+003, 5.992855e-003
1.112725e+003, 5.890526e-003
1.114654e+003, 5.764697e-003
1.116582e+003, 5.874596e-003
1.118511e+003, 6.161157e-003
1.120439e+003, 6.056681e-003
1.122368e+003, 5.864766e-003
1.124296e+003, 5.798502e-003
1.126224e+003, 5.934472e-003
1.128153e+003, 5.903579e-003
1.130081e+003, 6.243998e-003
1.132010e+003, 6.502828e-003
1.133938e+003, 6.491887e-003
1.135867e+003, 6.618669e-003
1.137795e+003, 6.776022e-003
1.139724e+003, 6.680656e-003
1.141652e+003, 6.742046e-003
1.143581e+003, 6.908718e-003
1.145509e+003, 7.013941e-003
1.147438e+003, 6.990250e-003
1.149366e+003, 6.779088e-003
1.151295e+003, 6.458457e-003
1.153223e+003, 6.397075e-003
1.155151e+003, 6.176908e-003
1.157080e+003, 6.011968e-003
1.159008e+003, 5.789625e-003
1.160937e+003, 6.002112e-003
1.162865e+003, 5.983950e-003
1.164794e+003, 5.660353e-003
1.166722e+003, 5.375887e-003
1.168651e+003, 5.148671e-003
1.170579e+003, 5.121091e-003
1.172508e+003, 5.124068e-003
1.174436e+003, 4.902604e-003
1.176365e+003, 4.949976e-003
1.178293e+003, 4.905895e-003
1.180222e+003, 4.751173e-003
1.182150e+003, 4.773939e-003
1.184078e+003, 5.018380e-003
1.186007e+003, 5.230962e-003
1.187935e+003, 5.159240e-003
1.189864e+003, 5.050359e-003
1.191792e+003, 5.233769e-003
1.193721e+003, 5.210286e-003
1.195649e+003, 5.127254e-003
1.197578e+003, 5.136480e-003
1.199506e+003, 5.281510e-003
1.201435e+003, 5.261241e-003
1.203363e+003, 5.167619e-003
1.205292e+003, 5.087671e-003
1.207220e+003, 5.139912e-003
1.209149e+003, 4.949700e-003
1.211077e+003, 4.819252e-003
1.213005e+003, 4.802932e-003
1.214934e+003, 4.757585e-003
1.216862e+003, 4.695553e-003
1.218791e+003, 4.743070e-003
1.220719e+003, 4.611609e-003
1.222648e+003, 4.441157e-003
1.224576e+003, 4.164275e-003
1.226505e+003, 3.945761e-003
1.228433e+003, 3.660043e-003
1.230362e+003, 3.364525e-003
1.232290e+003, 3.086079e-003
1.234219e+003, 2.707517e-003
1.236147e+003, 2.388768e-003
1.238076e+003, 2.073183e-003
1.240004e+003, 1.521866e-003
1.241932e+003, 9.904334e-004
1.243861e+003, 6.344265e-004
1.245789e+003, 3.407864e-004
1.247718e+003, 4.895881e-005
1.249646e+003, 4.109313e-005
1.251575e+003, -2.416230e-005
1.253503e+003, -8.534971e-005
1.255432e+003, -4.771262e-005
1.257360e+003, -1.573798e-005
1.259289e+003, -8.052608e-005
1.261217e+003, -9.151148e-005
1.263146e+003, -2.265108e-005
1.265074e+003, -8.015790e-005
1.267003e+003, 5.582685e-005
1.268931e+003, 3.407487e-004
1.270859e+003, 3.493190e-004
1.272788e+003, 4.054186e-004
1.274716e+003, 4.411782e-004
1.276645e+003, 5.234443e-004
1.278573e+003, 6.722196e-004
1.280502e+003, 9.444659e-004
1.282430e+003, 1.014394e-003
1.284359e+003, 1.152733e-003
1.286287e+003, 1.375398e-003
1.288216e+003, 1.541011e-003
1.290144e+003, 1.571243e-003
1.292073e+003, 1.550487e-003
1.294001e+003, 1.518685e-003
1.295930e+003, 1.590585e-003
1.297858e+003, 1.753973e-003
1.299786e+003, 2.007826e-003
1.301715e+003, 2.266060e-003
1.303643e+003, 2.406113e-003
1.305572e+003, 2.290780e-003
1.307500e+003, 2.286500e-003
1.309429e+003, 2.408319e-003
1.311357e+003, 2.505203e-003
1.313286e+003, 2.471002e-003
1.315214e+003, 2.740248e-003
1.317143e+003, 2.858485e-003
1.319071e+003, 2.861304e-003
1.321000e+003, 2.984056e-003
1.322928e+003, 3.085962e-003
1.324857e+003, 2.947890e-003
1.326785e+003, 2.884726e-003
1.328714e+003, 3.037604e-003
1.330642e+003, 3.283142e-003
1.332570e+003, 3.429503e-003
1.334499e+003, 3.449428e-003
1.336427e+003, 3.403082e-003
1.338356e+003, 3.301369e-003
1.340284e+003, 3.259419e-003
1.342213e+003, 3.522049e-003
1.344141e+003, 3.796202e-003
1.346070e+003, 4.006454e-003
1.347998e+003, 3.956964e-003
1.349927e+003, 3.949421e-003
1.351855e+003, 3.969555e-003
1.353784e+003, 3.892453e-003
1.355712e+003, 4.037950e-003
1.357641e+003, 4.414857e-003
1.359569e+003, 4.464281e-003
1.361497e+003, 4.259640e-003
1.363426e+003, 4.261186e-003
1.365354e+003, 4.611723e-003
1.367283e+003, 4.678358e-003
1.369211e+003, 4.746781e-003
1.371140e+003, 4.684392e-003
1.373068e+003, 4.675046e-003
1.374997e+003, 4.762497e-003
1.376925e+003, 5.080649e-003
1.378854e+003, 5.309309e-003
1.380782e+003, 5.501402e-003
1.382711e+003, 5.413825e-003
1.384639e+003, 5.390343e-003
1.386568e+003, 5.086922e-003
1.388496e+003, 5.514493e-003
1.390424e+003, 6.006144e-003
1.392353e+003, 6.000597e-003
1.394281e+003, 5.847336e-003
1.396210e+003, 6.173161e-003
1.398138e+003, 6.322175e-003
1.400067e+003, 6.662603e-003
1.401995e+003, 7.399507e-003
1.403924e+003, 7.559667e-003
1.405852e+003, 7.587321e-003
1.407781e+003, 8.064825e-003
1.409709e+003, 8.403511e-003
1.411638e+003, 8.877355e-003
1.413566e+003, 9.585827e-003
1.415495e+003, 9.850483e-003
1.417423e+003, 9.348316e-003
1.419351e+003, 9.367417e-003
1.421280e+003, 1.062455e-002
1.423208e+003, 1.152738e-002
1.425137e+003, 1.224219e-002
1.427065e+003, 1.292186e-002
1.428994e+003, 1.306589e-002
1.430922e+003, 1.350207e-002
1.432851e+003, 1.383886e-002
1.434779e+003, 1.327939e-002
1.436708e+003, 1.280088e-002
1.438636e+003, 1.373427e-002
1.440565e+003, 1.420170e-002
1.442493e+003, 1.407696e-002
1.444422e+003, 1.373904e-002
1.446350e+003, 1.338331e-002
1.448278e+003, 1.286210e-002
1.450207e+003, 1.243258e-002
1.452135e+003, 1.187808e-002
1.454064e+003, 1.122868e-002
1.455992e+003, 9.056906e-003
1.457921e+003, 8.409007e-003
1.459849e+003, 9.377608e-003
1.461778e+003, 9.359828e-003
1.463706e+003, 8.188331e-003
1.465635e+003, 7.439738e-003
1.467563e+003, 7.356616e-003
1.469492e+003, 6.759016e-003
1.471420e+003, 5.004228e-003
1.473349e+003, 3.991517e-003
1.475277e+003, 4.218677e-003
1.477205e+003, 4.430803e-003
1.479134e+003, 4.201783e-003
1.481062e+003, 3.708790e-003
1.482991e+003, 3.488160e-003
1.484919e+003, 3.004187e-003
1.486848e+003, 2.043626e-003
1.488776e+003, 1.443344e-003
1.490705e+003, 1.444180e-003
1.492633e+003, 1.901047e-003
1.494562e+003, 1.258729e-003
1.496490e+003, 2.684393e-004
1.498419e+003, 5.687446e-004
1.500347e+003, 9.216754e-004
1.502276e+003, 8.276309e-004
1.504204e+003, -5.900838e-004
1.506132e+003, -2.652974e-003
1.508061e+003, -1.791173e-003
1.509989e+003, -3.281948e-004
1.511918e+003, -1.709461e-004
1.513846e+003, 5.447541e-005
1.515775e+003, -2.137338e-004
1.517703e+003, -5.116411e-004
1.519632e+003, -1.320628e-003
1.521560e+003, -2.122512e-003
1.523489e+003, -1.018190e-003
1.525417e+003, -4.331291e-004
1.527346e+003, 1.024750e-004
1.529274e+003, 5.152936e-004
1.531203e+003, 4.244081e-004
1.533131e+003, -1.724313e-004
1.535059e+003, 9.213139e-005
1.536988e+003, -3.442673e-004
1.538916e+003, -2.602929e-003
1.540845e+003, -2.758455e-003
1.542773e+003, -1.105105e-003
1.544702e+003, 2.854682e-005
1.546630e+003, 7.933266e-004
1.548559e+003, 9.351634e-004
1.550487e+003, 8.248618e-004
1.552416e+003, 4.255968e-004
1.554344e+003, -3.015533e-004
1.556273e+003, -1.286479e-003
1.558201e+003, -3.660579e-003
1.560130e+003, -3.304181e-003
1.562058e+003, -5.605377e-004
1.563986e+003, 2.464165e-004
1.565915e+003, 4.387277e-004
1.567843e+003, 1.067713e-004
1.569772e+003, -5.111682e-004
1.571700e+003, 9.113348e-005
1.573629e+003, -1.194720e-004
1.575557e+003, -1.847339e-003
1.577486e+003, -1.195059e-003
1.579414e+003, 2.763378e-004
1.581343e+003, 3.403648e-004
1.583271e+003, 2.097231e-004
1.585200e+003, 2.090940e-004
1.587128e+003, 1.279242e-004
1.589057e+003, -3.279224e-005
1.590985e+003, -3.036659e-005
1.592913e+003, 2.439193e-005
1.594842e+003, -2.897237e-005
1.596770e+003, -1.308400e-004
1.598699e+003, -2.673527e-004
1.600627e+003, -3.145629e-004
1.602556e+003, -1.007386e-004
1.604484e+003, -1.558761e-004
1.606413e+003, -3.713203e-004
1.608341e+003, -4.839615e-004
1.610270e+003, -3.737557e-004
1.612198e+003, -2.672604e-004
1.614127e+003, -6.429964e-004
1.616055e+003, -2.238903e-003
1.617984e+003, -1.750640e-003
1.619912e+003, -3.960086e-004
1.621840e+003, -1.006349e-003
1.623769e+003, -1.533883e-003
1.625697e+003, -1.041850e-003
1.627626e+003, -8.231526e-004
1.629554e+003, -7.181921e-004
1.631483e+003, -4.964661e-004
1.633411e+003, -1.463897e-003
1.635340e+003, -2.927463e-003
1.637268e+003, -2.030744e-003
1.639197e+003, -7.257781e-004
1.641125e+003, -6.163513e-004
1.643054e+003, -1.048150e-003
1.644982e+003, -2.491122e-003
1.646911e+003, -2.830231e-003
1.648839e+003, -1.621988e-003
1.650767e+003, -2.747223e-003
1.652696e+003, -5.887035e-003
1.654624e+003, -3.930833e-003
1.656553e+003, -1.093908e-003
1.658481e+003, -6.850087e-004
1.660410e+003, -8.959080e-004
1.662338e+003, -1.311996e-003
1.664267e+003, -1.095635e-003
1.666195e+003, -7.245991e-004
1.668124e+003, -1.692750e-003
1.670052e+003, -2.224888e-003
1.671981e+003, -1.569881e-003
1.673909e+003, -1.587721e-003
1.675838e+003, -1.590079e-003
1.677766e+003, -8.291245e-004
1.679694e+003, -1.153452e-003
1.681623e+003, -1.831536e-003
1.683551e+003, -4.191168e-003
1.685480e+003, -3.875624e-003
1.687408e+003, -1.389533e-003
1.689337e+003, -7.335870e-004
1.691265e+003, -5.770833e-004
1.693194e+003, -1.091266e-003
1.695122e+003, -3.228547e-003
1.697051e+003, -3.011724e-003
1.698979e+003, -3.149011e-003
1.700908e+003, -3.261861e-003
1.702836e+003, -1.221090e-003
1.704765e+003, -1.262251e-003
1.706693e+003, -1.240454e-003
1.708621e+003, -9.440619e-004
1.710550e+003, -6.401858e-004
1.712478e+003, -6.309652e-004
1.714407e+003, -1.195350e-003
1.716335e+003, -2.589610e-003
1.718264e+003, -2.600029e-003
1.720192e+003, -7.312630e-004
1.722121e+003, -3.642922e-005
1.724049e+003, -1.831972e-006
1.725978e+003, 1.632548e-004
1.727906e+003, 1.493785e-004
1.729835e+003, -1.808941e-004
1.731763e+003, -1.296100e-003
1.733692e+003, -2.815590e-003
1.735620e+003, -1.873978e-003
1.737548e+003, -8.704516e-004
1.739477e+003, -1.248870e-003
1.741405e+003, -1.102827e-003
1.743334e+003, -1.053969e-003
1.745262e+003, -9.947105e-004
1.747191e+003, -1.249658e-003
1.749119e+003, -1.763621e-003
1.751048e+003, -2.518413e-003
1.752976e+003, -1.854912e-003
1.754905e+003, -1.404662e-003
1.756833e+003, -1.669131e-003
1.758762e+003, -1.547109e-003
1.760690e+003, -2.135097e-003
1.762619e+003, -1.946813e-003
1.764547e+003, -1.448626e-003
1.766475e+003, -1.761658e-003
1.768404e+003, -1.780511e-003
1.770332e+003, -2.031032e-003
1.772261e+003, -2.668001e-003
1.774189e+003, -1.836027e-003
1.776118e+003, -1.207072e-003
1.778046e+003, -1.494757e-003
1.779975e+003, -1.558492e-003
1.781903e+003, -1.311509e-003
1.783832e+003, -1.538516e-003
1.785760e+003, -1.586412e-003
1.787689e+003, -1.417604e-003
1.789617e+003, -1.795501e-003
1.791546e+003, -2.708572e-003
1.793474e+003, -2.468160e-003
1.795402e+003, -1.868660e-003
1.797331e+003, -1.929863e-003
1.799259e+003, -1.900138e-003
1.801188e+003, -1.903438e-003
1.803116e+003, -1.722422e-003
1.805045e+003, -1.631275e-003
1.806973e+003, -1.522127e-003
1.808902e+003, -1.649655e-003
1.810830e+003, -1.686494e-003
1.812759e+003, -1.592024e-003
1.814687e+003, -1.738509e-003
1.816616e+003, -1.979286e-003
1.818544e+003, -2.251697e-003
1.820473e+003, -2.429829e-003
1.822401e+003, -2.198581e-003
1.824329e+003, -2.282671e-003
1.826258e+003, -2.400811e-003
1.828186e+003, -2.395379e-003
1.830115e+003, -2.578741e-003
1.832043e+003, -2.376625e-003
1.833972e+003, -2.057256e-003
1.835900e+003, -2.124151e-003
1.837829e+003, -1.930990e-003
1.839757e+003, -1.696628e-003
1.841686e+003, -2.357889e-003
1.843614e+003, -3.900997e-003
1.845543e+003, -3.703664e-003
1.847471e+003, -2.761527e-003
1.849400e+003, -2.576130e-003
1.851328e+003, -2.920558e-003
1.853256e+003, -3.166252e-003
1.855185e+003, -2.675073e-003
1.857113e+003, -2.520312e-003
1.859042e+003, -2.021857e-003
1.860970e+003, -2.498191e-003
1.862899e+003, -3.212109e-003
1.864827e+003, -3.335106e-003
1.866756e+003, -3.768971e-003
1.868684e+003, -3.532795e-003
1.870613e+003, -2.682553e-003
1.872541e+003, -2.924968e-003
1.874470e+003, -3.494509e-003
1.876398e+003, -3.263809e-003
1.878327e+003, -3.228020e-003
1.880255e+003, -2.985035e-003
1.882183e+003, -2.842002e-003
1.884112e+003, -3.429773e-003
1.886040e+003, -3.389625e-003
1.887969e+003, -3.285253e-003
1.889897e+003, -3.359028e-003
1.891826e+003, -3.450849e-003
1.893754e+003, -3.213508e-003
1.895683e+003, -3.522034e-003
1.897611e+003, -3.008323e-003
1.899540e+003, -2.715131e-003
1.901468e+003, -3.240767e-003
1.903397e+003, -3.736286e-003
1.905325e+003, -3.185074e-003
1.907254e+003, -3.106315e-003
1.909182e+003, -3.663062e-003
1.911110e+003, -3.637041e-003
1.913039e+003, -3.163049e-003
1.914967e+003, -3.529483e-003
1.916896e+003, -4.187678e-003
1.918824e+003, -4.196553e-003
1.920753e+003, -3.969381e-003
1.922681e+003, -3.945891e-003
1.924610e+003, -3.771228e-003
1.926538e+003, -3.229973e-003
1.928467e+003, -2.454336e-003
1.930395e+003, -3.350601e-003
1.932324e+003, -4.110076e-003
1.934252e+003, -3.652766e-003
1.936181e+003, -3.811746e-003
1.938109e+003, -3.699609e-003
1.940037e+003, -3.133367e-003
1.941966e+003, -3.473288e-003
1.943894e+003, -3.646502e-003
1.945823e+003, -3.282479e-003
1.947751e+003, -2.206836e-003
1.949680e+003, -1.438184e-003
1.951608e+003, -2.542672e-003
1.953537e+003, -2.994528e-003
1.955465e+003, -3.343707e-003
1.957394e+003, -3.881468e-003
1.959322e+003, -4.069171e-003
1.961251e+003, -3.994269e-003
1.963179e+003, -3.951546e-003
1.965108e+003, -4.765688e-003
1.967036e+003, -4.370162e-003
1.968964e+003, -2.399504e-003
1.970893e+003, -2.906968e-003
1.972821e+003, -3.562070e-003
1.974750e+003, -2.606422e-003
1.976678e+003, -1.924917e-003
1.978607e+003, -1.326434e-003
1.980535e+003, -2.250705e-003
1.982464e+003, -3.208265e-003
1.984392e+003, -3.389131e-003
1.986321e+003, -3.260454e-003
1.988249e+003, -3.600382e-003
1.990178e+003, -3.983847e-003
1.992106e+003, -2.508421e-003
1.994035e+003, -1.814020e-003
1.995963e+003, -1.767859e-003
1.997891e+003, -1.543166e-003
1.999820e+003, -1.906571e-003
2.001748e+003, -2.767290e-003
2.003677e+003, -3.771158e-003
2.005605e+003, -4.004865e-003
2.007534e+003, -1.931158e-003
2.009462e+003, -1.080608e-003
2.011391e+003, -3.844296e-003
2.013319e+003, -2.515509e-003
2.015248e+003, -4.556370e-004
2.017176e+003, -1.547311e-003
2.019105e+003, -3.420508e-003
2.021033e+003, -2.497172e-003
2.022962e+003, -2.184046e-003
2.024890e+003, -3.501773e-003
2.026818e+003, -3.666523e-003
2.028747e+003, -2.162479e-003
2.030675e+003, -2.280618e-003
2.032604e+003, -3.067101e-003
2.034532e+003, -2.962746e-003
2.036461e+003, -3.314419e-003
2.038389e+003, -4.413121e-003
2.040318e+003, -3.058571e-003
2.042246e+003, -3.609016e-003
2.044175e+003, -3.203212e-003
2.046103e+003, -1.942215e-003
2.048031e+003, -1.997343e-003
2.049960e+003, -1.408379e-003
2.051888e+003, -2.605156e-003
2.053817e+003, -3.532785e-003
2.055745e+003, -3.063795e-003
2.057674e+003, -2.034835e-003
2.059602e+003, -2.425870e-003
2.061531e+003, -3.931788e-003
2.063459e+003, -4.199651e-003
2.065388e+003, -3.499114e-003
2.067316e+003, -3.209699e-003
2.069245e+003, -2.482454e-003
2.071173e+003, -1.646723e-003
2.073102e+003, -2.302005e-003
2.075030e+003, -2.076697e-003
2.076958e+003, -2.127496e-003
2.078887e+003, -1.979722e-003
2.080815e+003, -1.623987e-003
2.082744e+003, -2.193262e-003
2.084672e+003, -1.989928e-003
2.086601e+003, -2.087390e-003
2.088529e+003, -2.697889e-003
2.090458e+003, -3.002111e-003
2.092386e+003, -2.858363e-003
2.094315e+003, -2.496124e-003
2.096243e+003, -2.268836e-003
2.098172e+003, -2.112171e-003
2.100100e+003, -2.398119e-003
2.102029e+003, -2.593296e-003
2.103957e+003, -2.749894e-003
2.105885e+003, -2.520869e-003
2.107814e+003, -2.136374e-003
2.109742e+003, -2.009135e-003
2.111671e+003, -2.402155e-003
2.113599e+003, -3.059639e-003
2.115528e+003, -2.667163e-003
2.117456e+003, -2.703439e-003
2.119385e+003, -3.627730e-003
2.121313e+003, -2.828348e-003
2.123242e+003, -2.074485e-003
2.125170e+003, -3.260395e-003
2.127099e+003, -3.489384e-003
2.129027e+003, -2.070544e-003
2.130956e+003, -2.376553e-003
2.132884e+003, -4.172551e-003
2.134813e+003, -5.308619e-003
2.136741e+003, -4.024292e-003
2.138669e+003, -2.024362e-003
2.140598e+003, -2.307768e-003
2.142526e+003, -3.715511e-003
2.144455e+003, -4.003850e-003
2.146383e+003, -3.581539e-003
2.148312e+003, -3.634773e-003
2.150240e+003, -4.685226e-003
2.152169e+003, -4.890488e-003
2.154097e+003, -2.677546e-003
2.156026e+003, -2.598648e-003
2.157954e+003, -2.427056e-003
2.159883e+003, -6.102230e-004
2.161811e+003, -1.155308e-003
2.163740e+003, -1.547961e-003
2.165668e+003, -3.313608e-004
2.167596e+003, -1.463201e-005
2.169525e+003, 4.911353e-004
2.171453e+003, -6.546834e-004
2.173382e+003, -4.593851e-004
2.175310e+003, -3.704056e-005
2.177239e+003, -1.912992e-003
2.179167e+003, -3.388247e-003
2.181096e+003, -3.483628e-003
2.183024e+003, -1.552633e-003
2.184953e+003, -1.194070e-003
2.186881e+003, -2.781376e-003
2.188810e+003, -2.128015e-003
2.190738e+003, -1.168109e-003
2.192667e+003, -1.465916e-003
2.194595e+003, -1.916944e-003
2.196523e+003, -1.338721e-003
2.198452e+003, -1.636810e-003
2.200380e+003, -3.230651e-003
2.202309e+003, -2.708359e-003
2.204237e+003, -1.511848e-003
2.206166e+003, -1.107702e-003
2.208094e+003, -1.144534e-003
2.210023e+003, -6.062794e-004
2.211951e+003, -1.052720e-004
2.213880e+003, 5.664574e-004
2.215808e+003, 2.709967e-004
2.217737e+003, -1.083014e-003
2.219665e+003, -1.434288e-003
2.221594e+003, -1.485127e-003
2.223522e+003, -2.336012e-003
2.225450e+003, -2.268889e-003
2.227379e+003, -4.768702e-004
2.229307e+003, -2.894271e-005
2.231236e+003, -1.884259e-004
2.233164e+003, -8.480668e-004
2.235093e+003, -5.667433e-004
2.237021e+003, -1.207478e-004
2.238950e+003, -3.440217e-004
2.240878e+003, 7.393113e-004
2.242807e+003, 1.325047e-003
2.244735e+003, 1.047350e-003
2.246664e+003, 3.804965e-004
2.248592e+003, -4.979433e-005
2.250521e+003, -7.456928e-004
2.252449e+003, -1.049334e-003
2.254377e+003, -6.767081e-004
2.256306e+003, -5.625943e-004
2.258234e+003, -1.371365e-003
2.260163e+003, -1.190901e-003
2.262091e+003, -8.432767e-004
2.264020e+003, -6.821330e-004
2.265948e+003, -1.406064e-003
2.267877e+003, -1.448619e-003
2.269805e+003, -4.361903e-004
2.271734e+003, 1.326832e-005
2.273662e+003, 2.948663e-004
2.275591e+003, 5.133317e-004
2.277519e+003, 1.903892e-004
2.279448e+003, 2.867214e-004
2.281376e+003, 4.170078e-004
2.283304e+003, -5.171332e-005
2.285233e+003, 1.361305e-004
2.287161e+003, 5.355523e-004
2.289090e+003, 4.442639e-004
2.291018e+003, 4.291321e-004
2.292947e+003, 5.423488e-004
2.294875e+003, 7.980749e-004
2.296804e+003, 2.729334e-004
2.298732e+003, -3.612218e-005
2.300661e+003, 2.853016e-004
2.302589e+003, 6.297454e-004
2.304518e+003, 5.038125e-004
2.306446e+003, 7.340939e-006
2.308375e+003, -3.263021e-004
2.310303e+003, 4.303860e-005
2.312231e+003, 5.424953e-004
2.314160e+003, 8.388845e-004
2.316088e+003, 9.732615e-004
2.318017e+003, 1.107670e-003
2.319945e+003, 1.261902e-003
2.321874e+003, 1.722572e-003
2.323802e+003, 2.186912e-003
2.325731e+003, 1.651870e-003
2.327659e+003, 1.049441e-003
2.329588e+003, 7.510844e-004
2.331516e+003, 5.134382e-004
2.333445e+003, 6.862978e-004
2.335373e+003, 8.102871e-004
2.337302e+003, 8.570608e-004
2.339230e+003, 9.067004e-004
2.341158e+003, 5.689626e-004
2.343087e+003, 5.393421e-004
2.345015e+003, 4.880088e-004
2.346944e+003, 5.624866e-004
2.348872e+003, 3.424503e-004
2.350801e+003, 5.688931e-004
2.352729e+003, 7.167852e-004
2.354658e+003, 4.350423e-004
2.356586e+003, 5.775113e-004
2.358515e+003, 5.802894e-004
2.360443e+003, 4.545339e-004
2.362372e+003, 9.291884e-004
2.364300e+003, 1.102853e-003
2.366229e+003, 6.915202e-004
2.368157e+003, 6.941670e-004
2.370085e+003, 3.163554e-004
2.372014e+003, 4.545709e-004
2.373942e+003, 9.513255e-004
2.375871e+003, 6.919212e-004
2.377799e+003, -6.180050e-005
2.379728e+003, -4.532563e-004
2.381656e+003, -2.974394e-004
2.383585e+003, 2.073482e-005
2.385513e+003, 1.087017e-004
2.387442e+003, 3.705660e-004
2.389370e+003, 5.568175e-004
2.391299e+003, 1.977763e-004
2.393227e+003, 2.628853e-004
2.395156e+003, 2.812889e-004
2.397084e+003, -4.848191e-004
2.399012e+003, -5.979919e-004
2.400941e+003, -9.725939e-004
2.402869e+003, -1.531405e-003
2.404798e+003, -1.244836e-003
2.406726e+003, -4.543053e-004
2.408655e+003, 1.430580e-004
2.410583e+003, 3.375394e-004
2.412512e+003, 1.762471e-004
2.414440e+003, 4.077963e-004
2.416369e+003, 3.480560e-004
2.418297e+003, -4.506208e-004
2.420226e+003, -6.931599e-004
2.422154e+003, -1.727753e-004
2.424083e+003, -1.867515e-004
2.426011e+003, -3.718990e-004
2.427939e+003, -6.645527e-004
2.429868e+003, -2.919907e-004
2.431796e+003, 6.869252e-005
2.433725e+003, -4.860342e-004
2.435653e+003, -2.936605e-004
2.437582e+003, -1.194787e-004
2.439510e+003, -7.369278e-004
2.441439e+003, -6.633912e-004
2.443367e+003, 1.288065e-004
2.445296e+003, 3.507097e-004
2.447224e+003, -1.415203e-004
2.449153e+003, 1.091620e-004
2.451081e+003, -2.982541e-004
2.453010e+003, -5.510214e-004
2.454938e+003, -4.223428e-004
2.456866e+003, -3.909844e-004
2.458795e+003, -1.677364e-004
2.460723e+003, -4.868877e-004
2.462652e+003, -7.424724e-004
2.464580e+003, -1.341508e-004
2.466509e+003, 1.674992e-004
2.468437e+003, 5.419299e-004
2.470366e+003, 2.278031e-004
2.472294e+003, -7.100587e-004
2.474223e+003, -6.058370e-004
2.476151e+003, -3.161904e-004
2.478080e+003, -4.371898e-004
2.480008e+003, -2.440103e-004
2.481937e+003, 1.129153e-004
2.483865e+003, 1.000524e-004
2.485793e+003, -4.095458e-004
2.487722e+003, -2.667490e-004
2.489650e+003, 5.366192e-005
2.491579e+003, 5.192099e-004
2.493507e+003, 8.148724e-004
2.495436e+003, 6.099910e-004
2.497364e+003, 6.346395e-004
2.499293e+003, 3.081160e-004
2.501221e+003, 2.102632e-004
2.503150e+003, 5.209110e-004
2.505078e+003, -1.611642e-004
2.507007e+003, -2.566771e-004
2.508935e+003, 3.647592e-004
2.510864e+003, 3.374328e-004
2.512792e+003, -1.523886e-004
2.514720e+003, 2.584600e-004
2.516649e+003, 4.146239e-004
2.518577e+003, -1.554602e-004
2.520506e+003, -2.572606e-004
2.522434e+003, 7.701238e-005
2.524363e+003, 1.667151e-004
2.526291e+003, 2.472540e-004
2.528220e+003, 6.728846e-004
2.530148e+003, 9.402829e-004
2.532077e+003, 4.360782e-004
2.534005e+003, -2.737207e-004
2.535934e+003, 7.315267e-005
2.537862e+003, 1.121379e-003
2.539791e+003, 9.691692e-004
2.541719e+003, 3.093859e-004
2.543647e+003, -7.153655e-005
2.545576e+003, 1.533181e-004
2.547504e+003, 5.226823e-004
2.549433e+003, 5.255967e-004
2.551361e+003, 3.922569e-004
2.553290e+003, 5.625943e-004
2.555218e+003, 1.471787e-004
2.557147e+003, 3.220118e-005
2.559075e+003, 3.037811e-004
2.561004e+003, 7.932578e-004
2.562932e+003, 1.124924e-003
2.564861e+003, 1.382404e-003
2.566789e+003, 1.287776e-003
2.568718e+003, 1.275452e-003
2.570646e+003, 1.070372e-003
2.572574e+003, 8.932444e-004
2.574503e+003, 1.195049e-003
2.576431e+003, 1.377755e-003
2.578360e+003, 1.685774e-003
2.580288e+003, 1.834012e-003
2.582217e+003, 1.635706e-003
2.584145e+003, 1.608029e-003
2.586074e+003, 1.455289e-003
2.588002e+003, 1.430502e-003
2.589931e+003, 1.596290e-003
2.591859e+003, 1.915370e-003
2.593788e+003, 1.683658e-003
2.595716e+003, 1.399890e-003
2.597645e+003, 1.870630e-003
2.599573e+003, 1.812852e-003
2.601501e+003, 1.515301e-003
2.603430e+003, 1.823253e-003
2.605358e+003, 1.514068e-003
2.607287e+003, 1.607478e-003
2.609215e+003, 2.179051e-003
2.611144e+003, 2.558947e-003
2.613072e+003, 2.352392e-003
2.615001e+003, 2.441299e-003
2.616929e+003, 2.497982e-003
2.618858e+003, 2.789502e-003
2.620786e+003, 2.852326e-003
2.622715e+003, 2.889945e-003
2.624643e+003, 3.216140e-003
2.626572e+003, 3.740156e-003
2.628500e+003, 3.752077e-003
2.630428e+003, 3.443684e-003
2.632357e+003, 3.231881e-003
2.634285e+003, 3.365989e-003
2.636214e+003, 3.455984e-003
2.638142e+003, 3.574556e-003
2.640071e+003, 4.048722e-003
2.641999e+003, 4.210108e-003
2.643928e+003, 3.530161e-003
2.645856e+003, 3.208812e-003
2.647785e+003, 3.468717e-003
2.649713e+003, 3.887115e-003
2.651642e+003, 3.883168e-003
2.653570e+003, 4.116871e-003
2.655499e+003, 4.014068e-003
2.657427e+003, 4.142333e-003
2.659355e+003, 3.937965e-003
2.661284e+003, 3.752791e-003
2.663212e+003, 3.796293e-003
2.665141e+003, 4.030026e-003
2.667069e+003, 3.796348e-003
2.668998e+003, 3.605100e-003
2.670926e+003, 3.411565e-003
2.672855e+003, 3.290190e-003
2.674783e+003, 3.393843e-003
2.676712e+003, 3.655313e-003
2.678640e+003, 3.365479e-003
2.680569e+003, 3.165981e-003
2.682497e+003, 3.378383e-003
2.684426e+003, 3.896423e-003
2.686354e+003, 4.208164e-003
2.688282e+003, 4.079526e-003
2.690211e+003, 3.974477e-003
2.692139e+003, 3.923569e-003
2.694068e+003, 3.908987e-003
2.695996e+003, 3.474080e-003
2.697925e+003, 3.384554e-003
2.699853e+003, 3.774135e-003
2.701782e+003, 4.031142e-003
2.703710e+003, 4.353012e-003
2.705639e+003, 3.851097e-003
2.707567e+003, 3.219743e-003
2.709496e+003, 3.372363e-003
2.711424e+003, 3.851627e-003
2.713353e+003, 4.060417e-003
2.715281e+003, 3.790943e-003
2.717209e+003, 3.727048e-003
2.719138e+003, 3.842523e-003
2.721066e+003, 3.773885e-003
2.722995e+003, 3.808675e-003
2.724923e+003, 3.708595e-003
2.726852e+003, 3.353431e-003
2.728780e+003, 3.407107e-003
2.730709e+003, 3.726398e-003
2.732637e+003, 3.536587e-003
2.734566e+003, 3.528779e-003
2.736494e+003, 3.571693e-003
2.738423e+003, 3.868461e-003
2.740351e+003, 3.771633e-003
2.742280e+003, 3.838010e-003
2.744208e+003, 4.115079e-003
2.746136e+003, 3.821752e-003
2.748065e+003, 3.614077e-003
2.749993e+003, 3.996877e-003
2.751922e+003, 3.753924e-003
2.753850e+003, 3.230545e-003
2.755779e+003, 3.222103e-003
2.757707e+003, 3.216936e-003
2.759636e+003, 3.210386e-003
2.761564e+003, 3.669914e-003
2.763493e+003, 3.725888e-003
2.765421e+003, 3.437883e-003
2.767350e+003, 3.314433e-003
2.769278e+003, 3.540081e-003
2.771207e+003, 4.019823e-003
2.773135e+003, 3.937294e-003
2.775063e+003, 3.988879e-003
2.776992e+003, 4.028388e-003
2.778920e+003, 4.073585e-003
2.780849e+003, 4.424953e-003
2.782777e+003, 3.925223e-003
2.784706e+003, 3.725990e-003
2.786634e+003, 3.766031e-003
2.788563e+003, 3.847896e-003
2.790491e+003, 3.474871e-003
2.792420e+003, 3.386944e-003
2.794348e+003, 3.532614e-003
2.796277e+003, 3.700530e-003
2.798205e+003, 3.617600e-003
2.800134e+003, 3.449297e-003
2.802062e+003, 3.116998e-003
2.803990e+003, 3.102859e-003
2.805919e+003, 3.163608e-003
2.807847e+003, 3.444821e-003
2.809776e+003, 3.157429e-003
2.811704e+003, 3.082466e-003
2.813633e+003, 3.028543e-003
2.815561e+003, 3.308551e-003
2.817490e+003, 3.570049e-003
2.819418e+003, 3.546518e-003
2.821347e+003, 3.796182e-003
2.823275e+003, 3.587724e-003
2.825204e+003, 3.178224e-003
2.827132e+003, 3.502240e-003
2.829061e+003, 3.644711e-003
2.830989e+003, 3.481274e-003
2.832917e+003, 3.814683e-003
2.834846e+003, 4.305874e-003
2.836774e+003, 4.185298e-003
2.838703e+003, 4.111942e-003
2.840631e+003, 3.811588e-003
2.842560e+003, 3.276587e-003
2.844488e+003, 2.876331e-003
2.846417e+003, 2.921871e-003
2.848345e+003, 2.957291e-003
2.850274e+003, 3.245109e-003
2.852202e+003, 3.355152e-003
2.854131e+003, 3.150207e-003
2.856059e+003, 3.012046e-003
2.857988e+003, 3.180785e-003
2.859916e+003, 2.919740e-003
2.861844e+003, 2.713525e-003
2.863773e+003, 2.774450e-003
2.865701e+003, 2.787208e-003
2.867630e+003, 2.870473e-003
2.869558e+003, 3.086417e-003
2.871487e+003, 3.008909e-003
2.873415e+003, 3.217780e-003
2.875344e+003, 3.005627e-003
2.877272e+003, 2.838753e-003
2.879201e+003, 2.657674e-003
2.881129e+003, 2.529528e-003
2.883058e+003, 2.472005e-003
2.884986e+003, 2.557371e-003
2.886915e+003, 2.452270e-003
2.888843e+003, 2.201224e-003
2.890771e+003, 2.004896e-003
2.892700e+003, 1.907800e-003
2.894628e+003, 2.124525e-003
2.896557e+003, 2.633887e-003
2.898485e+003, 2.738121e-003
2.900414e+003, 2.740742e-003
2.902342e+003, 2.271353e-003
2.904271e+003, 2.392866e-003
2.906199e+003, 2.341376e-003
2.908128e+003, 2.079463e-003
2.910056e+003, 2.171143e-003
2.911985e+003, 2.830639e-003
2.913913e+003, 2.628837e-003
2.915842e+003, 2.164735e-003
2.917770e+003, 2.548116e-003
2.919698e+003, 2.361166e-003
2.921627e+003, 2.195430e-003
2.923555e+003, 2.462900e-003
2.925484e+003, 2.514994e-003
2.927412e+003, 1.804211e-003
2.929341e+003, 1.388655e-003
2.931269e+003, 1.819343e-003
2.933198e+003, 2.179872e-003
2.935126e+003, 1.962854e-003
2.937055e+003, 1.236874e-003
2.938983e+003, 8.668717e-004
2.940912e+003, 1.295267e-003
2.942840e+003, 1.905776e-003
2.944769e+003, 1.722161e-003
2.946697e+003, 1.757994e-003
2.948625e+003, 1.991240e-003
2.950554e+003, 2.220781e-003
2.952482e+003, 1.773142e-003
2.954411e+003, 1.716767e-003
2.956339e+003, 1.509825e-003
2.958268e+003, 8.349136e-004
2.960196e+003, 5.938396e-004
2.962125e+003, 4.559298e-004
2.964053e+003, 7.817606e-004
2.965982e+003, 1.203412e-003
2.967910e+003, 1.451857e-003
2.969839e+003, 1.193839e-003
2.971767e+003, 3.259399e-004
2.973696e+003, -1.482095e-004
2.975624e+003, -8.836205e-005
2.977552e+003, 2.597053e-004
2.979481e+003, 6.895541e-004
2.981409e+003, 5.015561e-004
2.983338e+003, -2.549865e-005
2.985266e+003, -2.824172e-005
2.987195e+003, 3.565653e-004
2.989123e+003, 3.905573e-004
2.991052e+003, 3.739123e-004
2.992980e+003, 2.287395e-004
2.994909e+003, -3.220426e-004
2.996837e+003, -6.987585e-005
2.998766e+003, 5.210619e-004
3.000694e+003, 3.009039e-004
3.002623e+003, 2.882271e-004
3.004551e+003, 5.954811e-004
3.006479e+003, 4.659551e-004
3.008408e+003, -1.515014e-006
3.010336e+003, -3.341251e-004
3.012265e+003, 1.361633e-004
3.014193e+003, 1.040226e-003
3.016122e+003, 4.025084e-004
3.018050e+003, -1.941379e-004
3.019979e+003, 2.707203e-004
3.021907e+003, 5.434839e-004
3.023836e+003, 8.415576e-004
3.025764e+003, 2.992380e-004
3.027693e+003, -6.640013e-005
3.029621e+003, 4.959876e-004
3.031550e+003, 1.343689e-003
3.033478e+003, 9.770222e-004
3.035406e+003, 1.911290e-004
3.037335e+003, 6.007046e-005
3.039263e+003, 2.345582e-004
3.041192e+003, 6.434069e-004
3.043120e+003, 4.826989e-004
3.045049e+003, -8.199109e-006
3.046977e+003, -2.854826e-004
3.048906e+003, 1.361497e-004
3.050834e+003, 2.386116e-004
3.052763e+003, 6.373440e-004
3.054691e+003, 5.005272e-004
3.056620e+003, -2.912695e-004
3.058548e+003, -3.425418e-004
3.060477e+003, 4.194320e-005
3.062405e+003, 8.103565e-004
3.064333e+003, 4.353967e-004
3.066262e+003, -1.425124e-004
3.068190e+003, -1.125785e-004
3.070119e+003, -3.203860e-005
3.072047e+003, 3.444959e-004
3.073976e+003, 3.952208e-004
3.075904e+003, 5.004618e-004
3.077833e+003, 3.498250e-004
3.079761e+003, -4.820191e-006
3.081690e+003, 1.005587e-004
3.083618e+003, 5.452637e-004
3.085547e+003, 1.057567e-003
3.087475e+003, 5.213920e-004
3.089404e+003, 3.171122e-004
3.091332e+003, 3.533230e-005
3.093260e+003, -4.578907e-004
3.095189e+003, -6.822565e-004
3.097117e+003, -1.383390e-004
3.099046e+003, 1.906695e-005
3.100974e+003, 2.503106e-004
3.102903e+003, 1.918629e-005
3.104831e+003, 2.791520e-005
3.106760e+003, 5.572349e-004
3.108688e+003, 2.516156e-004
3.110617e+003, -5.803870e-004
3.112545e+003, -2.085454e-004
3.114474e+003, 7.293552e-004
3.116402e+003, 1.034382e-003
3.118331e+003, 1.410419e-003
3.120259e+003, 1.162286e-003
3.122188e+003, 3.098396e-004
3.124116e+003, -3.396999e-004
3.126044e+003, -6.769880e-004
3.127973e+003, -7.482254e-004
3.129901e+003, -1.040284e-003
3.131830e+003, -8.218810e-004
3.133758e+003, 1.254821e-004
3.135687e+003, 1.536108e-004
3.137615e+003, -5.999794e-004
3.139544e+003, -1.135461e-004
3.141472e+003, 3.474329e-004
3.143401e+003, 3.635843e-005
3.145329e+003, -2.336903e-004
3.147258e+003, -5.935294e-004
3.149186e+003, -3.031476e-004
3.151115e+003, 5.314882e-004
3.153043e+003, 1.508039e-004
3.154971e+003, -1.824919e-004
3.156900e+003, 2.993687e-004
3.158828e+003, 4.423252e-004
3.160757e+003, 4.808859e-004
3.162685e+003, 8.652507e-004
3.164614e+003, 7.033627e-004
3.166542e+003, 3.881452e-004
3.168471e+003, 3.966956e-004
3.170399e+003, 1.315883e-004
3.172328e+003, -1.610576e-004
3.174256e+003, 9.455895e-004
3.176185e+003, 1.733120e-003
3.178113e+003, 1.130016e-003
3.180042e+003, 2.087297e-004
3.181970e+003, 1.289382e-004
3.183898e+003, 9.300939e-004
3.185827e+003, 1.217704e-003
3.187755e+003, 1.047955e-003
3.189684e+003, 9.464053e-004
3.191612e+003, 1.099694e-003
3.193541e+003, 7.706255e-004
3.195469e+003, 1.423367e-004
3.197398e+003, 1.063226e-004
3.199326e+003, 6.284667e-004
3.201255e+003, 1.075094e-003
3.203183e+003, 1.263833e-003
3.205112e+003, 9.326398e-004
3.207040e+003, 5.729828e-004
3.208969e+003, 8.126267e-004
3.210897e+003, -1.285624e-005
3.212825e+003, -1.173836e-003
3.214754e+003, -6.311187e-004
3.216682e+003, 9.154191e-004
3.218611e+003, 1.148406e-003
3.220539e+003, 5.280328e-004
3.222468e+003, -2.537893e-004
3.224396e+003, -5.950805e-004
3.226325e+003, -3.843573e-004
3.228253e+003, 2.308300e-004
3.230182e+003, 3.533541e-005
3.232110e+003, -2.708886e-005
3.234039e+003, -1.073429e-004
3.235967e+003, -1.872357e-004
3.237896e+003, 1.908699e-004
3.239824e+003, 3.952183e-004
3.241752e+003, -8.188061e-006
3.243681e+003, 1.929720e-004
3.245609e+003, 3.338846e-004
3.247538e+003, 3.145024e-004
3.249466e+003, 8.862329e-005
3.251395e+003, 2.971663e-004
3.253323e+003, 6.717606e-005
3.255252e+003, -3.585409e-005
3.257180e+003, -2.935191e-004
3.259109e+003, 2.053446e-004
3.261037e+003, 1.539984e-004
3.262966e+003, -3.036730e-004
3.264894e+003, -2.964797e-005
3.266823e+003, 2.392883e-004
3.268751e+003, -9.531390e-005
3.270679e+003, 1.427716e-004
3.272608e+003, 3.164584e-004
3.274536e+003, -1.162582e-004
3.276465e+003, -7.230254e-004
3.278393e+003, -8.437029e-004
3.280322e+003, -4.139967e-004
3.282250e+003, -6.590319e-004
3.284179e+003, -3.990413e-004
3.286107e+003, -3.561804e-004
3.288036e+003, -9.419309e-004
3.289964e+003, -3.875963e-004
3.291893e+003, -4.560575e-005
3.293821e+003, -4.850897e-004
3.295750e+003, 8.029034e-005
3.297678e+003, 4.642754e-004
3.299606e+003, 2.812299e-004
3.301535e+003, 2.141163e-004
3.303463e+003, 3.191469e-004
3.305392e+003, 2.187731e-004
3.307320e+003, -2.496219e-004
3.309249e+003, -9.547939e-004
3.311177e+003, -1.562002e-003
3.313106e+003, -1.355110e-003
3.315034e+003, -1.062031e-003
3.316963e+003, -5.650661e-004
3.318891e+003, -5.904872e-005
3.320820e+003, -1.999904e-005
3.322748e+003, -1.557876e-004
3.324677e+003, 3.031219e-004
3.326605e+003, 9.203230e-004
3.328533e+003, 1.085225e-003
3.330462e+003, 1.364981e-003
3.332390e+003, 9.999047e-004
3.334319e+003, 1.799121e-004
3.336247e+003, 2.217507e-004
3.338176e+003, -3.233520e-004
3.340104e+003, -7.694992e-004
3.342033e+003, 3.592230e-004
3.343961e+003, 1.029626e-003
3.345890e+003, 6.868936e-004
3.347818e+003, 5.871658e-004
3.349747e+003, -6.869957e-005
3.351675e+003, 5.819569e-004
3.353604e+003, 7.407082e-004
3.355532e+003, 3.916720e-004
3.357460e+003, 4.055760e-005
3.359389e+003, -9.848007e-004
3.361317e+003, -1.511050e-003
3.363246e+003, -1.930451e-004
3.365174e+003, 7.171488e-004
3.367103e+003, 3.050170e-004
3.369031e+003, 5.725750e-004
3.370960e+003, 4.608786e-004
3.372888e+003, -2.192714e-004
3.374817e+003, -4.082387e-004
3.376745e+003, -9.271965e-004
3.378674e+003, -1.153281e-003
3.380602e+003, -2.194108e-004
3.382531e+003, 4.625328e-004
3.384459e+003, 4.223757e-004
3.386387e+003, 1.597448e-004
3.388316e+003, -4.628469e-005
3.390244e+003, -1.609089e-004
3.392173e+003, 5.302841e-004
3.394101e+003, 6.914249e-004
3.396030e+003, -3.211803e-004
3.397958e+003, -7.114441e-004
3.399887e+003, 2.308828e-004
3.401815e+003, 8.200966e-004
3.403744e+003, 7.304878e-004
3.405672e+003, 6.314177e-004
3.407601e+003, 3.884986e-004
3.409529e+003, -3.487435e-004
3.411458e+003, 4.025150e-005
3.413386e+003, 1.660684e-003
3.415314e+003, 9.124795e-004
3.417243e+003, -1.142165e-004
3.419171e+003, 7.633256e-004
3.421100e+003, 1.394195e-003
3.423028e+003, 3.967826e-004
3.424957e+003, -9.678554e-005
3.426885e+003, 2.456195e-004
3.428814e+003, 8.789113e-004
3.430742e+003, 7.104447e-004
3.432671e+003, -5.459983e-005
3.434599e+003, -4.059762e-004
3.436528e+003, 8.088615e-005
3.438456e+003, 4.119697e-005
3.440385e+003, 6.418298e-004
3.442313e+003, 1.793350e-003
3.444241e+003, 6.766865e-004
3.446170e+003, -8.574295e-004
3.448098e+003, -4.565462e-004
3.450027e+003, 2.834039e-004
3.451955e+003, -5.625019e-004
3.453884e+003, -1.161045e-003
3.455812e+003, -1.947006e-005
3.457741e+003, 1.553454e-004
3.459669e+003, 6.689579e-004
3.461598e+003, 1.581460e-003
3.463526e+003, 1.608150e-003
3.465455e+003, 1.779674e-003
3.467383e+003, 1.906491e-003
3.469312e+003, 1.584103e-003
3.471240e+003, 1.435309e-003
3.473168e+003, 8.830257e-004
3.475097e+003, 6.118297e-004
3.477025e+003, 2.303462e-004
3.478954e+003, 1.618867e-004
3.480882e+003, 1.397583e-003
3.482811e+003, 1.920982e-003
3.484739e+003, 1.663609e-003
3.486668e+003, 1.769406e-003
3.488596e+003, 2.006289e-003
3.490525e+003, 1.676393e-003
3.492453e+003, 8.266761e-004
3.494382e+003, 9.649254e-004
3.496310e+003, 1.730863e-003
3.498239e+003, 9.948430e-004
3.500167e+003, 1.369145e-004
3.502095e+003, 6.360877e-004
3.504024e+003, 6.227517e-004
3.505952e+003, 1.083058e-003
3.507881e+003, 4.240125e-004
3.509809e+003, 4.870162e-004
3.511738e+003, 1.160285e-003
3.513666e+003, 1.025769e-003
3.515595e+003, 1.177727e-003
3.517523e+003, 8.934881e-004
3.519452e+003, 8.081375e-004
3.521380e+003, 3.856637e-004
3.523309e+003, 5.295179e-004
3.525237e+003, 7.759504e-004
3.527166e+003, 1.294435e-003
3.529094e+003, 1.295830e-003
3.531022e+003, 6.166565e-004
3.532951e+003, 7.955206e-004
3.534879e+003, 1.120113e-003
3.536808e+003, 1.260737e-003
3.538736e+003, 1.015115e-003
3.540665e+003, 9.978360e-004
3.542593e+003, 1.250522e-003
3.544522e+003, 1.726976e-003
3.546450e+003, 1.678033e-003
3.548379e+003, 1.057269e-003
3.550307e+003, 9.244083e-004
3.552236e+003, 1.478643e-003
3.554164e+003, 9.759410e-004
3.556093e+003, 6.221259e-004
3.558021e+003, 3.486046e-004
3.559949e+003, -1.482931e-004
3.561878e+003, 1.212914e-003
3.563806e+003, 2.184917e-003
3.565735e+003, 1.956430e-003
3.567663e+003, 1.449492e-003
3.569592e+003, 6.309602e-004
3.571520e+003, 8.336421e-004
3.573449e+003, 3.484305e-004
3.575377e+003, -2.898187e-004
3.577306e+003, -4.887073e-004
3.579234e+003, 5.366909e-004
3.581163e+003, 6.955273e-004
3.583091e+003, 1.495248e-003
3.585020e+003, 1.795265e-003
3.586948e+003, 4.978532e-004
3.588876e+003, 8.336251e-004
3.590805e+003, 2.598311e-003
3.592733e+003, 3.374375e-003
3.594662e+003, 2.777999e-003
3.596590e+003, 1.510615e-003
3.598519e+003, 1.988432e-003
3.600447e+003, 2.033288e-003
3.602376e+003, 2.112598e-003
3.604304e+003, 6.601542e-004
3.606233e+003, 1.775078e-003
3.608161e+003, 3.175029e-003
3.610090e+003, 2.163655e-003
3.612018e+003, 9.464151e-004
3.613947e+003, 8.810979e-004
3.615875e+003, 7.405963e-004
3.617803e+003, 6.347573e-004
3.619732e+003, 1.740872e-003
3.621660e+003, 1.560382e-003
3.623589e+003, 1.406947e-003
3.625517e+003, 1.456600e-003
3.627446e+003, 1.669460e-003
3.629374e+003, 3.004862e-003
3.631303e+003, 3.638677e-003
3.633231e+003, 1.711678e-003
3.635160e+003, 5.145537e-004
3.637088e+003, 1.437041e-003
3.639017e+003, 2.082964e-003
3.640945e+003, 2.736335e-003
3.642874e+003, 2.132599e-003
3.644802e+003, 9.244331e-004
3.646730e+003, 8.552223e-004
3.648659e+003, 9.251461e-004
3.650587e+003, 6.807066e-004
3.652516e+003, 9.051378e-004
3.654444e+003, 2.144822e-003
3.656373e+003, 3.048472e-003
3.658301e+003, 2.563047e-003
3.660230e+003, 2.007763e-003
3.662158e+003, 1.792822e-003
3.664087e+003, 2.157758e-003
3.666015e+003, 2.657514e-003
3.667944e+003, 2.343500e-003
3.669872e+003, 1.355483e-003
3.671801e+003, 5.118024e-004
3.673729e+003, 1.083690e-003
3.675657e+003, 2.914678e-004
3.677586e+003, 4.281283e-004
3.679514e+003, 2.795618e-003
3.681443e+003, 4.421227e-003
3.683371e+003, 3.118236e-003
3.685300e+003, 2.189229e-003
3.687228e+003, 1.113123e-003
3.689157e+003, 1.252546e-003
3.691085e+003, 3.755829e-003
3.693014e+003, 5.689250e-003
3.694942e+003, 3.738858e-003
3.696871e+003, 1.989227e-003
3.698799e+003, 1.869614e-003
3.700728e+003, 1.656462e-003
3.702656e+003, 1.397897e-003
3.704584e+003, 1.411107e-003
3.706513e+003, 2.086880e-003
3.708441e+003, 2.080393e-003
3.710370e+003, 2.081500e-003
3.712298e+003, 1.608570e-003
3.714227e+003, 2.706962e-003
3.716155e+003, 3.094894e-003
3.718084e+003, 2.033842e-003
3.720012e+003, 2.213722e-003
3.721941e+003, 3.271106e-003
3.723869e+003, 3.958192e-003
3.725798e+003, 3.624766e-003
3.727726e+003, 2.554525e-003
3.729655e+003, 3.126330e-003
3.731583e+003, 3.770396e-003
3.733511e+003, 4.070394e-003
3.735440e+003, 4.274651e-003
3.737368e+003, 3.613495e-003
3.739297e+003, 3.550530e-003
3.741225e+003, 3.855872e-003
3.743154e+003, 3.500608e-003
3.745082e+003, 3.149271e-003
3.747011e+003, 3.308114e-003
3.748939e+003, 2.796037e-003
3.750868e+003, 1.522983e-003
3.752796e+003, 1.784408e-003
3.754725e+003, 2.173722e-003
3.756653e+003, 2.472887e-003
3.758582e+003, 3.332855e-003
3.760510e+003, 3.677889e-003
3.762438e+003, 2.985088e-003
3.764367e+003, 2.355986e-003
3.766295e+003, 4.569583e-003
3.768224e+003, 4.327251e-003
3.770152e+003, 3.093077e-003
3.772081e+003, 2.555738e-003
3.774009e+003, 2.344256e-003
3.775938e+003, 2.390976e-003
3.777866e+003, 2.773704e-003
3.779795e+003, 2.464679e-003
3.781723e+003, 1.357224e-003
3.783652e+003, 1.538348e-003
3.785580e+003, 3.248875e-003
3.787509e+003, 2.853015e-003
3.789437e+003, 2.197663e-003
3.791365e+003, 1.707275e-003
3.793294e+003, 2.330443e-003
3.795222e+003, 3.628774e-003
3.797151e+003, 2.431077e-003
3.799079e+003, 2.928560e-003
3.801008e+003, 2.783684e-003
3.802936e+003, 8.324399e-004
3.804865e+003, 1.573562e-003
3.806793e+003, 3.275498e-003
3.808722e+003, 2.955670e-003
3.810650e+003, 2.158740e-003
3.812579e+003, 3.080116e-003
3.814507e+003, 2.562924e-003
3.816436e+003, 1.095215e-003
3.818364e+003, 2.950016e-003
3.820292e+003, 4.297076e-003
3.822221e+003, 2.801099e-003
3.824149e+003, 1.975000e-003
3.826078e+003, 2.186568e-003
3.828006e+003, 1.938047e-003
3.829935e+003, 1.596843e-003
3.831863e+003, 8.154730e-004
3.833792e+003, 5.651419e-004
3.835720e+003, 4.689651e-004
3.837649e+003, 1.490051e-003
3.839577e+003, 2.368990e-003
3.841506e+003, 2.367587e-003
3.843434e+003, 2.747866e-003
3.845363e+003, 3.750868e-003
3.847291e+003, 2.338611e-003
3.849219e+003, 1.352395e-003
3.851148e+003, 2.078311e-003
3.853076e+003, 1.007122e-003
3.855005e+003, 5.309301e-004
3.856933e+003, 1.957007e-003
3.858862e+003, 2.226445e-003
3.860790e+003, 3.139482e-003
3.862719e+003, 3.008234e-003
3.864647e+003, 2.091125e-003
3.866576e+003, 1.747020e-003
3.868504e+003, 1.089236e-003
3.870433e+003, 5.999383e-004
3.872361e+003, 1.886085e-003
3.874290e+003, 2.582447e-003
3.876218e+003, 2.231371e-003
3.878146e+003, 1.610887e-003
3.880075e+003, 2.026677e-003
3.882003e+003, 3.042981e-003
3.883932e+003, 3.321255e-003
3.885860e+003, 2.025157e-003
3.887789e+003, 1.423495e-003
3.889717e+003, 1.186060e-003
3.891646e+003, 2.284672e-003
3.893574e+003, 3.690729e-003
3.895503e+003, 1.954771e-003
3.897431e+003, 1.957611e-003
3.899360e+003, 3.069347e-003
3.901288e+003, 2.821205e-003
3.903217e+003, 1.217936e-003
3.905145e+003, 4.390872e-004
3.907073e+003, 1.014343e-003
3.909002e+003, 1.738668e-003
3.910930e+003, 6.714323e-004
3.912859e+003, -7.712598e-005
3.914787e+003, 1.031713e-003
3.916716e+003, 1.207181e-003
3.918644e+003, 1.912807e-003
3.920573e+003, 2.809011e-003
3.922501e+003, 1.860439e-003
3.924430e+003, 9.560200e-004
3.926358e+003, 8.832491e-004
3.928287e+003, 3.464486e-004
3.930215e+003, -1.575404e-005
3.932144e+003, 9.963650e-004
3.934072e+003, 1.256037e-003
3.936000e+003, 9.860791e-004
3.937929e+003, 3.859612e-004
3.939857e+003, 3.431277e-004
3.941786e+003, 9.303520e-004
3.943714e+003, 1.965839e-003
3.945643e+003, 1.192345e-003
3.947571e+003, -4.384378e-005
3.949500e+003, 1.931034e-003
3.951428e+003, 1.752095e-003
3.953357e+003, -3.077816e-004
3.955285e+003, -1.969556e-003
3.957214e+003, -7.597717e-004
3.959142e+003, 1.207969e-003
3.961071e+003, 7.119649e-004
3.962999e+003, 5.214106e-004
3.964927e+003, 2.884436e-004
3.966856e+003, -8.239334e-005
3.968784e+003, -4.965665e-005
3.970713e+003, 6.009854e-004
3.972641e+003, 1.863643e-003
3.974570e+003, 2.371397e-003
3.976498e+003, 1.646873e-003
3.978427e+003, 2.332716e-003
3.980355e+003, 2.517150e-003
3.982284e+003, 1.185141e-003
3.984212e+003, 6.739437e-004
3.986141e+003, 6.436230e-004
3.988069e+003, 7.860638e-005
3.989998e+003, 3.425194e-005
3.991926e+003, 5.225211e-006
3.993854e+003, -1.240248e-003
3.995783e+003, -1.899878e-003
3.997711e+003, -1.940686e-003
3.999640e+003, -9.725923e-004
##END=



