##NAMES=Sphalerite
##RRUFFID=R060005
##IDEAL CHEMISTRY=Zn^2+^S^2-^
##LOCALITY=Trinacria mine, Lake Poopo, Oruro, Bolivia
##OWNER=RRUFF
##SOURCE=University of Arizona Mineral Museum
##DESCRIPTION=Steel gray crystal associated with franckeite R050431
##STATUS=The identification of this mineral has been confirmed by X-ray diffraction and chemical analysis
##URL=rruff.info/R060005
##MEASURED CHEMISTRY=Zn_0.82_Fe_0.18_S
3.991926e+002, 1.749870e-002
4.011211e+002, 1.489823e-002
4.030495e+002, 1.769022e-002
4.049780e+002, 2.002942e-002
4.069065e+002, 1.920569e-002
4.088349e+002, 1.982846e-002
4.107634e+002, 2.397216e-002
4.126919e+002, 2.369153e-002
4.146203e+002, 2.247618e-002
4.165488e+002, 2.221431e-002
4.184773e+002, 2.226670e-002
4.204057e+002, 2.397310e-002
4.223342e+002, 2.464108e-002
4.242627e+002, 2.200576e-002
4.261911e+002, 1.917967e-002
4.281196e+002, 2.056803e-002
4.300481e+002, 2.464917e-002
4.319765e+002, 2.995913e-002
4.339050e+002, 2.834160e-002
4.358335e+002, 2.784848e-002
4.377619e+002, 3.051469e-002
4.396904e+002, 3.022094e-002
4.416189e+002, 3.102760e-002
4.435473e+002, 3.410213e-002
4.454758e+002, 3.562081e-002
4.474043e+002, 3.470126e-002
4.493327e+002, 3.683235e-002
4.512612e+002, 3.911976e-002
4.531897e+002, 3.943894e-002
4.551181e+002, 3.991113e-002
4.570466e+002, 4.197637e-002
4.589751e+002, 4.517631e-002
4.609035e+002, 4.689744e-002
4.628320e+002, 4.885284e-002
4.647605e+002, 5.063792e-002
4.666889e+002, 5.244754e-002
4.686174e+002, 5.259641e-002
4.705459e+002, 5.385915e-002
4.724743e+002, 5.622709e-002
4.744028e+002, 5.637154e-002
4.763313e+002, 5.608800e-002
4.782597e+002, 5.692514e-002
4.801882e+002, 5.870529e-002
4.821167e+002, 6.087054e-002
4.840451e+002, 6.112444e-002
4.859736e+002, 6.126656e-002
4.879021e+002, 6.309532e-002
4.898305e+002, 6.328937e-002
4.917590e+002, 6.369781e-002
4.936875e+002, 6.555279e-002
4.956159e+002, 6.689598e-002
4.975444e+002, 6.769841e-002
4.994729e+002, 6.875013e-002
5.014013e+002, 6.937574e-002
5.033298e+002, 7.015211e-002
5.052583e+002, 7.208439e-002
5.071867e+002, 7.353582e-002
5.091152e+002, 7.399391e-002
5.110437e+002, 7.498530e-002
5.129721e+002, 7.623399e-002
5.149006e+002, 7.670227e-002
5.168290e+002, 7.768419e-002
5.187575e+002, 7.967459e-002
5.206860e+002, 8.097970e-002
5.226144e+002, 8.165585e-002
5.245429e+002, 8.354650e-002
5.264714e+002, 8.512922e-002
5.283998e+002, 8.550119e-002
5.303283e+002, 8.625941e-002
5.322568e+002, 8.783265e-002
5.341852e+002, 8.967285e-002
5.361137e+002, 9.128507e-002
5.380422e+002, 9.194491e-002
5.399706e+002, 9.337369e-002
5.418991e+002, 9.497089e-002
5.438276e+002, 9.630429e-002
5.457560e+002, 9.700581e-002
5.476845e+002, 9.814063e-002
5.496130e+002, 1.001201e-001
5.515414e+002, 1.020543e-001
5.534699e+002, 1.031677e-001
5.553984e+002, 1.047926e-001
5.573268e+002, 1.062895e-001
5.592553e+002, 1.071285e-001
5.611838e+002, 1.075661e-001
5.631122e+002, 1.086031e-001
5.650407e+002, 1.104073e-001
5.669692e+002, 1.121871e-001
5.688976e+002, 1.130840e-001
5.708261e+002, 1.139312e-001
5.727546e+002, 1.151799e-001
5.746830e+002, 1.166334e-001
5.766115e+002, 1.179302e-001
5.785400e+002, 1.194799e-001
5.804684e+002, 1.203808e-001
5.823969e+002, 1.217823e-001
5.843254e+002, 1.227399e-001
5.862538e+002, 1.245320e-001
5.881823e+002, 1.264302e-001
5.901108e+002, 1.272530e-001
5.920392e+002, 1.292843e-001
5.939677e+002, 1.315766e-001
5.958962e+002, 1.327398e-001
5.978246e+002, 1.338030e-001
5.997531e+002, 1.343060e-001
6.016816e+002, 1.349858e-001
6.036100e+002, 1.347766e-001
6.055385e+002, 1.340403e-001
6.074670e+002, 1.342470e-001
6.093954e+002, 1.344937e-001
6.113239e+002, 1.343962e-001
6.132524e+002, 1.345466e-001
6.151808e+002, 1.350642e-001
6.171093e+002, 1.362184e-001
6.190378e+002, 1.369470e-001
6.209662e+002, 1.379815e-001
6.228947e+002, 1.391526e-001
6.248232e+002, 1.400386e-001
6.267516e+002, 1.404412e-001
6.286801e+002, 1.407270e-001
6.306086e+002, 1.417905e-001
6.325370e+002, 1.424629e-001
6.344655e+002, 1.421673e-001
6.363940e+002, 1.415376e-001
6.383224e+002, 1.406927e-001
6.402509e+002, 1.401368e-001
6.421794e+002, 1.397711e-001
6.441078e+002, 1.398094e-001
6.460363e+002, 1.403566e-001
6.479648e+002, 1.405318e-001
6.498932e+002, 1.400152e-001
6.518217e+002, 1.400486e-001
6.537502e+002, 1.408411e-001
6.556786e+002, 1.416383e-001
6.576071e+002, 1.420575e-001
6.595356e+002, 1.423284e-001
6.614641e+002, 1.429370e-001
6.633925e+002, 1.438624e-001
6.653210e+002, 1.445513e-001
6.672495e+002, 1.447330e-001
6.691779e+002, 1.452083e-001
6.711064e+002, 1.455758e-001
6.730349e+002, 1.459489e-001
6.749633e+002, 1.460967e-001
6.768918e+002, 1.462904e-001
6.788203e+002, 1.470572e-001
6.807487e+002, 1.479356e-001
6.826772e+002, 1.484463e-001
6.846057e+002, 1.484869e-001
6.865341e+002, 1.486387e-001
6.884626e+002, 1.492318e-001
6.903911e+002, 1.498541e-001
6.923195e+002, 1.501000e-001
6.942480e+002, 1.503758e-001
6.961765e+002, 1.506657e-001
6.981049e+002, 1.513681e-001
7.000334e+002, 1.522078e-001
7.019619e+002, 1.525798e-001
7.038903e+002, 1.527155e-001
7.058188e+002, 1.530609e-001
7.077473e+002, 1.534655e-001
7.096757e+002, 1.531760e-001
7.116042e+002, 1.533013e-001
7.135327e+002, 1.544312e-001
7.154611e+002, 1.553880e-001
7.173896e+002, 1.559769e-001
7.193181e+002, 1.557606e-001
7.212465e+002, 1.555296e-001
7.231750e+002, 1.560160e-001
7.251035e+002, 1.568695e-001
7.270319e+002, 1.573267e-001
7.289604e+002, 1.579232e-001
7.308889e+002, 1.582912e-001
7.328173e+002, 1.588265e-001
7.347458e+002, 1.590504e-001
7.366743e+002, 1.592080e-001
7.386027e+002, 1.595795e-001
7.405312e+002, 1.601784e-001
7.424597e+002, 1.613350e-001
7.443881e+002, 1.612804e-001
7.463166e+002, 1.613870e-001
7.482451e+002, 1.619515e-001
7.501735e+002, 1.621839e-001
7.521020e+002, 1.626277e-001
7.540305e+002, 1.631050e-001
7.559589e+002, 1.635548e-001
7.578874e+002, 1.636176e-001
7.598159e+002, 1.638924e-001
7.617443e+002, 1.645590e-001
7.636728e+002, 1.647936e-001
7.656013e+002, 1.651259e-001
7.675297e+002, 1.653936e-001
7.694582e+002, 1.654914e-001
7.713867e+002, 1.660249e-001
7.733151e+002, 1.663420e-001
7.752436e+002, 1.665421e-001
7.771721e+002, 1.669436e-001
7.791005e+002, 1.675682e-001
7.810290e+002, 1.676911e-001
7.829575e+002, 1.678418e-001
7.848859e+002, 1.684412e-001
7.868144e+002, 1.692533e-001
7.887429e+002, 1.697630e-001
7.906713e+002, 1.696440e-001
7.925998e+002, 1.698944e-001
7.945283e+002, 1.703851e-001
7.964567e+002, 1.708947e-001
7.983852e+002, 1.714087e-001
8.003137e+002, 1.717998e-001
8.022421e+002, 1.715916e-001
8.041706e+002, 1.715586e-001
8.060991e+002, 1.718620e-001
8.080275e+002, 1.721031e-001
8.099560e+002, 1.730548e-001
8.118845e+002, 1.734258e-001
8.138129e+002, 1.730671e-001
8.157414e+002, 1.735834e-001
8.176699e+002, 1.742165e-001
8.195983e+002, 1.744308e-001
8.215268e+002, 1.749235e-001
8.234553e+002, 1.757301e-001
8.253837e+002, 1.756883e-001
8.273122e+002, 1.760426e-001
8.292407e+002, 1.769347e-001
8.311691e+002, 1.769846e-001
8.330976e+002, 1.774683e-001
8.350261e+002, 1.780325e-001
8.369545e+002, 1.781256e-001
8.388830e+002, 1.785332e-001
8.408115e+002, 1.791419e-001
8.427399e+002, 1.793588e-001
8.446684e+002, 1.796208e-001
8.465969e+002, 1.803374e-001
8.485253e+002, 1.810841e-001
8.504538e+002, 1.814234e-001
8.523823e+002, 1.816582e-001
8.543107e+002, 1.822430e-001
8.562392e+002, 1.827085e-001
8.581677e+002, 1.830678e-001
8.600961e+002, 1.836462e-001
8.620246e+002, 1.841712e-001
8.639531e+002, 1.845502e-001
8.658815e+002, 1.849086e-001
8.678100e+002, 1.851475e-001
8.697385e+002, 1.856570e-001
8.716669e+002, 1.866824e-001
8.735954e+002, 1.875918e-001
8.755239e+002, 1.880453e-001
8.774523e+002, 1.880876e-001
8.793808e+002, 1.883460e-001
8.813093e+002, 1.886737e-001
8.832377e+002, 1.892687e-001
8.851662e+002, 1.897946e-001
8.870947e+002, 1.900787e-001
8.890231e+002, 1.907046e-001
8.909516e+002, 1.911451e-001
8.928801e+002, 1.917389e-001
8.948085e+002, 1.921103e-001
8.967370e+002, 1.925231e-001
8.986655e+002, 1.929290e-001
9.005939e+002, 1.931748e-001
9.025224e+002, 1.938179e-001
9.044509e+002, 1.945527e-001
9.063793e+002, 1.947571e-001
9.083078e+002, 1.950702e-001
9.102363e+002, 1.957172e-001
9.121647e+002, 1.965393e-001
9.140932e+002, 1.971474e-001
9.160217e+002, 1.972406e-001
9.179501e+002, 1.975482e-001
9.198786e+002, 1.984445e-001
9.218071e+002, 1.989241e-001
9.237355e+002, 1.993847e-001
9.256640e+002, 1.999124e-001
9.275925e+002, 2.002227e-001
9.295209e+002, 2.004035e-001
9.314494e+002, 2.009289e-001
9.333779e+002, 2.017534e-001
9.353063e+002, 2.023558e-001
9.372348e+002, 2.028924e-001
9.391633e+002, 2.035553e-001
9.410917e+002, 2.041246e-001
9.430202e+002, 2.044155e-001
9.449487e+002, 2.047100e-001
9.468771e+002, 2.051751e-001
9.488056e+002, 2.058058e-001
9.507341e+002, 2.066459e-001
9.526625e+002, 2.073164e-001
9.545910e+002, 2.079879e-001
9.565195e+002, 2.088442e-001
9.584479e+002, 2.095141e-001
9.603764e+002, 2.096896e-001
9.623049e+002, 2.100230e-001
9.642333e+002, 2.111614e-001
9.661618e+002, 2.119327e-001
9.680903e+002, 2.122708e-001
9.700187e+002, 2.128017e-001
9.719472e+002, 2.130488e-001
9.738757e+002, 2.133657e-001
9.758041e+002, 2.138452e-001
9.777326e+002, 2.140258e-001
9.796611e+002, 2.147476e-001
9.815895e+002, 2.157560e-001
9.835180e+002, 2.162930e-001
9.854465e+002, 2.165255e-001
9.873749e+002, 2.170072e-001
9.893034e+002, 2.175389e-001
9.912319e+002, 2.183022e-001
9.931603e+002, 2.186135e-001
9.950888e+002, 2.193299e-001
9.970173e+002, 2.204268e-001
9.989457e+002, 2.210610e-001
1.000874e+003, 2.215986e-001
1.002803e+003, 2.221958e-001
1.004731e+003, 2.228629e-001
1.006660e+003, 2.236717e-001
1.008588e+003, 2.242301e-001
1.010517e+003, 2.245722e-001
1.012445e+003, 2.255290e-001
1.014373e+003, 2.262846e-001
1.016302e+003, 2.265831e-001
1.018230e+003, 2.271449e-001
1.020159e+003, 2.277470e-001
1.022087e+003, 2.280817e-001
1.024016e+003, 2.287504e-001
1.025944e+003, 2.297775e-001
1.027873e+003, 2.306948e-001
1.029801e+003, 2.311254e-001
1.031730e+003, 2.318313e-001
1.033658e+003, 2.327296e-001
1.035587e+003, 2.336113e-001
1.037515e+003, 2.342237e-001
1.039443e+003, 2.348355e-001
1.041372e+003, 2.355747e-001
1.043300e+003, 2.357556e-001
1.045229e+003, 2.358664e-001
1.047157e+003, 2.367181e-001
1.049086e+003, 2.378078e-001
1.051014e+003, 2.385993e-001
1.052943e+003, 2.389522e-001
1.054871e+003, 2.395831e-001
1.056800e+003, 2.397740e-001
1.058728e+003, 2.396943e-001
1.060657e+003, 2.399260e-001
1.062585e+003, 2.403356e-001
1.064514e+003, 2.404408e-001
1.066442e+003, 2.402586e-001
1.068370e+003, 2.401479e-001
1.070299e+003, 2.404951e-001
1.072227e+003, 2.408729e-001
1.074156e+003, 2.411512e-001
1.076084e+003, 2.413267e-001
1.078013e+003, 2.415016e-001
1.079941e+003, 2.418562e-001
1.081870e+003, 2.424249e-001
1.083798e+003, 2.420762e-001
1.085727e+003, 2.418335e-001
1.087655e+003, 2.420789e-001
1.089584e+003, 2.419161e-001
1.091512e+003, 2.420659e-001
1.093441e+003, 2.427700e-001
1.095369e+003, 2.433659e-001
1.097297e+003, 2.434867e-001
1.099226e+003, 2.434643e-001
1.101154e+003, 2.438441e-001
1.103083e+003, 2.437468e-001
1.105011e+003, 2.436983e-001
1.106940e+003, 2.434695e-001
1.108868e+003, 2.437203e-001
1.110797e+003, 2.437207e-001
1.112725e+003, 2.433875e-001
1.114654e+003, 2.430215e-001
1.116582e+003, 2.429201e-001
1.118511e+003, 2.431433e-001
1.120439e+003, 2.429427e-001
1.122368e+003, 2.427984e-001
1.124296e+003, 2.426408e-001
1.126224e+003, 2.425963e-001
1.128153e+003, 2.426966e-001
1.130081e+003, 2.424210e-001
1.132010e+003, 2.424611e-001
1.133938e+003, 2.427796e-001
1.135867e+003, 2.427861e-001
1.137795e+003, 2.427248e-001
1.139724e+003, 2.427654e-001
1.141652e+003, 2.429541e-001
1.143581e+003, 2.432120e-001
1.145509e+003, 2.433427e-001
1.147438e+003, 2.436199e-001
1.149366e+003, 2.432353e-001
1.151295e+003, 2.436481e-001
1.153223e+003, 2.443308e-001
1.155151e+003, 2.446043e-001
1.157080e+003, 2.448358e-001
1.159008e+003, 2.447809e-001
1.160937e+003, 2.448464e-001
1.162865e+003, 2.449037e-001
1.164794e+003, 2.450188e-001
1.166722e+003, 2.451303e-001
1.168651e+003, 2.452887e-001
1.170579e+003, 2.452595e-001
1.172508e+003, 2.452428e-001
1.174436e+003, 2.454680e-001
1.176365e+003, 2.453020e-001
1.178293e+003, 2.447271e-001
1.180222e+003, 2.445990e-001
1.182150e+003, 2.446457e-001
1.184078e+003, 2.442969e-001
1.186007e+003, 2.439985e-001
1.187935e+003, 2.436330e-001
1.189864e+003, 2.434527e-001
1.191792e+003, 2.430814e-001
1.193721e+003, 2.427303e-001
1.195649e+003, 2.427387e-001
1.197578e+003, 2.427767e-001
1.199506e+003, 2.423764e-001
1.201435e+003, 2.422581e-001
1.203363e+003, 2.425168e-001
1.205292e+003, 2.422440e-001
1.207220e+003, 2.419443e-001
1.209149e+003, 2.419645e-001
1.211077e+003, 2.415593e-001
1.213005e+003, 2.410799e-001
1.214934e+003, 2.410640e-001
1.216862e+003, 2.413155e-001
1.218791e+003, 2.415059e-001
1.220719e+003, 2.413699e-001
1.222648e+003, 2.414279e-001
1.224576e+003, 2.418447e-001
1.226505e+003, 2.419136e-001
1.228433e+003, 2.418565e-001
1.230362e+003, 2.420634e-001
1.232290e+003, 2.422320e-001
1.234219e+003, 2.423996e-001
1.236147e+003, 2.426204e-001
1.238076e+003, 2.430475e-001
1.240004e+003, 2.436908e-001
1.241932e+003, 2.440120e-001
1.243861e+003, 2.441254e-001
1.245789e+003, 2.443984e-001
1.247718e+003, 2.444803e-001
1.249646e+003, 2.445040e-001
1.251575e+003, 2.448275e-001
1.253503e+003, 2.450268e-001
1.255432e+003, 2.451486e-001
1.257360e+003, 2.451046e-001
1.259289e+003, 2.454910e-001
1.261217e+003, 2.458146e-001
1.263146e+003, 2.463878e-001
1.265074e+003, 2.468386e-001
1.267003e+003, 2.468325e-001
1.268931e+003, 2.471126e-001
1.270859e+003, 2.475373e-001
1.272788e+003, 2.478062e-001
1.274716e+003, 2.480312e-001
1.276645e+003, 2.485311e-001
1.278573e+003, 2.489679e-001
1.280502e+003, 2.494530e-001
1.282430e+003, 2.494875e-001
1.284359e+003, 2.495210e-001
1.286287e+003, 2.496948e-001
1.288216e+003, 2.499129e-001
1.290144e+003, 2.503272e-001
1.292073e+003, 2.505254e-001
1.294001e+003, 2.509016e-001
1.295930e+003, 2.517224e-001
1.297858e+003, 2.520385e-001
1.299786e+003, 2.519484e-001
1.301715e+003, 2.522616e-001
1.303643e+003, 2.523697e-001
1.305572e+003, 2.524387e-001
1.307500e+003, 2.530827e-001
1.309429e+003, 2.534025e-001
1.311357e+003, 2.534480e-001
1.313286e+003, 2.539182e-001
1.315214e+003, 2.544114e-001
1.317143e+003, 2.544020e-001
1.319071e+003, 2.547977e-001
1.321000e+003, 2.552517e-001
1.322928e+003, 2.554896e-001
1.324857e+003, 2.557477e-001
1.326785e+003, 2.557089e-001
1.328714e+003, 2.555930e-001
1.330642e+003, 2.561994e-001
1.332570e+003, 2.567175e-001
1.334499e+003, 2.566745e-001
1.336427e+003, 2.570558e-001
1.338356e+003, 2.574446e-001
1.340284e+003, 2.579493e-001
1.342213e+003, 2.581850e-001
1.344141e+003, 2.584081e-001
1.346070e+003, 2.587541e-001
1.347998e+003, 2.590113e-001
1.349927e+003, 2.590737e-001
1.351855e+003, 2.593974e-001
1.353784e+003, 2.598288e-001
1.355712e+003, 2.602789e-001
1.357641e+003, 2.607552e-001
1.359569e+003, 2.609657e-001
1.361497e+003, 2.610185e-001
1.363426e+003, 2.614675e-001
1.365354e+003, 2.618733e-001
1.367283e+003, 2.624886e-001
1.369211e+003, 2.633153e-001
1.371140e+003, 2.637118e-001
1.373068e+003, 2.635568e-001
1.374997e+003, 2.639291e-001
1.376925e+003, 2.644317e-001
1.378854e+003, 2.646404e-001
1.380782e+003, 2.648352e-001
1.382711e+003, 2.649646e-001
1.384639e+003, 2.650918e-001
1.386568e+003, 2.652228e-001
1.388496e+003, 2.654771e-001
1.390424e+003, 2.659422e-001
1.392353e+003, 2.661965e-001
1.394281e+003, 2.664069e-001
1.396210e+003, 2.668563e-001
1.398138e+003, 2.671445e-001
1.400067e+003, 2.676190e-001
1.401995e+003, 2.683414e-001
1.403924e+003, 2.687406e-001
1.405852e+003, 2.687024e-001
1.407781e+003, 2.685189e-001
1.409709e+003, 2.687112e-001
1.411638e+003, 2.691810e-001
1.413566e+003, 2.694281e-001
1.415495e+003, 2.696565e-001
1.417423e+003, 2.697673e-001
1.419351e+003, 2.697009e-001
1.421280e+003, 2.700377e-001
1.423208e+003, 2.705954e-001
1.425137e+003, 2.709424e-001
1.427065e+003, 2.712434e-001
1.428994e+003, 2.717615e-001
1.430922e+003, 2.722092e-001
1.432851e+003, 2.723091e-001
1.434779e+003, 2.722684e-001
1.436708e+003, 2.723607e-001
1.438636e+003, 2.725841e-001
1.440565e+003, 2.729151e-001
1.442493e+003, 2.734729e-001
1.444422e+003, 2.739958e-001
1.446350e+003, 2.740771e-001
1.448278e+003, 2.743992e-001
1.450207e+003, 2.746911e-001
1.452135e+003, 2.745728e-001
1.454064e+003, 2.747827e-001
1.455992e+003, 2.752300e-001
1.457921e+003, 2.755042e-001
1.459849e+003, 2.756380e-001
1.461778e+003, 2.757975e-001
1.463706e+003, 2.761062e-001
1.465635e+003, 2.764921e-001
1.467563e+003, 2.762994e-001
1.469492e+003, 2.758453e-001
1.471420e+003, 2.754890e-001
1.473349e+003, 2.753208e-001
1.475277e+003, 2.757942e-001
1.477205e+003, 2.760491e-001
1.479134e+003, 2.763762e-001
1.481062e+003, 2.764999e-001
1.482991e+003, 2.765917e-001
1.484919e+003, 2.769127e-001
1.486848e+003, 2.773562e-001
1.488776e+003, 2.778170e-001
1.490705e+003, 2.782491e-001
1.492633e+003, 2.782633e-001
1.494562e+003, 2.784751e-001
1.496490e+003, 2.787379e-001
1.498419e+003, 2.794735e-001
1.500347e+003, 2.798389e-001
1.502276e+003, 2.797057e-001
1.504204e+003, 2.799602e-001
1.506132e+003, 2.802828e-001
1.508061e+003, 2.806703e-001
1.509989e+003, 2.810374e-001
1.511918e+003, 2.810566e-001
1.513846e+003, 2.815644e-001
1.515775e+003, 2.823091e-001
1.517703e+003, 2.824810e-001
1.519632e+003, 2.828182e-001
1.521560e+003, 2.833094e-001
1.523489e+003, 2.836518e-001
1.525417e+003, 2.837873e-001
1.527346e+003, 2.835823e-001
1.529274e+003, 2.841769e-001
1.531203e+003, 2.846603e-001
1.533131e+003, 2.849920e-001
1.535059e+003, 2.854135e-001
1.536988e+003, 2.856708e-001
1.538916e+003, 2.861231e-001
1.540845e+003, 2.864832e-001
1.542773e+003, 2.865300e-001
1.544702e+003, 2.866224e-001
1.546630e+003, 2.871393e-001
1.548559e+003, 2.873998e-001
1.550487e+003, 2.876544e-001
1.552416e+003, 2.878147e-001
1.554344e+003, 2.880817e-001
1.556273e+003, 2.883687e-001
1.558201e+003, 2.882505e-001
1.560130e+003, 2.884476e-001
1.562058e+003, 2.888244e-001
1.563986e+003, 2.893046e-001
1.565915e+003, 2.899313e-001
1.567843e+003, 2.903755e-001
1.569772e+003, 2.903766e-001
1.571700e+003, 2.902066e-001
1.573629e+003, 2.907989e-001
1.575557e+003, 2.913347e-001
1.577486e+003, 2.910471e-001
1.579414e+003, 2.910191e-001
1.581343e+003, 2.914491e-001
1.583271e+003, 2.918366e-001
1.585200e+003, 2.920343e-001
1.587128e+003, 2.921140e-001
1.589057e+003, 2.919655e-001
1.590985e+003, 2.920413e-001
1.592913e+003, 2.926111e-001
1.594842e+003, 2.930171e-001
1.596770e+003, 2.932446e-001
1.598699e+003, 2.935441e-001
1.600627e+003, 2.939920e-001
1.602556e+003, 2.942627e-001
1.604484e+003, 2.941027e-001
1.606413e+003, 2.944660e-001
1.608341e+003, 2.950684e-001
1.610270e+003, 2.948610e-001
1.612198e+003, 2.948896e-001
1.614127e+003, 2.952545e-001
1.616055e+003, 2.955153e-001
1.617984e+003, 2.958724e-001
1.619912e+003, 2.961827e-001
1.621840e+003, 2.963121e-001
1.623769e+003, 2.963402e-001
1.625697e+003, 2.969775e-001
1.627626e+003, 2.973130e-001
1.629554e+003, 2.971331e-001
1.631483e+003, 2.966105e-001
1.633411e+003, 2.969521e-001
1.635340e+003, 2.979437e-001
1.637268e+003, 2.981476e-001
1.639197e+003, 2.981873e-001
1.641125e+003, 2.982620e-001
1.643054e+003, 2.984788e-001
1.644982e+003, 2.986443e-001
1.646911e+003, 2.985113e-001
1.648839e+003, 2.984304e-001
1.650767e+003, 2.987249e-001
1.652696e+003, 2.988417e-001
1.654624e+003, 2.991863e-001
1.656553e+003, 2.998979e-001
1.658481e+003, 3.003067e-001
1.660410e+003, 3.002462e-001
1.662338e+003, 2.998246e-001
1.664267e+003, 2.998644e-001
1.666195e+003, 3.007144e-001
1.668124e+003, 3.006366e-001
1.670052e+003, 3.004473e-001
1.671981e+003, 3.007211e-001
1.673909e+003, 3.013984e-001
1.675838e+003, 3.020507e-001
1.677766e+003, 3.023183e-001
1.679694e+003, 3.025930e-001
1.681623e+003, 3.028947e-001
1.683551e+003, 3.031428e-001
1.685480e+003, 3.031530e-001
1.687408e+003, 3.031777e-001
1.689337e+003, 3.035831e-001
1.691265e+003, 3.036971e-001
1.693194e+003, 3.036512e-001
1.695122e+003, 3.040100e-001
1.697051e+003, 3.040131e-001
1.698979e+003, 3.040556e-001
1.700908e+003, 3.049659e-001
1.702836e+003, 3.058724e-001
1.704765e+003, 3.057849e-001
1.706693e+003, 3.055880e-001
1.708621e+003, 3.057578e-001
1.710550e+003, 3.062185e-001
1.712478e+003, 3.066293e-001
1.714407e+003, 3.071270e-001
1.716335e+003, 3.075651e-001
1.718264e+003, 3.077003e-001
1.720192e+003, 3.074966e-001
1.722121e+003, 3.080449e-001
1.724049e+003, 3.088379e-001
1.725978e+003, 3.093347e-001
1.727906e+003, 3.099217e-001
1.729835e+003, 3.099703e-001
1.731763e+003, 3.100940e-001
1.733692e+003, 3.105854e-001
1.735620e+003, 3.107912e-001
1.737548e+003, 3.103075e-001
1.739477e+003, 3.098963e-001
1.741405e+003, 3.097504e-001
1.743334e+003, 3.098228e-001
1.745262e+003, 3.103734e-001
1.747191e+003, 3.102136e-001
1.749119e+003, 3.104644e-001
1.751048e+003, 3.105962e-001
1.752976e+003, 3.103779e-001
1.754905e+003, 3.105479e-001
1.756833e+003, 3.111457e-001
1.758762e+003, 3.106010e-001
1.760690e+003, 3.105384e-001
1.762619e+003, 3.113427e-001
1.764547e+003, 3.119319e-001
1.766475e+003, 3.120152e-001
1.768404e+003, 3.120291e-001
1.770332e+003, 3.123061e-001
1.772261e+003, 3.125340e-001
1.774189e+003, 3.122142e-001
1.776118e+003, 3.126544e-001
1.778046e+003, 3.131833e-001
1.779975e+003, 3.130927e-001
1.781903e+003, 3.132308e-001
1.783832e+003, 3.136559e-001
1.785760e+003, 3.142916e-001
1.787689e+003, 3.152684e-001
1.789617e+003, 3.156842e-001
1.791546e+003, 3.154437e-001
1.793474e+003, 3.148189e-001
1.795402e+003, 3.147406e-001
1.797331e+003, 3.158062e-001
1.799259e+003, 3.169768e-001
1.801188e+003, 3.174598e-001
1.803116e+003, 3.169944e-001
1.805045e+003, 3.164233e-001
1.806973e+003, 3.167435e-001
1.808902e+003, 3.170173e-001
1.810830e+003, 3.174487e-001
1.812759e+003, 3.176347e-001
1.814687e+003, 3.168173e-001
1.816616e+003, 3.168880e-001
1.818544e+003, 3.177161e-001
1.820473e+003, 3.180861e-001
1.822401e+003, 3.187519e-001
1.824329e+003, 3.189045e-001
1.826258e+003, 3.180600e-001
1.828186e+003, 3.184194e-001
1.830115e+003, 3.198734e-001
1.832043e+003, 3.205854e-001
1.833972e+003, 3.207036e-001
1.835900e+003, 3.208293e-001
1.837829e+003, 3.202744e-001
1.839757e+003, 3.205640e-001
1.841686e+003, 3.213771e-001
1.843614e+003, 3.222602e-001
1.845543e+003, 3.217351e-001
1.847471e+003, 3.216391e-001
1.849400e+003, 3.222995e-001
1.851328e+003, 3.218220e-001
1.853256e+003, 3.219697e-001
1.855185e+003, 3.230399e-001
1.857113e+003, 3.237776e-001
1.859042e+003, 3.242721e-001
1.860970e+003, 3.241881e-001
1.862899e+003, 3.241525e-001
1.864827e+003, 3.247494e-001
1.866756e+003, 3.255267e-001
1.868684e+003, 3.264920e-001
1.870613e+003, 3.264240e-001
1.872541e+003, 3.272146e-001
1.874470e+003, 3.280157e-001
1.876398e+003, 3.271629e-001
1.878327e+003, 3.276344e-001
1.880255e+003, 3.282267e-001
1.882183e+003, 3.283517e-001
1.884112e+003, 3.290785e-001
1.886040e+003, 3.292948e-001
1.887969e+003, 3.291768e-001
1.889897e+003, 3.296627e-001
1.891826e+003, 3.305781e-001
1.893754e+003, 3.292607e-001
1.895683e+003, 3.291347e-001
1.897611e+003, 3.305260e-001
1.899540e+003, 3.318811e-001
1.901468e+003, 3.321216e-001
1.903397e+003, 3.320296e-001
1.905325e+003, 3.320086e-001
1.907254e+003, 3.311194e-001
1.909182e+003, 3.313657e-001
1.911110e+003, 3.336290e-001
1.913039e+003, 3.339847e-001
1.914967e+003, 3.333096e-001
1.916896e+003, 3.323896e-001
1.918824e+003, 3.316780e-001
1.920753e+003, 3.325706e-001
1.922681e+003, 3.323412e-001
1.924610e+003, 3.325709e-001
1.926538e+003, 3.352811e-001
1.928467e+003, 3.365628e-001
1.930395e+003, 3.367157e-001
1.932324e+003, 3.364121e-001
1.934252e+003, 3.360311e-001
1.936181e+003, 3.354395e-001
1.938109e+003, 3.365479e-001
1.940037e+003, 3.376138e-001
1.941966e+003, 3.349320e-001
1.943894e+003, 3.341406e-001
1.945823e+003, 3.365776e-001
1.947751e+003, 3.376216e-001
1.949680e+003, 3.377167e-001
1.951608e+003, 3.390138e-001
1.953537e+003, 3.389882e-001
1.955465e+003, 3.373016e-001
1.957394e+003, 3.363241e-001
1.959322e+003, 3.367226e-001
1.961251e+003, 3.350069e-001
1.963179e+003, 3.363897e-001
1.965108e+003, 3.373551e-001
1.967036e+003, 3.392635e-001
1.968964e+003, 3.400617e-001
1.970893e+003, 3.391013e-001
1.972821e+003, 3.400343e-001
1.974750e+003, 3.399251e-001
1.976678e+003, 3.394123e-001
1.978607e+003, 3.384938e-001
1.980535e+003, 3.380169e-001
1.982464e+003, 3.386706e-001
1.984392e+003, 3.399709e-001
1.986321e+003, 3.409927e-001
1.988249e+003, 3.390440e-001
1.990178e+003, 3.392031e-001
1.992106e+003, 3.423229e-001
1.994035e+003, 3.429258e-001
1.995963e+003, 3.414538e-001
1.997891e+003, 3.427752e-001
1.999820e+003, 3.436098e-001
2.001748e+003, 3.426776e-001
2.003677e+003, 3.428898e-001
2.005605e+003, 3.426561e-001
2.007534e+003, 3.421820e-001
2.009462e+003, 3.419424e-001
2.011391e+003, 3.413954e-001
2.013319e+003, 3.416305e-001
2.015248e+003, 3.464545e-001
2.017176e+003, 3.498178e-001
2.019105e+003, 3.464192e-001
2.021033e+003, 3.406760e-001
2.022962e+003, 3.437217e-001
2.024890e+003, 3.480692e-001
2.026818e+003, 3.448220e-001
2.028747e+003, 3.434754e-001
2.030675e+003, 3.456268e-001
2.032604e+003, 3.467948e-001
2.034532e+003, 3.472313e-001
2.036461e+003, 3.474772e-001
2.038389e+003, 3.482759e-001
2.040318e+003, 3.488768e-001
2.042246e+003, 3.479774e-001
2.044175e+003, 3.503378e-001
2.046103e+003, 3.518534e-001
2.048031e+003, 3.499894e-001
2.049960e+003, 3.501479e-001
2.051888e+003, 3.494233e-001
2.053817e+003, 3.505133e-001
2.055745e+003, 3.517960e-001
2.057674e+003, 3.515882e-001
2.059602e+003, 3.524640e-001
2.061531e+003, 3.502805e-001
2.063459e+003, 3.487443e-001
2.065388e+003, 3.518583e-001
2.067316e+003, 3.538350e-001
2.069245e+003, 3.543022e-001
2.071173e+003, 3.554623e-001
2.073102e+003, 3.546306e-001
2.075030e+003, 3.554217e-001
2.076958e+003, 3.574217e-001
2.078887e+003, 3.567987e-001
2.080815e+003, 3.549018e-001
2.082744e+003, 3.552517e-001
2.084672e+003, 3.565046e-001
2.086601e+003, 3.553405e-001
2.088529e+003, 3.548347e-001
2.090458e+003, 3.546301e-001
2.092386e+003, 3.556723e-001
2.094315e+003, 3.566022e-001
2.096243e+003, 3.575835e-001
2.098172e+003, 3.590896e-001
2.100100e+003, 3.580921e-001
2.102029e+003, 3.587364e-001
2.103957e+003, 3.589217e-001
2.105885e+003, 3.588691e-001
2.107814e+003, 3.592438e-001
2.109742e+003, 3.593549e-001
2.111671e+003, 3.597530e-001
2.113599e+003, 3.603621e-001
2.115528e+003, 3.602286e-001
2.117456e+003, 3.610070e-001
2.119385e+003, 3.602401e-001
2.121313e+003, 3.574151e-001
2.123242e+003, 3.586060e-001
2.125170e+003, 3.604089e-001
2.127099e+003, 3.593501e-001
2.129027e+003, 3.598934e-001
2.130956e+003, 3.601508e-001
2.132884e+003, 3.596818e-001
2.134813e+003, 3.598442e-001
2.136741e+003, 3.607801e-001
2.138669e+003, 3.608381e-001
2.140598e+003, 3.622636e-001
2.142526e+003, 3.639470e-001
2.144455e+003, 3.631839e-001
2.146383e+003, 3.626995e-001
2.148312e+003, 3.599604e-001
2.150240e+003, 3.608646e-001
2.152169e+003, 3.619065e-001
2.154097e+003, 3.627037e-001
2.156026e+003, 3.619595e-001
2.157954e+003, 3.632079e-001
2.159883e+003, 3.626924e-001
2.161811e+003, 3.616718e-001
2.163740e+003, 3.644566e-001
2.165668e+003, 3.681506e-001
2.167596e+003, 3.692440e-001
2.169525e+003, 3.675346e-001
2.171453e+003, 3.654269e-001
2.173382e+003, 3.646171e-001
2.175310e+003, 3.697827e-001
2.177239e+003, 3.725386e-001
2.179167e+003, 3.694563e-001
2.181096e+003, 3.678974e-001
2.183024e+003, 3.707311e-001
2.184953e+003, 3.687639e-001
2.186881e+003, 3.712211e-001
2.188810e+003, 3.737434e-001
2.190738e+003, 3.731199e-001
2.192667e+003, 3.721232e-001
2.194595e+003, 3.707017e-001
2.196523e+003, 3.692299e-001
2.198452e+003, 3.667493e-001
2.200380e+003, 3.682204e-001
2.202309e+003, 3.711202e-001
2.204237e+003, 3.708512e-001
2.206166e+003, 3.719716e-001
2.208094e+003, 3.709340e-001
2.210023e+003, 3.705534e-001
2.211951e+003, 3.694407e-001
2.213880e+003, 3.705055e-001
2.215808e+003, 3.742386e-001
2.217737e+003, 3.749294e-001
2.219665e+003, 3.722787e-001
2.221594e+003, 3.705339e-001
2.223522e+003, 3.714234e-001
2.225450e+003, 3.771859e-001
2.227379e+003, 3.807158e-001
2.229307e+003, 3.775392e-001
2.231236e+003, 3.744318e-001
2.233164e+003, 3.744550e-001
2.235093e+003, 3.745753e-001
2.237021e+003, 3.751076e-001
2.238950e+003, 3.765893e-001
2.240878e+003, 3.781785e-001
2.242807e+003, 3.782021e-001
2.244735e+003, 3.792160e-001
2.246664e+003, 3.807451e-001
2.248592e+003, 3.809321e-001
2.250521e+003, 3.803026e-001
2.252449e+003, 3.794386e-001
2.254377e+003, 3.791730e-001
2.256306e+003, 3.805507e-001
2.258234e+003, 3.801894e-001
2.260163e+003, 3.765796e-001
2.262091e+003, 3.784432e-001
2.264020e+003, 3.818544e-001
2.265948e+003, 3.834162e-001
2.267877e+003, 3.816485e-001
2.269805e+003, 3.797369e-001
2.271734e+003, 3.804871e-001
2.273662e+003, 3.828386e-001
2.275591e+003, 3.837656e-001
2.277519e+003, 3.854624e-001
2.279448e+003, 3.847122e-001
2.281376e+003, 3.849413e-001
2.283304e+003, 3.848130e-001
2.285233e+003, 3.840028e-001
2.287161e+003, 3.856918e-001
2.289090e+003, 3.869747e-001
2.291018e+003, 3.859097e-001
2.292947e+003, 3.841374e-001
2.294875e+003, 3.838173e-001
2.296804e+003, 3.842719e-001
2.298732e+003, 3.846981e-001
2.300661e+003, 3.857640e-001
2.302589e+003, 3.856048e-001
2.304518e+003, 3.855609e-001
2.306446e+003, 3.865660e-001
2.308375e+003, 3.872531e-001
2.310303e+003, 3.858843e-001
2.312231e+003, 3.860547e-001
2.314160e+003, 3.866116e-001
2.316088e+003, 3.869139e-001
2.318017e+003, 3.876517e-001
2.319945e+003, 3.879977e-001
2.321874e+003, 3.887899e-001
2.323802e+003, 3.897348e-001
2.325731e+003, 3.902300e-001
2.327659e+003, 3.899476e-001
2.329588e+003, 3.888443e-001
2.331516e+003, 3.887377e-001
2.333445e+003, 3.899996e-001
2.335373e+003, 3.899146e-001
2.337302e+003, 3.896017e-001
2.339230e+003, 3.904505e-001
2.341158e+003, 3.916610e-001
2.343087e+003, 3.924958e-001
2.345015e+003, 3.924177e-001
2.346944e+003, 3.912133e-001
2.348872e+003, 3.912462e-001
2.350801e+003, 3.920318e-001
2.352729e+003, 3.924396e-001
2.354658e+003, 3.919278e-001
2.356586e+003, 3.919626e-001
2.358515e+003, 3.929045e-001
2.360443e+003, 3.935472e-001
2.362372e+003, 3.938730e-001
2.364300e+003, 3.936377e-001
2.366229e+003, 3.925855e-001
2.368157e+003, 3.926298e-001
2.370085e+003, 3.935219e-001
2.372014e+003, 3.945640e-001
2.373942e+003, 3.955471e-001
2.375871e+003, 3.951477e-001
2.377799e+003, 3.947106e-001
2.379728e+003, 3.946228e-001
2.381656e+003, 3.942843e-001
2.383585e+003, 3.948638e-001
2.385513e+003, 3.962488e-001
2.387442e+003, 3.970449e-001
2.389370e+003, 3.971225e-001
2.391299e+003, 3.963115e-001
2.393227e+003, 3.957343e-001
2.395156e+003, 3.959507e-001
2.397084e+003, 3.981575e-001
2.399012e+003, 3.996359e-001
2.400941e+003, 3.993737e-001
2.402869e+003, 3.985327e-001
2.404798e+003, 3.969624e-001
2.406726e+003, 3.973689e-001
2.408655e+003, 3.982936e-001
2.410583e+003, 3.986247e-001
2.412512e+003, 3.982899e-001
2.414440e+003, 3.981488e-001
2.416369e+003, 3.980941e-001
2.418297e+003, 3.977578e-001
2.420226e+003, 3.995265e-001
2.422154e+003, 4.008185e-001
2.424083e+003, 4.013848e-001
2.426011e+003, 4.012688e-001
2.427939e+003, 4.016192e-001
2.429868e+003, 4.027801e-001
2.431796e+003, 4.023581e-001
2.433725e+003, 4.038418e-001
2.435653e+003, 4.032032e-001
2.437582e+003, 4.024411e-001
2.439510e+003, 4.041075e-001
2.441439e+003, 4.044706e-001
2.443367e+003, 4.038122e-001
2.445296e+003, 4.048595e-001
2.447224e+003, 4.054686e-001
2.449153e+003, 4.047749e-001
2.451081e+003, 4.052209e-001
2.453010e+003, 4.057909e-001
2.454938e+003, 4.067925e-001
2.456866e+003, 4.064957e-001
2.458795e+003, 4.051054e-001
2.460723e+003, 4.056011e-001
2.462652e+003, 4.063420e-001
2.464580e+003, 4.059648e-001
2.466509e+003, 4.060445e-001
2.468437e+003, 4.065394e-001
2.470366e+003, 4.075036e-001
2.472294e+003, 4.073236e-001
2.474223e+003, 4.068635e-001
2.476151e+003, 4.070304e-001
2.478080e+003, 4.079527e-001
2.480008e+003, 4.086830e-001
2.481937e+003, 4.076013e-001
2.483865e+003, 4.093302e-001
2.485793e+003, 4.100447e-001
2.487722e+003, 4.088284e-001
2.489650e+003, 4.095886e-001
2.491579e+003, 4.111844e-001
2.493507e+003, 4.112251e-001
2.495436e+003, 4.102678e-001
2.497364e+003, 4.104857e-001
2.499293e+003, 4.121246e-001
2.501221e+003, 4.124127e-001
2.503150e+003, 4.121947e-001
2.505078e+003, 4.104976e-001
2.507007e+003, 4.101073e-001
2.508935e+003, 4.108323e-001
2.510864e+003, 4.105791e-001
2.512792e+003, 4.100104e-001
2.514720e+003, 4.115498e-001
2.516649e+003, 4.134681e-001
2.518577e+003, 4.137352e-001
2.520506e+003, 4.129215e-001
2.522434e+003, 4.121274e-001
2.524363e+003, 4.126110e-001
2.526291e+003, 4.132434e-001
2.528220e+003, 4.113949e-001
2.530148e+003, 4.109450e-001
2.532077e+003, 4.123818e-001
2.534005e+003, 4.120851e-001
2.535934e+003, 4.120477e-001
2.537862e+003, 4.133672e-001
2.539791e+003, 4.141939e-001
2.541719e+003, 4.139777e-001
2.543647e+003, 4.146398e-001
2.545576e+003, 4.149195e-001
2.547504e+003, 4.154150e-001
2.549433e+003, 4.170258e-001
2.551361e+003, 4.164169e-001
2.553290e+003, 4.158374e-001
2.555218e+003, 4.173376e-001
2.557147e+003, 4.177546e-001
2.559075e+003, 4.163318e-001
2.561004e+003, 4.170511e-001
2.562932e+003, 4.176762e-001
2.564861e+003, 4.167059e-001
2.566789e+003, 4.172333e-001
2.568718e+003, 4.178622e-001
2.570646e+003, 4.182435e-001
2.572574e+003, 4.183732e-001
2.574503e+003, 4.183852e-001
2.576431e+003, 4.178805e-001
2.578360e+003, 4.173829e-001
2.580288e+003, 4.173451e-001
2.582217e+003, 4.181666e-001
2.584145e+003, 4.196140e-001
2.586074e+003, 4.195715e-001
2.588002e+003, 4.184900e-001
2.589931e+003, 4.176848e-001
2.591859e+003, 4.173749e-001
2.593788e+003, 4.187409e-001
2.595716e+003, 4.204135e-001
2.597645e+003, 4.198359e-001
2.599573e+003, 4.193305e-001
2.601501e+003, 4.197508e-001
2.603430e+003, 4.197927e-001
2.605358e+003, 4.208398e-001
2.607287e+003, 4.214728e-001
2.609215e+003, 4.228470e-001
2.611144e+003, 4.236826e-001
2.613072e+003, 4.238791e-001
2.615001e+003, 4.226876e-001
2.616929e+003, 4.215184e-001
2.618858e+003, 4.205163e-001
2.620786e+003, 4.220662e-001
2.622715e+003, 4.237623e-001
2.624643e+003, 4.236346e-001
2.626572e+003, 4.226340e-001
2.628500e+003, 4.229321e-001
2.630428e+003, 4.230902e-001
2.632357e+003, 4.235810e-001
2.634285e+003, 4.240067e-001
2.636214e+003, 4.235455e-001
2.638142e+003, 4.225852e-001
2.640071e+003, 4.223697e-001
2.641999e+003, 4.233685e-001
2.643928e+003, 4.237348e-001
2.645856e+003, 4.242681e-001
2.647785e+003, 4.246587e-001
2.649713e+003, 4.243803e-001
2.651642e+003, 4.252459e-001
2.653570e+003, 4.252630e-001
2.655499e+003, 4.245524e-001
2.657427e+003, 4.241954e-001
2.659355e+003, 4.248349e-001
2.661284e+003, 4.260208e-001
2.663212e+003, 4.257880e-001
2.665141e+003, 4.250179e-001
2.667069e+003, 4.250573e-001
2.668998e+003, 4.252912e-001
2.670926e+003, 4.260543e-001
2.672855e+003, 4.258716e-001
2.674783e+003, 4.256833e-001
2.676712e+003, 4.259084e-001
2.678640e+003, 4.262651e-001
2.680569e+003, 4.271586e-001
2.682497e+003, 4.272457e-001
2.684426e+003, 4.269386e-001
2.686354e+003, 4.265490e-001
2.688282e+003, 4.257656e-001
2.690211e+003, 4.259272e-001
2.692139e+003, 4.267668e-001
2.694068e+003, 4.266028e-001
2.695996e+003, 4.265704e-001
2.697925e+003, 4.268188e-001
2.699853e+003, 4.271210e-001
2.701782e+003, 4.270549e-001
2.703710e+003, 4.272781e-001
2.705639e+003, 4.271454e-001
2.707567e+003, 4.270158e-001
2.709496e+003, 4.276958e-001
2.711424e+003, 4.278901e-001
2.713353e+003, 4.275705e-001
2.715281e+003, 4.271628e-001
2.717209e+003, 4.269788e-001
2.719138e+003, 4.274689e-001
2.721066e+003, 4.269691e-001
2.722995e+003, 4.274176e-001
2.724923e+003, 4.278669e-001
2.726852e+003, 4.271912e-001
2.728780e+003, 4.268652e-001
2.730709e+003, 4.277453e-001
2.732637e+003, 4.290278e-001
2.734566e+003, 4.296308e-001
2.736494e+003, 4.292777e-001
2.738423e+003, 4.291598e-001
2.740351e+003, 4.292881e-001
2.742280e+003, 4.293109e-001
2.744208e+003, 4.291083e-001
2.746136e+003, 4.287638e-001
2.748065e+003, 4.293664e-001
2.749993e+003, 4.294569e-001
2.751922e+003, 4.290407e-001
2.753850e+003, 4.294302e-001
2.755779e+003, 4.290831e-001
2.757707e+003, 4.293457e-001
2.759636e+003, 4.300217e-001
2.761564e+003, 4.292144e-001
2.763493e+003, 4.287249e-001
2.765421e+003, 4.296018e-001
2.767350e+003, 4.297876e-001
2.769278e+003, 4.304490e-001
2.771207e+003, 4.314936e-001
2.773135e+003, 4.312509e-001
2.775063e+003, 4.301943e-001
2.776992e+003, 4.300938e-001
2.778920e+003, 4.299421e-001
2.780849e+003, 4.291976e-001
2.782777e+003, 4.293352e-001
2.784706e+003, 4.303026e-001
2.786634e+003, 4.311259e-001
2.788563e+003, 4.312345e-001
2.790491e+003, 4.315417e-001
2.792420e+003, 4.311622e-001
2.794348e+003, 4.308314e-001
2.796277e+003, 4.312855e-001
2.798205e+003, 4.315861e-001
2.800134e+003, 4.312392e-001
2.802062e+003, 4.316830e-001
2.803990e+003, 4.309257e-001
2.805919e+003, 4.305322e-001
2.807847e+003, 4.303562e-001
2.809776e+003, 4.304644e-001
2.811704e+003, 4.315062e-001
2.813633e+003, 4.322290e-001
2.815561e+003, 4.315456e-001
2.817490e+003, 4.307265e-001
2.819418e+003, 4.315256e-001
2.821347e+003, 4.313236e-001
2.823275e+003, 4.305757e-001
2.825204e+003, 4.304254e-001
2.827132e+003, 4.314469e-001
2.829061e+003, 4.325851e-001
2.830989e+003, 4.321040e-001
2.832917e+003, 4.324901e-001
2.834846e+003, 4.318499e-001
2.836774e+003, 4.316380e-001
2.838703e+003, 4.331075e-001
2.840631e+003, 4.329368e-001
2.842560e+003, 4.310655e-001
2.844488e+003, 4.307259e-001
2.846417e+003, 4.320807e-001
2.848345e+003, 4.321894e-001
2.850274e+003, 4.323860e-001
2.852202e+003, 4.316254e-001
2.854131e+003, 4.312969e-001
2.856059e+003, 4.326979e-001
2.857988e+003, 4.333868e-001
2.859916e+003, 4.340106e-001
2.861844e+003, 4.332806e-001
2.863773e+003, 4.326530e-001
2.865701e+003, 4.340382e-001
2.867630e+003, 4.343171e-001
2.869558e+003, 4.342619e-001
2.871487e+003, 4.348733e-001
2.873415e+003, 4.335060e-001
2.875344e+003, 4.327235e-001
2.877272e+003, 4.345908e-001
2.879201e+003, 4.360799e-001
2.881129e+003, 4.350115e-001
2.883058e+003, 4.335979e-001
2.884986e+003, 4.323032e-001
2.886915e+003, 4.325791e-001
2.888843e+003, 4.338383e-001
2.890771e+003, 4.341754e-001
2.892700e+003, 4.349285e-001
2.894628e+003, 4.349635e-001
2.896557e+003, 4.352191e-001
2.898485e+003, 4.350971e-001
2.900414e+003, 4.344523e-001
2.902342e+003, 4.337862e-001
2.904271e+003, 4.340276e-001
2.906199e+003, 4.337602e-001
2.908128e+003, 4.331926e-001
2.910056e+003, 4.346852e-001
2.911985e+003, 4.353473e-001
2.913913e+003, 4.351971e-001
2.915842e+003, 4.353856e-001
2.917770e+003, 4.347353e-001
2.919698e+003, 4.344046e-001
2.921627e+003, 4.360447e-001
2.923555e+003, 4.361509e-001
2.925484e+003, 4.349148e-001
2.927412e+003, 4.343391e-001
2.929341e+003, 4.355734e-001
2.931269e+003, 4.359395e-001
2.933198e+003, 4.358365e-001
2.935126e+003, 4.358647e-001
2.937055e+003, 4.350690e-001
2.938983e+003, 4.341924e-001
2.940912e+003, 4.340918e-001
2.942840e+003, 4.333704e-001
2.944769e+003, 4.332968e-001
2.946697e+003, 4.348729e-001
2.948625e+003, 4.367162e-001
2.950554e+003, 4.373987e-001
2.952482e+003, 4.377666e-001
2.954411e+003, 4.382026e-001
2.956339e+003, 4.374981e-001
2.958268e+003, 4.367851e-001
2.960196e+003, 4.365196e-001
2.962125e+003, 4.366384e-001
2.964053e+003, 4.370964e-001
2.965982e+003, 4.379537e-001
2.967910e+003, 4.368588e-001
2.969839e+003, 4.352804e-001
2.971767e+003, 4.353215e-001
2.973696e+003, 4.357383e-001
2.975624e+003, 4.356335e-001
2.977552e+003, 4.357063e-001
2.979481e+003, 4.347795e-001
2.981409e+003, 4.344665e-001
2.983338e+003, 4.358203e-001
2.985266e+003, 4.357645e-001
2.987195e+003, 4.344532e-001
2.989123e+003, 4.338835e-001
2.991052e+003, 4.344448e-001
2.992980e+003, 4.340820e-001
2.994909e+003, 4.352619e-001
2.996837e+003, 4.359142e-001
2.998766e+003, 4.357110e-001
3.000694e+003, 4.362542e-001
3.002623e+003, 4.363165e-001
3.004551e+003, 4.346940e-001
3.006479e+003, 4.345857e-001
3.008408e+003, 4.352918e-001
3.010336e+003, 4.369362e-001
3.012265e+003, 4.370728e-001
3.014193e+003, 4.363818e-001
3.016122e+003, 4.353035e-001
3.018050e+003, 4.341097e-001
3.019979e+003, 4.348730e-001
3.021907e+003, 4.355384e-001
3.023836e+003, 4.361854e-001
3.025764e+003, 4.370305e-001
3.027693e+003, 4.377379e-001
3.029621e+003, 4.381380e-001
3.031550e+003, 4.373450e-001
3.033478e+003, 4.376653e-001
3.035406e+003, 4.388069e-001
3.037335e+003, 4.396216e-001
3.039263e+003, 4.386068e-001
3.041192e+003, 4.378493e-001
3.043120e+003, 4.382442e-001
3.045049e+003, 4.370545e-001
3.046977e+003, 4.367206e-001
3.048906e+003, 4.394026e-001
3.050834e+003, 4.408318e-001
3.052763e+003, 4.395076e-001
3.054691e+003, 4.374204e-001
3.056620e+003, 4.366110e-001
3.058548e+003, 4.374654e-001
3.060477e+003, 4.395527e-001
3.062405e+003, 4.389692e-001
3.064333e+003, 4.382967e-001
3.066262e+003, 4.388897e-001
3.068190e+003, 4.392889e-001
3.070119e+003, 4.385349e-001
3.072047e+003, 4.385324e-001
3.073976e+003, 4.385532e-001
3.075904e+003, 4.382088e-001
3.077833e+003, 4.396231e-001
3.079761e+003, 4.418260e-001
3.081690e+003, 4.427471e-001
3.083618e+003, 4.412349e-001
3.085547e+003, 4.397504e-001
3.087475e+003, 4.391439e-001
3.089404e+003, 4.376522e-001
3.091332e+003, 4.367687e-001
3.093260e+003, 4.377693e-001
3.095189e+003, 4.386327e-001
3.097117e+003, 4.391410e-001
3.099046e+003, 4.382156e-001
3.100974e+003, 4.378349e-001
3.102903e+003, 4.413586e-001
3.104831e+003, 4.411793e-001
3.106760e+003, 4.383160e-001
3.108688e+003, 4.397367e-001
3.110617e+003, 4.417850e-001
3.112545e+003, 4.419442e-001
3.114474e+003, 4.415734e-001
3.116402e+003, 4.402519e-001
3.118331e+003, 4.399093e-001
3.120259e+003, 4.409983e-001
3.122188e+003, 4.411978e-001
3.124116e+003, 4.419008e-001
3.126044e+003, 4.414958e-001
3.127973e+003, 4.403280e-001
3.129901e+003, 4.413147e-001
3.131830e+003, 4.417882e-001
3.133758e+003, 4.421285e-001
3.135687e+003, 4.426094e-001
3.137615e+003, 4.428620e-001
3.139544e+003, 4.419413e-001
3.141472e+003, 4.423632e-001
3.143401e+003, 4.439132e-001
3.145329e+003, 4.427286e-001
3.147258e+003, 4.397264e-001
3.149186e+003, 4.384309e-001
3.151115e+003, 4.409620e-001
3.153043e+003, 4.433311e-001
3.154971e+003, 4.428860e-001
3.156900e+003, 4.420903e-001
3.158828e+003, 4.429454e-001
3.160757e+003, 4.448444e-001
3.162685e+003, 4.455422e-001
3.164614e+003, 4.447528e-001
3.166542e+003, 4.444306e-001
3.168471e+003, 4.457668e-001
3.170399e+003, 4.455206e-001
3.172328e+003, 4.418357e-001
3.174256e+003, 4.415987e-001
3.176185e+003, 4.432696e-001
3.178113e+003, 4.444828e-001
3.180042e+003, 4.462955e-001
3.181970e+003, 4.472889e-001
3.183898e+003, 4.461830e-001
3.185827e+003, 4.458779e-001
3.187755e+003, 4.462766e-001
3.189684e+003, 4.473352e-001
3.191612e+003, 4.462011e-001
3.193541e+003, 4.449778e-001
3.195469e+003, 4.464305e-001
3.197398e+003, 4.477436e-001
3.199326e+003, 4.474199e-001
3.201255e+003, 4.463653e-001
3.203183e+003, 4.455464e-001
3.205112e+003, 4.461822e-001
3.207040e+003, 4.480610e-001
3.208969e+003, 4.489410e-001
3.210897e+003, 4.472354e-001
3.212825e+003, 4.474432e-001
3.214754e+003, 4.479166e-001
3.216682e+003, 4.462474e-001
3.218611e+003, 4.463158e-001
3.220539e+003, 4.481413e-001
3.222468e+003, 4.486925e-001
3.224396e+003, 4.481304e-001
3.226325e+003, 4.487408e-001
3.228253e+003, 4.488119e-001
3.230182e+003, 4.487571e-001
3.232110e+003, 4.480300e-001
3.234039e+003, 4.484711e-001
3.235967e+003, 4.469655e-001
3.237896e+003, 4.456058e-001
3.239824e+003, 4.458546e-001
3.241752e+003, 4.452333e-001
3.243681e+003, 4.449355e-001
3.245609e+003, 4.462626e-001
3.247538e+003, 4.494339e-001
3.249466e+003, 4.508023e-001
3.251395e+003, 4.491473e-001
3.253323e+003, 4.467950e-001
3.255252e+003, 4.466163e-001
3.257180e+003, 4.466074e-001
3.259109e+003, 4.483575e-001
3.261037e+003, 4.487853e-001
3.262966e+003, 4.487311e-001
3.264894e+003, 4.484092e-001
3.266823e+003, 4.478241e-001
3.268751e+003, 4.471866e-001
3.270679e+003, 4.476556e-001
3.272608e+003, 4.499053e-001
3.274536e+003, 4.503631e-001
3.276465e+003, 4.506001e-001
3.278393e+003, 4.509569e-001
3.280322e+003, 4.521923e-001
3.282250e+003, 4.517814e-001
3.284179e+003, 4.508043e-001
3.286107e+003, 4.525550e-001
3.288036e+003, 4.513458e-001
3.289964e+003, 4.479062e-001
3.291893e+003, 4.472788e-001
3.293821e+003, 4.477222e-001
3.295750e+003, 4.493151e-001
3.297678e+003, 4.508610e-001
3.299606e+003, 4.511454e-001
3.301535e+003, 4.502990e-001
3.303463e+003, 4.484240e-001
3.305392e+003, 4.475529e-001
3.307320e+003, 4.505983e-001
3.309249e+003, 4.495314e-001
3.311177e+003, 4.486759e-001
3.313106e+003, 4.498744e-001
3.315034e+003, 4.521128e-001
3.316963e+003, 4.523982e-001
3.318891e+003, 4.515843e-001
3.320820e+003, 4.530910e-001
3.322748e+003, 4.523760e-001
3.324677e+003, 4.501486e-001
3.326605e+003, 4.503995e-001
3.328533e+003, 4.504516e-001
3.330462e+003, 4.499183e-001
3.332390e+003, 4.502657e-001
3.334319e+003, 4.518347e-001
3.336247e+003, 4.522310e-001
3.338176e+003, 4.517162e-001
3.340104e+003, 4.512745e-001
3.342033e+003, 4.518777e-001
3.343961e+003, 4.528763e-001
3.345890e+003, 4.515084e-001
3.347818e+003, 4.498936e-001
3.349747e+003, 4.494767e-001
3.351675e+003, 4.485237e-001
3.353604e+003, 4.507595e-001
3.355532e+003, 4.517443e-001
3.357460e+003, 4.510296e-001
3.359389e+003, 4.501451e-001
3.361317e+003, 4.497643e-001
3.363246e+003, 4.516489e-001
3.365174e+003, 4.505312e-001
3.367103e+003, 4.477285e-001
3.369031e+003, 4.494669e-001
3.370960e+003, 4.503115e-001
3.372888e+003, 4.491451e-001
3.374817e+003, 4.488730e-001
3.376745e+003, 4.501422e-001
3.378674e+003, 4.509537e-001
3.380602e+003, 4.496902e-001
3.382531e+003, 4.502633e-001
3.384459e+003, 4.515207e-001
3.386387e+003, 4.489962e-001
3.388316e+003, 4.492414e-001
3.390244e+003, 4.483821e-001
3.392173e+003, 4.478205e-001
3.394101e+003, 4.474861e-001
3.396030e+003, 4.457631e-001
3.397958e+003, 4.469400e-001
3.399887e+003, 4.514234e-001
3.401815e+003, 4.537173e-001
3.403744e+003, 4.522823e-001
3.405672e+003, 4.502302e-001
3.407601e+003, 4.481623e-001
3.409529e+003, 4.490733e-001
3.411458e+003, 4.500355e-001
3.413386e+003, 4.490051e-001
3.415314e+003, 4.496700e-001
3.417243e+003, 4.504834e-001
3.419171e+003, 4.507522e-001
3.421100e+003, 4.519010e-001
3.423028e+003, 4.523053e-001
3.424957e+003, 4.497553e-001
3.426885e+003, 4.498556e-001
3.428814e+003, 4.505542e-001
3.430742e+003, 4.495796e-001
3.432671e+003, 4.492003e-001
3.434599e+003, 4.497140e-001
3.436528e+003, 4.493216e-001
3.438456e+003, 4.499823e-001
3.440385e+003, 4.507411e-001
3.442313e+003, 4.498015e-001
3.444241e+003, 4.504566e-001
3.446170e+003, 4.479521e-001
3.448098e+003, 4.473121e-001
3.450027e+003, 4.477602e-001
3.451955e+003, 4.484900e-001
3.453884e+003, 4.477657e-001
3.455812e+003, 4.465725e-001
3.457741e+003, 4.465038e-001
3.459669e+003, 4.476815e-001
3.461598e+003, 4.484590e-001
3.463526e+003, 4.477023e-001
3.465455e+003, 4.483062e-001
3.467383e+003, 4.491234e-001
3.469312e+003, 4.486155e-001
3.471240e+003, 4.482955e-001
3.473168e+003, 4.463240e-001
3.475097e+003, 4.447291e-001
3.477025e+003, 4.456279e-001
3.478954e+003, 4.472541e-001
3.480882e+003, 4.467525e-001
3.482811e+003, 4.479057e-001
3.484739e+003, 4.510372e-001
3.486668e+003, 4.492464e-001
3.488596e+003, 4.449153e-001
3.490525e+003, 4.444663e-001
3.492453e+003, 4.470306e-001
3.494382e+003, 4.491283e-001
3.496310e+003, 4.491493e-001
3.498239e+003, 4.489376e-001
3.500167e+003, 4.484017e-001
3.502095e+003, 4.480707e-001
3.504024e+003, 4.458360e-001
3.505952e+003, 4.448058e-001
3.507881e+003, 4.460278e-001
3.509809e+003, 4.461840e-001
3.511738e+003, 4.465663e-001
3.513666e+003, 4.463615e-001
3.515595e+003, 4.461847e-001
3.517523e+003, 4.469406e-001
3.519452e+003, 4.469164e-001
3.521380e+003, 4.476705e-001
3.523309e+003, 4.468320e-001
3.525237e+003, 4.462019e-001
3.527166e+003, 4.483265e-001
3.529094e+003, 4.483289e-001
3.531022e+003, 4.463130e-001
3.532951e+003, 4.439698e-001
3.534879e+003, 4.436448e-001
3.536808e+003, 4.463911e-001
3.538736e+003, 4.484587e-001
3.540665e+003, 4.468549e-001
3.542593e+003, 4.437767e-001
3.544522e+003, 4.417483e-001
3.546450e+003, 4.425494e-001
3.548379e+003, 4.431578e-001
3.550307e+003, 4.431208e-001
3.552236e+003, 4.440677e-001
3.554164e+003, 4.459570e-001
3.556093e+003, 4.465812e-001
3.558021e+003, 4.461431e-001
3.559949e+003, 4.454305e-001
3.561878e+003, 4.449438e-001
3.563806e+003, 4.436985e-001
3.565735e+003, 4.415199e-001
3.567663e+003, 4.413367e-001
3.569592e+003, 4.441034e-001
3.571520e+003, 4.442109e-001
3.573449e+003, 4.455200e-001
3.575377e+003, 4.463307e-001
3.577306e+003, 4.439060e-001
3.579234e+003, 4.412314e-001
3.581163e+003, 4.407240e-001
3.583091e+003, 4.428304e-001
3.585020e+003, 4.462973e-001
3.586948e+003, 4.451804e-001
3.588876e+003, 4.450561e-001
3.590805e+003, 4.451793e-001
3.592733e+003, 4.442564e-001
3.594662e+003, 4.442159e-001
3.596590e+003, 4.438857e-001
3.598519e+003, 4.427476e-001
3.600447e+003, 4.422173e-001
3.602376e+003, 4.433033e-001
3.604304e+003, 4.453397e-001
3.606233e+003, 4.440354e-001
3.608161e+003, 4.430912e-001
3.610090e+003, 4.431929e-001
3.612018e+003, 4.423549e-001
3.613947e+003, 4.431748e-001
3.615875e+003, 4.450364e-001
3.617803e+003, 4.436201e-001
3.619732e+003, 4.429537e-001
3.621660e+003, 4.418244e-001
3.623589e+003, 4.401658e-001
3.625517e+003, 4.426098e-001
3.627446e+003, 4.439284e-001
3.629374e+003, 4.458568e-001
3.631303e+003, 4.449882e-001
3.633231e+003, 4.437587e-001
3.635160e+003, 4.439306e-001
3.637088e+003, 4.464935e-001
3.639017e+003, 4.478796e-001
3.640945e+003, 4.465298e-001
3.642874e+003, 4.435764e-001
3.644802e+003, 4.401537e-001
3.646730e+003, 4.411015e-001
3.648659e+003, 4.438927e-001
3.650587e+003, 4.449752e-001
3.652516e+003, 4.444202e-001
3.654444e+003, 4.446773e-001
3.656373e+003, 4.459217e-001
3.658301e+003, 4.471461e-001
3.660230e+003, 4.478756e-001
3.662158e+003, 4.470195e-001
3.664087e+003, 4.468491e-001
3.666015e+003, 4.473476e-001
3.667944e+003, 4.492493e-001
3.669872e+003, 4.493871e-001
3.671801e+003, 4.477531e-001
3.673729e+003, 4.439018e-001
3.675657e+003, 4.396839e-001
3.677586e+003, 4.391526e-001
3.679514e+003, 4.401504e-001
3.681443e+003, 4.413103e-001
3.683371e+003, 4.428664e-001
3.685300e+003, 4.399256e-001
3.687228e+003, 4.409122e-001
3.689157e+003, 4.442938e-001
3.691085e+003, 4.464465e-001
3.693014e+003, 4.451248e-001
3.694942e+003, 4.432778e-001
3.696871e+003, 4.439063e-001
3.698799e+003, 4.463496e-001
3.700728e+003, 4.478125e-001
3.702656e+003, 4.491709e-001
3.704584e+003, 4.505201e-001
3.706513e+003, 4.497231e-001
3.708441e+003, 4.455006e-001
3.710370e+003, 4.469180e-001
3.712298e+003, 4.503828e-001
3.714227e+003, 4.467916e-001
3.716155e+003, 4.438565e-001
3.718084e+003, 4.440874e-001
3.720012e+003, 4.456407e-001
3.721941e+003, 4.465082e-001
3.723869e+003, 4.451037e-001
3.725798e+003, 4.459143e-001
3.727726e+003, 4.453120e-001
3.729655e+003, 4.446555e-001
3.731583e+003, 4.447200e-001
3.733511e+003, 4.454725e-001
3.735440e+003, 4.487368e-001
3.737368e+003, 4.485095e-001
3.739297e+003, 4.442055e-001
3.741225e+003, 4.445352e-001
3.743154e+003, 4.481775e-001
3.745082e+003, 4.486849e-001
3.747011e+003, 4.445785e-001
3.748939e+003, 4.450541e-001
3.750868e+003, 4.473640e-001
3.752796e+003, 4.470882e-001
3.754725e+003, 4.454778e-001
3.756653e+003, 4.457645e-001
3.758582e+003, 4.476704e-001
3.760510e+003, 4.477448e-001
3.762438e+003, 4.505976e-001
3.764367e+003, 4.499578e-001
3.766295e+003, 4.487244e-001
3.768224e+003, 4.488389e-001
3.770152e+003, 4.461797e-001
3.772081e+003, 4.448699e-001
3.774009e+003, 4.440565e-001
3.775938e+003, 4.441445e-001
3.777866e+003, 4.452824e-001
3.779795e+003, 4.465651e-001
3.781723e+003, 4.468493e-001
3.783652e+003, 4.452121e-001
3.785580e+003, 4.451017e-001
3.787509e+003, 4.452364e-001
3.789437e+003, 4.480963e-001
3.791365e+003, 4.497865e-001
3.793294e+003, 4.453548e-001
3.795222e+003, 4.435792e-001
3.797151e+003, 4.476655e-001
3.799079e+003, 4.485255e-001
3.801008e+003, 4.468708e-001
3.802936e+003, 4.466681e-001
3.804865e+003, 4.468467e-001
3.806793e+003, 4.467931e-001
3.808722e+003, 4.482654e-001
3.810650e+003, 4.468139e-001
3.812579e+003, 4.427374e-001
3.814507e+003, 4.459956e-001
3.816436e+003, 4.507546e-001
3.818364e+003, 4.505105e-001
3.820292e+003, 4.497536e-001
3.822221e+003, 4.463126e-001
3.824149e+003, 4.434372e-001
3.826078e+003, 4.476528e-001
3.828006e+003, 4.490677e-001
3.829935e+003, 4.451303e-001
3.831863e+003, 4.457422e-001
3.833792e+003, 4.483488e-001
3.835720e+003, 4.474075e-001
3.837649e+003, 4.470188e-001
3.839577e+003, 4.492504e-001
3.841506e+003, 4.506776e-001
3.843434e+003, 4.501939e-001
3.845363e+003, 4.522904e-001
3.847291e+003, 4.492583e-001
3.849219e+003, 4.455806e-001
3.851148e+003, 4.445270e-001
3.853076e+003, 4.450905e-001
3.855005e+003, 4.462467e-001
3.856933e+003, 4.475837e-001
3.858862e+003, 4.499260e-001
3.860790e+003, 4.493899e-001
3.862719e+003, 4.477491e-001
3.864647e+003, 4.468183e-001
3.866576e+003, 4.465409e-001
3.868504e+003, 4.454082e-001
3.870433e+003, 4.454934e-001
3.872361e+003, 4.460406e-001
3.874290e+003, 4.487107e-001
3.876218e+003, 4.502552e-001
3.878146e+003, 4.493152e-001
3.880075e+003, 4.468379e-001
3.882003e+003, 4.451375e-001
3.883932e+003, 4.465823e-001
3.885860e+003, 4.455240e-001
3.887789e+003, 4.454768e-001
3.889717e+003, 4.441947e-001
3.891646e+003, 4.424846e-001
3.893574e+003, 4.440179e-001
3.895503e+003, 4.449341e-001
3.897431e+003, 4.482107e-001
3.899360e+003, 4.495212e-001
3.901288e+003, 4.461928e-001
3.903217e+003, 4.438108e-001
3.905145e+003, 4.471618e-001
3.907073e+003, 4.490384e-001
3.909002e+003, 4.473579e-001
3.910930e+003, 4.484753e-001
3.912859e+003, 4.462049e-001
3.914787e+003, 4.460559e-001
3.916716e+003, 4.478860e-001
3.918644e+003, 4.461432e-001
3.920573e+003, 4.471550e-001
3.922501e+003, 4.486555e-001
3.924430e+003, 4.467468e-001
3.926358e+003, 4.471933e-001
3.928287e+003, 4.474589e-001
3.930215e+003, 4.477238e-001
3.932144e+003, 4.495817e-001
3.934072e+003, 4.474708e-001
3.936000e+003, 4.463362e-001
3.937929e+003, 4.486507e-001
3.939857e+003, 4.451414e-001
3.941786e+003, 4.411798e-001
3.943714e+003, 4.459848e-001
3.945643e+003, 4.509317e-001
3.947571e+003, 4.481682e-001
3.949500e+003, 4.442192e-001
3.951428e+003, 4.441013e-001
3.953357e+003, 4.457035e-001
3.955285e+003, 4.482241e-001
3.957214e+003, 4.475807e-001
3.959142e+003, 4.468568e-001
3.961071e+003, 4.465398e-001
3.962999e+003, 4.443576e-001
3.964927e+003, 4.437800e-001
3.966856e+003, 4.456818e-001
3.968784e+003, 4.459669e-001
3.970713e+003, 4.448385e-001
3.972641e+003, 4.456154e-001
3.974570e+003, 4.444358e-001
3.976498e+003, 4.444292e-001
3.978427e+003, 4.451933e-001
3.980355e+003, 4.425702e-001
3.982284e+003, 4.422790e-001
3.984212e+003, 4.445302e-001
3.986141e+003, 4.462729e-001
3.988069e+003, 4.444095e-001
3.989998e+003, 4.434061e-001
3.991926e+003, 4.447323e-001
3.993854e+003, 4.469307e-001
3.995783e+003, 4.499938e-001
3.997711e+003, 4.504884e-001
3.999640e+003, 4.485290e-001
4.001568e+003, 0.000000e+000
##END=



