##NAMES=Volborthite
##RRUFFID=R050216
##IDEAL CHEMISTRY=Cu^2+^_3_V^5+^_2_O_7_(OH)_2_&#183;2H_2_O
##LOCALITY=Monument Valley, White Canyon-Monument Valley District, Apache & Navajo Counties, Arizona, USA
##OWNER=RRUFF
##SOURCE=Marcus Origlieri
##DESCRIPTION=Green rosettelike aggregate of hexagonal scaly crystals
##STATUS=The identification of this mineral has been confirmed by X-ray diffraction and chemical analysis
##URL=rruff.info/R050216
##MEASURED CHEMISTRY=Cu_3.00_V_2.00_O_7_(OH)_2_·2H_2_O
3.991926e+002, 1.622018e-001
4.011211e+002, 1.645770e-001
4.030495e+002, 1.657533e-001
4.049780e+002, 1.694277e-001
4.069065e+002, 1.753546e-001
4.088349e+002, 1.805467e-001
4.107634e+002, 1.801724e-001
4.126919e+002, 1.827591e-001
4.146203e+002, 1.871654e-001
4.165488e+002, 1.885488e-001
4.184773e+002, 1.875343e-001
4.204057e+002, 1.847971e-001
4.223342e+002, 1.802054e-001
4.242627e+002, 1.797204e-001
4.261911e+002, 1.815841e-001
4.281196e+002, 1.803344e-001
4.300481e+002, 1.783089e-001
4.319765e+002, 1.770016e-001
4.339050e+002, 1.756924e-001
4.358335e+002, 1.745600e-001
4.377619e+002, 1.738518e-001
4.396904e+002, 1.736499e-001
4.416189e+002, 1.737373e-001
4.435473e+002, 1.736755e-001
4.454758e+002, 1.743678e-001
4.474043e+002, 1.774776e-001
4.493327e+002, 1.796463e-001
4.512612e+002, 1.815336e-001
4.531897e+002, 1.843118e-001
4.551181e+002, 1.863224e-001
4.570466e+002, 1.868082e-001
4.589751e+002, 1.888341e-001
4.609035e+002, 1.915548e-001
4.628320e+002, 1.936598e-001
4.647605e+002, 1.954715e-001
4.666889e+002, 1.965448e-001
4.686174e+002, 1.959257e-001
4.705459e+002, 1.947977e-001
4.724743e+002, 1.934601e-001
4.744028e+002, 1.921520e-001
4.763313e+002, 1.901581e-001
4.782597e+002, 1.879958e-001
4.801882e+002, 1.858394e-001
4.821167e+002, 1.836057e-001
4.840451e+002, 1.822820e-001
4.859736e+002, 1.820625e-001
4.879021e+002, 1.824779e-001
4.898305e+002, 1.838258e-001
4.917590e+002, 1.859193e-001
4.936875e+002, 1.895177e-001
4.956159e+002, 1.937301e-001
4.975444e+002, 1.980527e-001
4.994729e+002, 2.033800e-001
5.014013e+002, 2.092755e-001
5.033298e+002, 2.140796e-001
5.052583e+002, 2.168391e-001
5.071867e+002, 2.177433e-001
5.091152e+002, 2.152736e-001
5.110437e+002, 2.108072e-001
5.129721e+002, 2.059573e-001
5.149006e+002, 2.010802e-001
5.168290e+002, 1.967369e-001
5.187575e+002, 1.947082e-001
5.206860e+002, 1.952945e-001
5.226144e+002, 1.969062e-001
5.245429e+002, 1.990136e-001
5.264714e+002, 2.011327e-001
5.283998e+002, 2.025468e-001
5.303283e+002, 2.016254e-001
5.322568e+002, 1.983377e-001
5.341852e+002, 1.920574e-001
5.361137e+002, 1.828843e-001
5.380422e+002, 1.733088e-001
5.399706e+002, 1.655639e-001
5.418991e+002, 1.590581e-001
5.438276e+002, 1.529591e-001
5.457560e+002, 1.485327e-001
5.476845e+002, 1.454594e-001
5.496130e+002, 1.441824e-001
5.515414e+002, 1.452689e-001
5.534699e+002, 1.471242e-001
5.553984e+002, 1.483049e-001
5.573268e+002, 1.498737e-001
5.592553e+002, 1.512645e-001
5.611838e+002, 1.523381e-001
5.631122e+002, 1.513511e-001
5.650407e+002, 1.475700e-001
5.669692e+002, 1.410599e-001
5.688976e+002, 1.329745e-001
5.708261e+002, 1.245996e-001
5.727546e+002, 1.169991e-001
5.746830e+002, 1.108651e-001
5.766115e+002, 1.064324e-001
5.785400e+002, 1.030065e-001
5.804684e+002, 1.006184e-001
5.823969e+002, 9.926752e-002
5.843254e+002, 9.851839e-002
5.862538e+002, 9.780790e-002
5.881823e+002, 9.714984e-002
5.901108e+002, 9.711488e-002
5.920392e+002, 9.718974e-002
5.939677e+002, 9.742029e-002
5.958962e+002, 9.781926e-002
5.978246e+002, 9.835584e-002
5.997531e+002, 9.877516e-002
6.016816e+002, 9.945186e-002
6.036100e+002, 1.004759e-001
6.055385e+002, 1.013388e-001
6.074670e+002, 1.021976e-001
6.093954e+002, 1.031879e-001
6.113239e+002, 1.043472e-001
6.132524e+002, 1.054643e-001
6.151808e+002, 1.066163e-001
6.171093e+002, 1.079256e-001
6.190378e+002, 1.094218e-001
6.209662e+002, 1.110983e-001
6.228947e+002, 1.130962e-001
6.248232e+002, 1.150211e-001
6.267516e+002, 1.170416e-001
6.286801e+002, 1.191906e-001
6.306086e+002, 1.215135e-001
6.325370e+002, 1.238603e-001
6.344655e+002, 1.264023e-001
6.363940e+002, 1.292774e-001
6.383224e+002, 1.322001e-001
6.402509e+002, 1.350620e-001
6.421794e+002, 1.378412e-001
6.441078e+002, 1.408474e-001
6.460363e+002, 1.440485e-001
6.479648e+002, 1.471897e-001
6.498932e+002, 1.504112e-001
6.518217e+002, 1.536520e-001
6.537502e+002, 1.571637e-001
6.556786e+002, 1.610089e-001
6.576071e+002, 1.650203e-001
6.595356e+002, 1.691539e-001
6.614641e+002, 1.734423e-001
6.633925e+002, 1.781867e-001
6.653210e+002, 1.830085e-001
6.672495e+002, 1.878188e-001
6.691779e+002, 1.927077e-001
6.711064e+002, 1.975836e-001
6.730349e+002, 2.026223e-001
6.749633e+002, 2.077786e-001
6.768918e+002, 2.130623e-001
6.788203e+002, 2.188122e-001
6.807487e+002, 2.244874e-001
6.826772e+002, 2.300897e-001
6.846057e+002, 2.361065e-001
6.865341e+002, 2.422522e-001
6.884626e+002, 2.483691e-001
6.903911e+002, 2.546729e-001
6.923195e+002, 2.610461e-001
6.942480e+002, 2.665016e-001
6.961765e+002, 2.711456e-001
6.981049e+002, 2.758033e-001
7.000334e+002, 2.809739e-001
7.019619e+002, 2.863696e-001
7.038903e+002, 2.913547e-001
7.058188e+002, 2.959551e-001
7.077473e+002, 3.006752e-001
7.096757e+002, 3.050724e-001
7.116042e+002, 3.095189e-001
7.135327e+002, 3.137727e-001
7.154611e+002, 3.174088e-001
7.173896e+002, 3.202357e-001
7.193181e+002, 3.228053e-001
7.212465e+002, 3.252748e-001
7.231750e+002, 3.278648e-001
7.251035e+002, 3.298085e-001
7.270319e+002, 3.311461e-001
7.289604e+002, 3.320727e-001
7.308889e+002, 3.322261e-001
7.328173e+002, 3.313413e-001
7.347458e+002, 3.299989e-001
7.366743e+002, 3.286953e-001
7.386027e+002, 3.270951e-001
7.405312e+002, 3.247800e-001
7.424597e+002, 3.218895e-001
7.443881e+002, 3.181235e-001
7.463166e+002, 3.136046e-001
7.482451e+002, 3.081864e-001
7.501735e+002, 3.024346e-001
7.521020e+002, 2.965124e-001
7.540305e+002, 2.912602e-001
7.559589e+002, 2.863319e-001
7.578874e+002, 2.816228e-001
7.598159e+002, 2.776502e-001
7.617443e+002, 2.745455e-001
7.636728e+002, 2.717201e-001
7.656013e+002, 2.689079e-001
7.675297e+002, 2.663974e-001
7.694582e+002, 2.641171e-001
7.713867e+002, 2.617411e-001
7.733151e+002, 2.595793e-001
7.752436e+002, 2.574188e-001
7.771721e+002, 2.549204e-001
7.791005e+002, 2.522151e-001
7.810290e+002, 2.494132e-001
7.829575e+002, 2.467970e-001
7.848859e+002, 2.444297e-001
7.868144e+002, 2.419253e-001
7.887429e+002, 2.394685e-001
7.906713e+002, 2.370694e-001
7.925998e+002, 2.341757e-001
7.945283e+002, 2.309116e-001
7.964567e+002, 2.274005e-001
7.983852e+002, 2.230459e-001
8.003137e+002, 2.178874e-001
8.022421e+002, 2.123810e-001
8.041706e+002, 2.068571e-001
8.060991e+002, 2.011909e-001
8.080275e+002, 1.956673e-001
8.099560e+002, 1.902169e-001
8.118845e+002, 1.852544e-001
8.138129e+002, 1.805522e-001
8.157414e+002, 1.762452e-001
8.176699e+002, 1.722915e-001
8.195983e+002, 1.693066e-001
8.215268e+002, 1.682376e-001
8.234553e+002, 1.693348e-001
8.253837e+002, 1.731575e-001
8.273122e+002, 1.796872e-001
8.292407e+002, 1.884321e-001
8.311691e+002, 1.986689e-001
8.330976e+002, 2.096225e-001
8.350261e+002, 2.199794e-001
8.369545e+002, 2.283692e-001
8.388830e+002, 2.344571e-001
8.408115e+002, 2.377765e-001
8.427399e+002, 2.383495e-001
8.446684e+002, 2.362733e-001
8.465969e+002, 2.319664e-001
8.485253e+002, 2.257330e-001
8.504538e+002, 2.181168e-001
8.523823e+002, 2.096756e-001
8.543107e+002, 2.005929e-001
8.562392e+002, 1.914987e-001
8.581677e+002, 1.827639e-001
8.600961e+002, 1.743566e-001
8.620246e+002, 1.666322e-001
8.639531e+002, 1.596423e-001
8.658815e+002, 1.535272e-001
8.678100e+002, 1.483154e-001
8.697385e+002, 1.439512e-001
8.716669e+002, 1.402999e-001
8.735954e+002, 1.377868e-001
8.755239e+002, 1.365416e-001
8.774523e+002, 1.365299e-001
8.793808e+002, 1.375206e-001
8.813093e+002, 1.401047e-001
8.832377e+002, 1.452017e-001
8.851662e+002, 1.536285e-001
8.870947e+002, 1.656735e-001
8.890231e+002, 1.808090e-001
8.909516e+002, 1.957767e-001
8.928801e+002, 2.056725e-001
8.948085e+002, 2.070017e-001
8.967370e+002, 2.001908e-001
8.986655e+002, 1.882790e-001
9.005939e+002, 1.745843e-001
9.025224e+002, 1.611414e-001
9.044509e+002, 1.485393e-001
9.063793e+002, 1.368023e-001
9.083078e+002, 1.259585e-001
9.102363e+002, 1.156338e-001
9.121647e+002, 1.058157e-001
9.140932e+002, 9.661739e-002
9.160217e+002, 8.814100e-002
9.179501e+002, 8.070283e-002
9.198786e+002, 7.434797e-002
9.218071e+002, 6.887048e-002
9.237355e+002, 6.399858e-002
9.256640e+002, 5.983715e-002
9.275925e+002, 5.654185e-002
9.295209e+002, 5.374612e-002
9.314494e+002, 5.146234e-002
9.333779e+002, 4.963983e-002
9.353063e+002, 4.834925e-002
9.372348e+002, 4.734992e-002
9.391633e+002, 4.661322e-002
9.410917e+002, 4.600679e-002
9.430202e+002, 4.554205e-002
9.449487e+002, 4.535012e-002
9.468771e+002, 4.541903e-002
9.488056e+002, 4.565529e-002
9.507341e+002, 4.622381e-002
9.526625e+002, 4.707678e-002
9.545910e+002, 4.812381e-002
9.565195e+002, 4.931615e-002
9.584479e+002, 5.061832e-002
9.603764e+002, 5.222157e-002
9.623049e+002, 5.415013e-002
9.642333e+002, 5.625142e-002
9.661618e+002, 5.851206e-002
9.680903e+002, 6.070044e-002
9.700187e+002, 6.302402e-002
9.719472e+002, 6.567066e-002
9.738757e+002, 6.859038e-002
9.758041e+002, 7.162438e-002
9.777326e+002, 7.487632e-002
9.796611e+002, 7.822563e-002
9.815895e+002, 8.164472e-002
9.835180e+002, 8.522660e-002
9.854465e+002, 8.882871e-002
9.873749e+002, 9.259456e-002
9.893034e+002, 9.643676e-002
9.912319e+002, 1.002214e-001
9.931603e+002, 1.040084e-001
9.950888e+002, 1.077766e-001
9.970173e+002, 1.116106e-001
9.989457e+002, 1.154533e-001
1.000874e+003, 1.193277e-001
1.002803e+003, 1.232327e-001
1.004731e+003, 1.269782e-001
1.006660e+003, 1.304352e-001
1.008588e+003, 1.337310e-001
1.010517e+003, 1.365768e-001
1.012445e+003, 1.389734e-001
1.014373e+003, 1.409449e-001
1.016302e+003, 1.425824e-001
1.018230e+003, 1.437155e-001
1.020159e+003, 1.444222e-001
1.022087e+003, 1.444896e-001
1.024016e+003, 1.440969e-001
1.025944e+003, 1.433632e-001
1.027873e+003, 1.423057e-001
1.029801e+003, 1.408393e-001
1.031730e+003, 1.387725e-001
1.033658e+003, 1.363745e-001
1.035587e+003, 1.335442e-001
1.037515e+003, 1.302084e-001
1.039443e+003, 1.267966e-001
1.041372e+003, 1.231989e-001
1.043300e+003, 1.194892e-001
1.045229e+003, 1.160971e-001
1.047157e+003, 1.126840e-001
1.049086e+003, 1.091595e-001
1.051014e+003, 1.059728e-001
1.052943e+003, 1.030153e-001
1.054871e+003, 1.002181e-001
1.056800e+003, 9.750389e-002
1.058728e+003, 9.516036e-002
1.060657e+003, 9.302348e-002
1.062585e+003, 9.085056e-002
1.064514e+003, 8.864211e-002
1.066442e+003, 8.676182e-002
1.068370e+003, 8.500639e-002
1.070299e+003, 8.348192e-002
1.072227e+003, 8.214780e-002
1.074156e+003, 8.101682e-002
1.076084e+003, 8.027261e-002
1.078013e+003, 7.956886e-002
1.079941e+003, 7.881631e-002
1.081870e+003, 7.834434e-002
1.083798e+003, 7.769480e-002
1.085727e+003, 7.697295e-002
1.087655e+003, 7.623506e-002
1.089584e+003, 7.558478e-002
1.091512e+003, 7.497819e-002
1.093441e+003, 7.422854e-002
1.095369e+003, 7.322115e-002
1.097297e+003, 7.218730e-002
1.099226e+003, 7.105143e-002
1.101154e+003, 6.997156e-002
1.103083e+003, 6.867540e-002
1.105011e+003, 6.713674e-002
1.106940e+003, 6.564948e-002
1.108868e+003, 6.409888e-002
1.110797e+003, 6.228011e-002
1.112725e+003, 6.052264e-002
1.114654e+003, 5.876968e-002
1.116582e+003, 5.692238e-002
1.118511e+003, 5.495401e-002
1.120439e+003, 5.298898e-002
1.122368e+003, 5.119808e-002
1.124296e+003, 4.951625e-002
1.126224e+003, 4.782660e-002
1.128153e+003, 4.606379e-002
1.130081e+003, 4.446285e-002
1.132010e+003, 4.305770e-002
1.133938e+003, 4.154353e-002
1.135867e+003, 4.013133e-002
1.137795e+003, 3.878677e-002
1.139724e+003, 3.769792e-002
1.141652e+003, 3.663510e-002
1.143581e+003, 3.541918e-002
1.145509e+003, 3.425254e-002
1.147438e+003, 3.329968e-002
1.149366e+003, 3.247434e-002
1.151295e+003, 3.171818e-002
1.153223e+003, 3.080478e-002
1.155151e+003, 2.988102e-002
1.157080e+003, 2.935983e-002
1.159008e+003, 2.905025e-002
1.160937e+003, 2.878323e-002
1.162865e+003, 2.876761e-002
1.164794e+003, 2.851536e-002
1.166722e+003, 2.796166e-002
1.168651e+003, 2.733255e-002
1.170579e+003, 2.662269e-002
1.172508e+003, 2.596305e-002
1.174436e+003, 2.541606e-002
1.176365e+003, 2.490746e-002
1.178293e+003, 2.431974e-002
1.180222e+003, 2.377078e-002
1.182150e+003, 2.325386e-002
1.184078e+003, 2.274717e-002
1.186007e+003, 2.232775e-002
1.187935e+003, 2.196307e-002
1.189864e+003, 2.152662e-002
1.191792e+003, 2.090389e-002
1.193721e+003, 2.048391e-002
1.195649e+003, 1.995993e-002
1.197578e+003, 1.937989e-002
1.199506e+003, 1.868291e-002
1.201435e+003, 1.812719e-002
1.203363e+003, 1.772400e-002
1.205292e+003, 1.714115e-002
1.207220e+003, 1.663798e-002
1.209149e+003, 1.601130e-002
1.211077e+003, 1.534789e-002
1.213005e+003, 1.506123e-002
1.214934e+003, 1.480721e-002
1.216862e+003, 1.440705e-002
1.218791e+003, 1.398690e-002
1.220719e+003, 1.367722e-002
1.222648e+003, 1.339616e-002
1.224576e+003, 1.317570e-002
1.226505e+003, 1.303667e-002
1.228433e+003, 1.287046e-002
1.230362e+003, 1.257641e-002
1.232290e+003, 1.241795e-002
1.234219e+003, 1.231091e-002
1.236147e+003, 1.219224e-002
1.238076e+003, 1.212772e-002
1.240004e+003, 1.217855e-002
1.241932e+003, 1.212909e-002
1.243861e+003, 1.211286e-002
1.245789e+003, 1.210331e-002
1.247718e+003, 1.208425e-002
1.249646e+003, 1.200476e-002
1.251575e+003, 1.182380e-002
1.253503e+003, 1.176926e-002
1.255432e+003, 1.183762e-002
1.257360e+003, 1.180612e-002
1.259289e+003, 1.179579e-002
1.261217e+003, 1.166681e-002
1.263146e+003, 1.168666e-002
1.265074e+003, 1.192305e-002
1.267003e+003, 1.204935e-002
1.268931e+003, 1.204925e-002
1.270859e+003, 1.210032e-002
1.272788e+003, 1.230602e-002
1.274716e+003, 1.285534e-002
1.276645e+003, 1.337021e-002
1.278573e+003, 1.384636e-002
1.280502e+003, 1.426907e-002
1.282430e+003, 1.439816e-002
1.284359e+003, 1.433890e-002
1.286287e+003, 1.428631e-002
1.288216e+003, 1.417830e-002
1.290144e+003, 1.398640e-002
1.292073e+003, 1.376203e-002
1.294001e+003, 1.352387e-002
1.295930e+003, 1.335110e-002
1.297858e+003, 1.315633e-002
1.299786e+003, 1.290685e-002
1.301715e+003, 1.273946e-002
1.303643e+003, 1.266861e-002
1.305572e+003, 1.263303e-002
1.307500e+003, 1.258037e-002
1.309429e+003, 1.247349e-002
1.311357e+003, 1.231371e-002
1.313286e+003, 1.222577e-002
1.315214e+003, 1.206179e-002
1.317143e+003, 1.198789e-002
1.319071e+003, 1.193796e-002
1.321000e+003, 1.192717e-002
1.322928e+003, 1.196221e-002
1.324857e+003, 1.198651e-002
1.326785e+003, 1.197159e-002
1.328714e+003, 1.192831e-002
1.330642e+003, 1.183716e-002
1.332570e+003, 1.194527e-002
1.334499e+003, 1.199230e-002
1.336427e+003, 1.193803e-002
1.338356e+003, 1.192669e-002
1.340284e+003, 1.201351e-002
1.342213e+003, 1.206671e-002
1.344141e+003, 1.201007e-002
1.346070e+003, 1.196844e-002
1.347998e+003, 1.209711e-002
1.349927e+003, 1.218561e-002
1.351855e+003, 1.220425e-002
1.353784e+003, 1.223874e-002
1.355712e+003, 1.225948e-002
1.357641e+003, 1.221735e-002
1.359569e+003, 1.229762e-002
1.361497e+003, 1.243037e-002
1.363426e+003, 1.257874e-002
1.365354e+003, 1.260998e-002
1.367283e+003, 1.257957e-002
1.369211e+003, 1.260079e-002
1.371140e+003, 1.275447e-002
1.373068e+003, 1.287077e-002
1.374997e+003, 1.298000e-002
1.376925e+003, 1.294226e-002
1.378854e+003, 1.303308e-002
1.380782e+003, 1.319080e-002
1.382711e+003, 1.329878e-002
1.384639e+003, 1.338023e-002
1.386568e+003, 1.352604e-002
1.388496e+003, 1.349597e-002
1.390424e+003, 1.355500e-002
1.392353e+003, 1.375661e-002
1.394281e+003, 1.384131e-002
1.396210e+003, 1.377673e-002
1.398138e+003, 1.385107e-002
1.400067e+003, 1.393534e-002
1.401995e+003, 1.391228e-002
1.403924e+003, 1.393418e-002
1.405852e+003, 1.406042e-002
1.407781e+003, 1.416119e-002
1.409709e+003, 1.410138e-002
1.411638e+003, 1.398652e-002
1.413566e+003, 1.388355e-002
1.415495e+003, 1.377350e-002
1.417423e+003, 1.378314e-002
1.419351e+003, 1.400060e-002
1.421280e+003, 1.391605e-002
1.423208e+003, 1.388227e-002
1.425137e+003, 1.398560e-002
1.427065e+003, 1.400685e-002
1.428994e+003, 1.417041e-002
1.430922e+003, 1.430343e-002
1.432851e+003, 1.439083e-002
1.434779e+003, 1.475767e-002
1.436708e+003, 1.524495e-002
1.438636e+003, 1.528588e-002
1.440565e+003, 1.512072e-002
1.442493e+003, 1.492296e-002
1.444422e+003, 1.460726e-002
1.446350e+003, 1.452596e-002
1.448278e+003, 1.451798e-002
1.450207e+003, 1.451415e-002
1.452135e+003, 1.469014e-002
1.454064e+003, 1.479458e-002
1.455992e+003, 1.505806e-002
1.457921e+003, 1.517211e-002
1.459849e+003, 1.496536e-002
1.461778e+003, 1.488472e-002
1.463706e+003, 1.499710e-002
1.465635e+003, 1.497211e-002
1.467563e+003, 1.486717e-002
1.469492e+003, 1.483876e-002
1.471420e+003, 1.499518e-002
1.473349e+003, 1.509220e-002
1.475277e+003, 1.499230e-002
1.477205e+003, 1.490934e-002
1.479134e+003, 1.497927e-002
1.481062e+003, 1.506260e-002
1.482991e+003, 1.511168e-002
1.484919e+003, 1.532458e-002
1.486848e+003, 1.547446e-002
1.488776e+003, 1.556688e-002
1.490705e+003, 1.569741e-002
1.492633e+003, 1.574706e-002
1.494562e+003, 1.579663e-002
1.496490e+003, 1.584775e-002
1.498419e+003, 1.592332e-002
1.500347e+003, 1.595263e-002
1.502276e+003, 1.601165e-002
1.504204e+003, 1.643273e-002
1.506132e+003, 1.698020e-002
1.508061e+003, 1.698635e-002
1.509989e+003, 1.659563e-002
1.511918e+003, 1.647267e-002
1.513846e+003, 1.657433e-002
1.515775e+003, 1.669800e-002
1.517703e+003, 1.672363e-002
1.519632e+003, 1.689436e-002
1.521560e+003, 1.712288e-002
1.523489e+003, 1.704761e-002
1.525417e+003, 1.708998e-002
1.527346e+003, 1.703655e-002
1.529274e+003, 1.698851e-002
1.531203e+003, 1.699900e-002
1.533131e+003, 1.709071e-002
1.535059e+003, 1.711644e-002
1.536988e+003, 1.744117e-002
1.538916e+003, 1.785792e-002
1.540845e+003, 1.788020e-002
1.542773e+003, 1.763628e-002
1.544702e+003, 1.765402e-002
1.546630e+003, 1.769753e-002
1.548559e+003, 1.782717e-002
1.550487e+003, 1.794476e-002
1.552416e+003, 1.811216e-002
1.554344e+003, 1.839394e-002
1.556273e+003, 1.867248e-002
1.558201e+003, 1.924491e-002
1.560130e+003, 1.928878e-002
1.562058e+003, 1.901368e-002
1.563986e+003, 1.911236e-002
1.565915e+003, 1.926460e-002
1.567843e+003, 1.951859e-002
1.569772e+003, 1.986527e-002
1.571700e+003, 2.008385e-002
1.573629e+003, 2.038783e-002
1.575557e+003, 2.097855e-002
1.577486e+003, 2.127263e-002
1.579414e+003, 2.148452e-002
1.581343e+003, 2.182818e-002
1.583271e+003, 2.221854e-002
1.585200e+003, 2.293377e-002
1.587128e+003, 2.365055e-002
1.589057e+003, 2.430822e-002
1.590985e+003, 2.503402e-002
1.592913e+003, 2.602511e-002
1.594842e+003, 2.731036e-002
1.596770e+003, 2.876514e-002
1.598699e+003, 3.054138e-002
1.600627e+003, 3.267277e-002
1.602556e+003, 3.538707e-002
1.604484e+003, 3.859717e-002
1.606413e+003, 4.253781e-002
1.608341e+003, 4.734267e-002
1.610270e+003, 5.220193e-002
1.612198e+003, 5.582219e-002
1.614127e+003, 5.674023e-002
1.616055e+003, 5.424369e-002
1.617984e+003, 4.889545e-002
1.619912e+003, 4.282556e-002
1.621840e+003, 3.779111e-002
1.623769e+003, 3.389143e-002
1.625697e+003, 3.087582e-002
1.627626e+003, 2.861793e-002
1.629554e+003, 2.681955e-002
1.631483e+003, 2.556218e-002
1.633411e+003, 2.490023e-002
1.635340e+003, 2.432103e-002
1.637268e+003, 2.350290e-002
1.639197e+003, 2.272955e-002
1.641125e+003, 2.217159e-002
1.643054e+003, 2.183999e-002
1.644982e+003, 2.170345e-002
1.646911e+003, 2.130809e-002
1.648839e+003, 2.070163e-002
1.650767e+003, 2.068672e-002
1.652696e+003, 2.093885e-002
1.654624e+003, 2.044377e-002
1.656553e+003, 1.994705e-002
1.658481e+003, 1.988530e-002
1.660410e+003, 1.975919e-002
1.662338e+003, 1.961420e-002
1.664267e+003, 1.942829e-002
1.666195e+003, 1.926345e-002
1.668124e+003, 1.939446e-002
1.670052e+003, 1.938801e-002
1.671981e+003, 1.935373e-002
1.673909e+003, 1.955874e-002
1.675838e+003, 1.964140e-002
1.677766e+003, 1.921924e-002
1.679694e+003, 1.901891e-002
1.681623e+003, 1.930124e-002
1.683551e+003, 1.980603e-002
1.685480e+003, 1.978999e-002
1.687408e+003, 1.948649e-002
1.689337e+003, 1.943656e-002
1.691265e+003, 1.957327e-002
1.693194e+003, 1.985929e-002
1.695122e+003, 2.042608e-002
1.697051e+003, 2.076076e-002
1.698979e+003, 2.139501e-002
1.700908e+003, 2.187022e-002
1.702836e+003, 2.157759e-002
1.704765e+003, 2.143612e-002
1.706693e+003, 2.130712e-002
1.708621e+003, 2.124963e-002
1.710550e+003, 2.115050e-002
1.712478e+003, 2.105024e-002
1.714407e+003, 2.090917e-002
1.716335e+003, 2.077917e-002
1.718264e+003, 2.064196e-002
1.720192e+003, 2.047149e-002
1.722121e+003, 2.028171e-002
1.724049e+003, 2.022119e-002
1.725978e+003, 2.026367e-002
1.727906e+003, 2.025184e-002
1.729835e+003, 2.013549e-002
1.731763e+003, 2.018735e-002
1.733692e+003, 2.027031e-002
1.735620e+003, 1.985027e-002
1.737548e+003, 1.930710e-002
1.739477e+003, 1.914165e-002
1.741405e+003, 1.916778e-002
1.743334e+003, 1.920157e-002
1.745262e+003, 1.908533e-002
1.747191e+003, 1.907620e-002
1.749119e+003, 1.924746e-002
1.751048e+003, 1.935973e-002
1.752976e+003, 1.925535e-002
1.754905e+003, 1.935716e-002
1.756833e+003, 1.954104e-002
1.758762e+003, 1.960709e-002
1.760690e+003, 1.982135e-002
1.762619e+003, 1.984959e-002
1.764547e+003, 1.989999e-002
1.766475e+003, 2.019282e-002
1.768404e+003, 2.022606e-002
1.770332e+003, 2.035574e-002
1.772261e+003, 2.053362e-002
1.774189e+003, 2.033001e-002
1.776118e+003, 2.033162e-002
1.778046e+003, 2.040409e-002
1.779975e+003, 2.035137e-002
1.781903e+003, 2.036681e-002
1.783832e+003, 2.054003e-002
1.785760e+003, 2.073870e-002
1.787689e+003, 2.096329e-002
1.789617e+003, 2.098657e-002
1.791546e+003, 2.097077e-002
1.793474e+003, 2.105690e-002
1.795402e+003, 2.129184e-002
1.797331e+003, 2.141435e-002
1.799259e+003, 2.139137e-002
1.801188e+003, 2.136768e-002
1.803116e+003, 2.132806e-002
1.805045e+003, 2.122028e-002
1.806973e+003, 2.124479e-002
1.808902e+003, 2.144558e-002
1.810830e+003, 2.145765e-002
1.812759e+003, 2.126024e-002
1.814687e+003, 2.126494e-002
1.816616e+003, 2.133979e-002
1.818544e+003, 2.149085e-002
1.820473e+003, 2.152846e-002
1.822401e+003, 2.163081e-002
1.824329e+003, 2.188583e-002
1.826258e+003, 2.203363e-002
1.828186e+003, 2.214067e-002
1.830115e+003, 2.236040e-002
1.832043e+003, 2.228913e-002
1.833972e+003, 2.215775e-002
1.835900e+003, 2.235233e-002
1.837829e+003, 2.246004e-002
1.839757e+003, 2.258795e-002
1.841686e+003, 2.273347e-002
1.843614e+003, 2.274527e-002
1.845543e+003, 2.310144e-002
1.847471e+003, 2.342950e-002
1.849400e+003, 2.345434e-002
1.851328e+003, 2.350179e-002
1.853256e+003, 2.365305e-002
1.855185e+003, 2.358429e-002
1.857113e+003, 2.357124e-002
1.859042e+003, 2.370627e-002
1.860970e+003, 2.383227e-002
1.862899e+003, 2.411060e-002
1.864827e+003, 2.477316e-002
1.866756e+003, 2.492053e-002
1.868684e+003, 2.484234e-002
1.870613e+003, 2.492083e-002
1.872541e+003, 2.507436e-002
1.874470e+003, 2.497753e-002
1.876398e+003, 2.500438e-002
1.878327e+003, 2.528316e-002
1.880255e+003, 2.544961e-002
1.882183e+003, 2.549932e-002
1.884112e+003, 2.563198e-002
1.886040e+003, 2.571458e-002
1.887969e+003, 2.609275e-002
1.889897e+003, 2.626894e-002
1.891826e+003, 2.597905e-002
1.893754e+003, 2.593345e-002
1.895683e+003, 2.615416e-002
1.897611e+003, 2.635421e-002
1.899540e+003, 2.691255e-002
1.901468e+003, 2.718687e-002
1.903397e+003, 2.735634e-002
1.905325e+003, 2.750303e-002
1.907254e+003, 2.788922e-002
1.909182e+003, 2.813708e-002
1.911110e+003, 2.807419e-002
1.913039e+003, 2.818475e-002
1.914967e+003, 2.818132e-002
1.916896e+003, 2.835433e-002
1.918824e+003, 2.898879e-002
1.920753e+003, 2.958244e-002
1.922681e+003, 2.960639e-002
1.924610e+003, 2.938677e-002
1.926538e+003, 2.962624e-002
1.928467e+003, 3.012069e-002
1.930395e+003, 3.052624e-002
1.932324e+003, 3.079242e-002
1.934252e+003, 3.084935e-002
1.936181e+003, 3.097029e-002
1.938109e+003, 3.188260e-002
1.940037e+003, 3.215190e-002
1.941966e+003, 3.231529e-002
1.943894e+003, 3.267933e-002
1.945823e+003, 3.265351e-002
1.947751e+003, 3.219654e-002
1.949680e+003, 3.253609e-002
1.951608e+003, 3.326285e-002
1.953537e+003, 3.335476e-002
1.955465e+003, 3.446823e-002
1.957394e+003, 3.512520e-002
1.959322e+003, 3.468017e-002
1.961251e+003, 3.473603e-002
1.963179e+003, 3.507989e-002
1.965108e+003, 3.502411e-002
1.967036e+003, 3.563127e-002
1.968964e+003, 3.595723e-002
1.970893e+003, 3.612077e-002
1.972821e+003, 3.586154e-002
1.974750e+003, 3.519747e-002
1.976678e+003, 3.533550e-002
1.978607e+003, 3.576663e-002
1.980535e+003, 3.601263e-002
1.982464e+003, 3.601716e-002
1.984392e+003, 3.610108e-002
1.986321e+003, 3.563723e-002
1.988249e+003, 3.621659e-002
1.990178e+003, 3.683458e-002
1.992106e+003, 3.645351e-002
1.994035e+003, 3.628904e-002
1.995963e+003, 3.642697e-002
1.997891e+003, 3.561546e-002
1.999820e+003, 3.475190e-002
2.001748e+003, 3.478106e-002
2.003677e+003, 3.468074e-002
2.005605e+003, 3.394517e-002
2.007534e+003, 3.311800e-002
2.009462e+003, 3.297348e-002
2.011391e+003, 3.364972e-002
2.013319e+003, 3.266060e-002
2.015248e+003, 3.250662e-002
2.017176e+003, 3.316815e-002
2.019105e+003, 3.304979e-002
2.021033e+003, 3.129101e-002
2.022962e+003, 3.068531e-002
2.024890e+003, 3.052581e-002
2.026818e+003, 2.991497e-002
2.028747e+003, 3.036824e-002
2.030675e+003, 2.985871e-002
2.032604e+003, 2.926210e-002
2.034532e+003, 3.001794e-002
2.036461e+003, 2.924578e-002
2.038389e+003, 2.928032e-002
2.040318e+003, 2.903735e-002
2.042246e+003, 2.849560e-002
2.044175e+003, 2.916364e-002
2.046103e+003, 3.010583e-002
2.048031e+003, 3.025109e-002
2.049960e+003, 3.025400e-002
2.051888e+003, 2.957535e-002
2.053817e+003, 2.887570e-002
2.055745e+003, 2.922553e-002
2.057674e+003, 2.917771e-002
2.059602e+003, 2.833710e-002
2.061531e+003, 2.865042e-002
2.063459e+003, 2.965562e-002
2.065388e+003, 3.004297e-002
2.067316e+003, 3.005260e-002
2.069245e+003, 3.048810e-002
2.071173e+003, 3.045191e-002
2.073102e+003, 3.013529e-002
2.075030e+003, 2.986541e-002
2.076958e+003, 2.973647e-002
2.078887e+003, 2.954847e-002
2.080815e+003, 2.904900e-002
2.082744e+003, 2.895578e-002
2.084672e+003, 2.959359e-002
2.086601e+003, 2.974827e-002
2.088529e+003, 2.997165e-002
2.090458e+003, 3.038028e-002
2.092386e+003, 3.040902e-002
2.094315e+003, 3.032964e-002
2.096243e+003, 3.024784e-002
2.098172e+003, 3.039455e-002
2.100100e+003, 3.016014e-002
2.102029e+003, 2.983638e-002
2.103957e+003, 3.016077e-002
2.105885e+003, 3.027871e-002
2.107814e+003, 2.998438e-002
2.109742e+003, 3.049184e-002
2.111671e+003, 3.076829e-002
2.113599e+003, 3.030051e-002
2.115528e+003, 3.027810e-002
2.117456e+003, 3.091579e-002
2.119385e+003, 3.101824e-002
2.121313e+003, 3.119362e-002
2.123242e+003, 3.167591e-002
2.125170e+003, 3.111486e-002
2.127099e+003, 3.087634e-002
2.129027e+003, 3.119227e-002
2.130956e+003, 3.204693e-002
2.132884e+003, 3.182781e-002
2.134813e+003, 3.026378e-002
2.136741e+003, 2.985182e-002
2.138669e+003, 3.034833e-002
2.140598e+003, 3.067759e-002
2.142526e+003, 3.138851e-002
2.144455e+003, 3.222015e-002
2.146383e+003, 3.239668e-002
2.148312e+003, 3.132713e-002
2.150240e+003, 3.083132e-002
2.152169e+003, 3.073037e-002
2.154097e+003, 2.978781e-002
2.156026e+003, 2.905848e-002
2.157954e+003, 3.005073e-002
2.159883e+003, 3.189396e-002
2.161811e+003, 3.082911e-002
2.163740e+003, 2.906395e-002
2.165668e+003, 2.906484e-002
2.167596e+003, 2.960605e-002
2.169525e+003, 3.048861e-002
2.171453e+003, 3.025424e-002
2.173382e+003, 3.056037e-002
2.175310e+003, 3.145775e-002
2.177239e+003, 3.101893e-002
2.179167e+003, 3.010527e-002
2.181096e+003, 3.100660e-002
2.183024e+003, 3.171820e-002
2.184953e+003, 3.156897e-002
2.186881e+003, 3.145212e-002
2.188810e+003, 3.118551e-002
2.190738e+003, 3.050846e-002
2.192667e+003, 2.972643e-002
2.194595e+003, 2.929302e-002
2.196523e+003, 2.952300e-002
2.198452e+003, 2.923109e-002
2.200380e+003, 2.947724e-002
2.202309e+003, 3.051009e-002
2.204237e+003, 3.076161e-002
2.206166e+003, 3.101637e-002
2.208094e+003, 3.167009e-002
2.210023e+003, 3.141367e-002
2.211951e+003, 3.128842e-002
2.213880e+003, 3.143771e-002
2.215808e+003, 3.132917e-002
2.217737e+003, 3.081244e-002
2.219665e+003, 3.065085e-002
2.221594e+003, 3.105605e-002
2.223522e+003, 3.137537e-002
2.225450e+003, 3.122626e-002
2.227379e+003, 3.086205e-002
2.229307e+003, 3.109882e-002
2.231236e+003, 3.147849e-002
2.233164e+003, 3.163114e-002
2.235093e+003, 3.165088e-002
2.237021e+003, 3.165629e-002
2.238950e+003, 3.155214e-002
2.240878e+003, 3.137395e-002
2.242807e+003, 3.084338e-002
2.244735e+003, 3.097024e-002
2.246664e+003, 3.142188e-002
2.248592e+003, 3.139384e-002
2.250521e+003, 3.155839e-002
2.252449e+003, 3.166383e-002
2.254377e+003, 3.163901e-002
2.256306e+003, 3.174299e-002
2.258234e+003, 3.158874e-002
2.260163e+003, 3.153528e-002
2.262091e+003, 3.182895e-002
2.264020e+003, 3.226708e-002
2.265948e+003, 3.238294e-002
2.267877e+003, 3.255953e-002
2.269805e+003, 3.243238e-002
2.271734e+003, 3.161379e-002
2.273662e+003, 3.103352e-002
2.275591e+003, 3.131835e-002
2.277519e+003, 3.173607e-002
2.279448e+003, 3.206434e-002
2.281376e+003, 3.252741e-002
2.283304e+003, 3.263700e-002
2.285233e+003, 3.234448e-002
2.287161e+003, 3.227289e-002
2.289090e+003, 3.254867e-002
2.291018e+003, 3.234018e-002
2.292947e+003, 3.218055e-002
2.294875e+003, 3.243979e-002
2.296804e+003, 3.270074e-002
2.298732e+003, 3.255428e-002
2.300661e+003, 3.250724e-002
2.302589e+003, 3.272840e-002
2.304518e+003, 3.289807e-002
2.306446e+003, 3.302962e-002
2.308375e+003, 3.304838e-002
2.310303e+003, 3.306523e-002
2.312231e+003, 3.301555e-002
2.314160e+003, 3.303215e-002
2.316088e+003, 3.333023e-002
2.318017e+003, 3.362708e-002
2.319945e+003, 3.374066e-002
2.321874e+003, 3.379074e-002
2.323802e+003, 3.378553e-002
2.325731e+003, 3.387158e-002
2.327659e+003, 3.410824e-002
2.329588e+003, 3.429100e-002
2.331516e+003, 3.433809e-002
2.333445e+003, 3.445207e-002
2.335373e+003, 3.488403e-002
2.337302e+003, 3.481265e-002
2.339230e+003, 3.473566e-002
2.341158e+003, 3.473588e-002
2.343087e+003, 3.458874e-002
2.345015e+003, 3.443289e-002
2.346944e+003, 3.443611e-002
2.348872e+003, 3.458300e-002
2.350801e+003, 3.466691e-002
2.352729e+003, 3.466769e-002
2.354658e+003, 3.496329e-002
2.356586e+003, 3.530798e-002
2.358515e+003, 3.570273e-002
2.360443e+003, 3.608078e-002
2.362372e+003, 3.610361e-002
2.364300e+003, 3.592570e-002
2.366229e+003, 3.592780e-002
2.368157e+003, 3.592621e-002
2.370085e+003, 3.583763e-002
2.372014e+003, 3.569347e-002
2.373942e+003, 3.556599e-002
2.375871e+003, 3.575118e-002
2.377799e+003, 3.579504e-002
2.379728e+003, 3.548618e-002
2.381656e+003, 3.557709e-002
2.383585e+003, 3.557892e-002
2.385513e+003, 3.545769e-002
2.387442e+003, 3.579615e-002
2.389370e+003, 3.584367e-002
2.391299e+003, 3.586276e-002
2.393227e+003, 3.605890e-002
2.395156e+003, 3.630785e-002
2.397084e+003, 3.619447e-002
2.399012e+003, 3.590464e-002
2.400941e+003, 3.587554e-002
2.402869e+003, 3.608928e-002
2.404798e+003, 3.619884e-002
2.406726e+003, 3.644906e-002
2.408655e+003, 3.667200e-002
2.410583e+003, 3.630850e-002
2.412512e+003, 3.613357e-002
2.414440e+003, 3.652281e-002
2.416369e+003, 3.710359e-002
2.418297e+003, 3.727757e-002
2.420226e+003, 3.730422e-002
2.422154e+003, 3.709473e-002
2.424083e+003, 3.698541e-002
2.426011e+003, 3.725015e-002
2.427939e+003, 3.720359e-002
2.429868e+003, 3.703566e-002
2.431796e+003, 3.701590e-002
2.433725e+003, 3.735397e-002
2.435653e+003, 3.755381e-002
2.437582e+003, 3.764832e-002
2.439510e+003, 3.807485e-002
2.441439e+003, 3.835436e-002
2.443367e+003, 3.845206e-002
2.445296e+003, 3.851341e-002
2.447224e+003, 3.838329e-002
2.449153e+003, 3.819296e-002
2.451081e+003, 3.846812e-002
2.453010e+003, 3.853538e-002
2.454938e+003, 3.870416e-002
2.456866e+003, 3.878268e-002
2.458795e+003, 3.865793e-002
2.460723e+003, 3.832776e-002
2.462652e+003, 3.828786e-002
2.464580e+003, 3.867329e-002
2.466509e+003, 3.880786e-002
2.468437e+003, 3.878579e-002
2.470366e+003, 3.899331e-002
2.472294e+003, 3.934474e-002
2.474223e+003, 3.944380e-002
2.476151e+003, 3.927771e-002
2.478080e+003, 3.918396e-002
2.480008e+003, 3.942659e-002
2.481937e+003, 3.966720e-002
2.483865e+003, 3.985147e-002
2.485793e+003, 4.008899e-002
2.487722e+003, 3.992361e-002
2.489650e+003, 3.978929e-002
2.491579e+003, 3.980854e-002
2.493507e+003, 4.012465e-002
2.495436e+003, 4.047913e-002
2.497364e+003, 4.043655e-002
2.499293e+003, 4.060136e-002
2.501221e+003, 4.084254e-002
2.503150e+003, 4.125853e-002
2.505078e+003, 4.150639e-002
2.507007e+003, 4.152997e-002
2.508935e+003, 4.147227e-002
2.510864e+003, 4.087829e-002
2.512792e+003, 4.070795e-002
2.514720e+003, 4.087802e-002
2.516649e+003, 4.147185e-002
2.518577e+003, 4.181294e-002
2.520506e+003, 4.173624e-002
2.522434e+003, 4.189313e-002
2.524363e+003, 4.214930e-002
2.526291e+003, 4.223830e-002
2.528220e+003, 4.216007e-002
2.530148e+003, 4.220853e-002
2.532077e+003, 4.253794e-002
2.534005e+003, 4.253474e-002
2.535934e+003, 4.270668e-002
2.537862e+003, 4.316171e-002
2.539791e+003, 4.347065e-002
2.541719e+003, 4.360432e-002
2.543647e+003, 4.335424e-002
2.545576e+003, 4.342983e-002
2.547504e+003, 4.366695e-002
2.549433e+003, 4.395461e-002
2.551361e+003, 4.401195e-002
2.553290e+003, 4.404074e-002
2.555218e+003, 4.427858e-002
2.557147e+003, 4.419754e-002
2.559075e+003, 4.401287e-002
2.561004e+003, 4.442625e-002
2.562932e+003, 4.485634e-002
2.564861e+003, 4.468289e-002
2.566789e+003, 4.523034e-002
2.568718e+003, 4.567532e-002
2.570646e+003, 4.551512e-002
2.572574e+003, 4.566798e-002
2.574503e+003, 4.576655e-002
2.576431e+003, 4.561169e-002
2.578360e+003, 4.593168e-002
2.580288e+003, 4.627660e-002
2.582217e+003, 4.623923e-002
2.584145e+003, 4.606436e-002
2.586074e+003, 4.618150e-002
2.588002e+003, 4.668218e-002
2.589931e+003, 4.732605e-002
2.591859e+003, 4.766873e-002
2.593788e+003, 4.764332e-002
2.595716e+003, 4.761316e-002
2.597645e+003, 4.787175e-002
2.599573e+003, 4.782156e-002
2.601501e+003, 4.784490e-002
2.603430e+003, 4.824346e-002
2.605358e+003, 4.858905e-002
2.607287e+003, 4.873441e-002
2.609215e+003, 4.857425e-002
2.611144e+003, 4.888563e-002
2.613072e+003, 4.925571e-002
2.615001e+003, 4.943576e-002
2.616929e+003, 4.941598e-002
2.618858e+003, 4.949091e-002
2.620786e+003, 4.970559e-002
2.622715e+003, 4.963323e-002
2.624643e+003, 4.967673e-002
2.626572e+003, 5.005417e-002
2.628500e+003, 5.045634e-002
2.630428e+003, 5.063621e-002
2.632357e+003, 5.066067e-002
2.634285e+003, 5.095419e-002
2.636214e+003, 5.100757e-002
2.638142e+003, 5.102650e-002
2.640071e+003, 5.130593e-002
2.641999e+003, 5.138716e-002
2.643928e+003, 5.130567e-002
2.645856e+003, 5.154314e-002
2.647785e+003, 5.209016e-002
2.649713e+003, 5.210670e-002
2.651642e+003, 5.235644e-002
2.653570e+003, 5.257028e-002
2.655499e+003, 5.258970e-002
2.657427e+003, 5.257398e-002
2.659355e+003, 5.301457e-002
2.661284e+003, 5.334580e-002
2.663212e+003, 5.335737e-002
2.665141e+003, 5.322587e-002
2.667069e+003, 5.328280e-002
2.668998e+003, 5.375161e-002
2.670926e+003, 5.413553e-002
2.672855e+003, 5.437414e-002
2.674783e+003, 5.440343e-002
2.676712e+003, 5.457306e-002
2.678640e+003, 5.485724e-002
2.680569e+003, 5.533144e-002
2.682497e+003, 5.571532e-002
2.684426e+003, 5.582489e-002
2.686354e+003, 5.600853e-002
2.688282e+003, 5.613013e-002
2.690211e+003, 5.628722e-002
2.692139e+003, 5.668931e-002
2.694068e+003, 5.678052e-002
2.695996e+003, 5.708131e-002
2.697925e+003, 5.749933e-002
2.699853e+003, 5.749382e-002
2.701782e+003, 5.780523e-002
2.703710e+003, 5.828955e-002
2.705639e+003, 5.860295e-002
2.707567e+003, 5.876544e-002
2.709496e+003, 5.922668e-002
2.711424e+003, 5.957442e-002
2.713353e+003, 5.990394e-002
2.715281e+003, 6.010044e-002
2.717209e+003, 6.024459e-002
2.719138e+003, 6.041185e-002
2.721066e+003, 6.070144e-002
2.722995e+003, 6.100958e-002
2.724923e+003, 6.126709e-002
2.726852e+003, 6.141255e-002
2.728780e+003, 6.192479e-002
2.730709e+003, 6.239696e-002
2.732637e+003, 6.263744e-002
2.734566e+003, 6.287901e-002
2.736494e+003, 6.307708e-002
2.738423e+003, 6.326258e-002
2.740351e+003, 6.346457e-002
2.742280e+003, 6.394136e-002
2.744208e+003, 6.455539e-002
2.746136e+003, 6.509632e-002
2.748065e+003, 6.549038e-002
2.749993e+003, 6.591836e-002
2.751922e+003, 6.625966e-002
2.753850e+003, 6.655814e-002
2.755779e+003, 6.694470e-002
2.757707e+003, 6.716453e-002
2.759636e+003, 6.762017e-002
2.761564e+003, 6.826927e-002
2.763493e+003, 6.833652e-002
2.765421e+003, 6.858977e-002
2.767350e+003, 6.929435e-002
2.769278e+003, 6.970526e-002
2.771207e+003, 7.001226e-002
2.773135e+003, 7.036497e-002
2.775063e+003, 7.080730e-002
2.776992e+003, 7.145277e-002
2.778920e+003, 7.182024e-002
2.780849e+003, 7.219793e-002
2.782777e+003, 7.281400e-002
2.784706e+003, 7.346132e-002
2.786634e+003, 7.386212e-002
2.788563e+003, 7.430016e-002
2.790491e+003, 7.457590e-002
2.792420e+003, 7.484383e-002
2.794348e+003, 7.539857e-002
2.796277e+003, 7.584967e-002
2.798205e+003, 7.636335e-002
2.800134e+003, 7.696828e-002
2.802062e+003, 7.738771e-002
2.803990e+003, 7.784142e-002
2.805919e+003, 7.817665e-002
2.807847e+003, 7.866228e-002
2.809776e+003, 7.950650e-002
2.811704e+003, 7.994665e-002
2.813633e+003, 7.982044e-002
2.815561e+003, 8.017913e-002
2.817490e+003, 8.090679e-002
2.819418e+003, 8.147147e-002
2.821347e+003, 8.192962e-002
2.823275e+003, 8.218226e-002
2.825204e+003, 8.249328e-002
2.827132e+003, 8.295763e-002
2.829061e+003, 8.341153e-002
2.830989e+003, 8.356909e-002
2.832917e+003, 8.399267e-002
2.834846e+003, 8.443387e-002
2.836774e+003, 8.452071e-002
2.838703e+003, 8.477038e-002
2.840631e+003, 8.493848e-002
2.842560e+003, 8.520966e-002
2.844488e+003, 8.549117e-002
2.846417e+003, 8.544584e-002
2.848345e+003, 8.521928e-002
2.850274e+003, 8.503731e-002
2.852202e+003, 8.533326e-002
2.854131e+003, 8.593310e-002
2.856059e+003, 8.656059e-002
2.857988e+003, 8.672588e-002
2.859916e+003, 8.707820e-002
2.861844e+003, 8.724219e-002
2.863773e+003, 8.742599e-002
2.865701e+003, 8.810844e-002
2.867630e+003, 8.858279e-002
2.869558e+003, 8.877641e-002
2.871487e+003, 8.894806e-002
2.873415e+003, 8.860613e-002
2.875344e+003, 8.832729e-002
2.877272e+003, 8.849951e-002
2.879201e+003, 8.843881e-002
2.881129e+003, 8.813621e-002
2.883058e+003, 8.793908e-002
2.884986e+003, 8.808344e-002
2.886915e+003, 8.816960e-002
2.888843e+003, 8.800784e-002
2.890771e+003, 8.821137e-002
2.892700e+003, 8.825890e-002
2.894628e+003, 8.820888e-002
2.896557e+003, 8.792651e-002
2.898485e+003, 8.754804e-002
2.900414e+003, 8.715831e-002
2.902342e+003, 8.716217e-002
2.904271e+003, 8.740664e-002
2.906199e+003, 8.704305e-002
2.908128e+003, 8.634318e-002
2.910056e+003, 8.560839e-002
2.911985e+003, 8.493515e-002
2.913913e+003, 8.456936e-002
2.915842e+003, 8.399551e-002
2.917770e+003, 8.357202e-002
2.919698e+003, 8.337627e-002
2.921627e+003, 8.318190e-002
2.923555e+003, 8.317950e-002
2.925484e+003, 8.311733e-002
2.927412e+003, 8.319645e-002
2.929341e+003, 8.329707e-002
2.931269e+003, 8.315033e-002
2.933198e+003, 8.288428e-002
2.935126e+003, 8.295798e-002
2.937055e+003, 8.265048e-002
2.938983e+003, 8.203228e-002
2.940912e+003, 8.171915e-002
2.942840e+003, 8.198189e-002
2.944769e+003, 8.229959e-002
2.946697e+003, 8.189312e-002
2.948625e+003, 8.139043e-002
2.950554e+003, 8.115949e-002
2.952482e+003, 8.120045e-002
2.954411e+003, 8.092783e-002
2.956339e+003, 8.090939e-002
2.958268e+003, 8.120053e-002
2.960196e+003, 8.078223e-002
2.962125e+003, 8.032912e-002
2.964053e+003, 7.998841e-002
2.965982e+003, 7.925512e-002
2.967910e+003, 7.892217e-002
2.969839e+003, 7.879362e-002
2.971767e+003, 7.820982e-002
2.973696e+003, 7.796695e-002
2.975624e+003, 7.793499e-002
2.977552e+003, 7.749328e-002
2.979481e+003, 7.713998e-002
2.981409e+003, 7.685306e-002
2.983338e+003, 7.662304e-002
2.985266e+003, 7.646450e-002
2.987195e+003, 7.598097e-002
2.989123e+003, 7.581475e-002
2.991052e+003, 7.560533e-002
2.992980e+003, 7.528529e-002
2.994909e+003, 7.510365e-002
2.996837e+003, 7.484170e-002
2.998766e+003, 7.451410e-002
3.000694e+003, 7.453474e-002
3.002623e+003, 7.445297e-002
3.004551e+003, 7.425839e-002
3.006479e+003, 7.410245e-002
3.008408e+003, 7.418258e-002
3.010336e+003, 7.408846e-002
3.012265e+003, 7.345755e-002
3.014193e+003, 7.301375e-002
3.016122e+003, 7.312101e-002
3.018050e+003, 7.288399e-002
3.019979e+003, 7.250907e-002
3.021907e+003, 7.243887e-002
3.023836e+003, 7.218900e-002
3.025764e+003, 7.190100e-002
3.027693e+003, 7.192151e-002
3.029621e+003, 7.188535e-002
3.031550e+003, 7.162498e-002
3.033478e+003, 7.118476e-002
3.035406e+003, 7.083846e-002
3.037335e+003, 7.080753e-002
3.039263e+003, 7.074114e-002
3.041192e+003, 7.060307e-002
3.043120e+003, 7.052584e-002
3.045049e+003, 7.039995e-002
3.046977e+003, 6.994854e-002
3.048906e+003, 6.940343e-002
3.050834e+003, 6.947151e-002
3.052763e+003, 6.975369e-002
3.054691e+003, 6.918543e-002
3.056620e+003, 6.830402e-002
3.058548e+003, 6.806057e-002
3.060477e+003, 6.802589e-002
3.062405e+003, 6.780584e-002
3.064333e+003, 6.750369e-002
3.066262e+003, 6.763574e-002
3.068190e+003, 6.791939e-002
3.070119e+003, 6.763670e-002
3.072047e+003, 6.686184e-002
3.073976e+003, 6.663547e-002
3.075904e+003, 6.642640e-002
3.077833e+003, 6.610186e-002
3.079761e+003, 6.570771e-002
3.081690e+003, 6.542779e-002
3.083618e+003, 6.560146e-002
3.085547e+003, 6.545106e-002
3.087475e+003, 6.466337e-002
3.089404e+003, 6.434598e-002
3.091332e+003, 6.437346e-002
3.093260e+003, 6.401325e-002
3.095189e+003, 6.379848e-002
3.097117e+003, 6.363981e-002
3.099046e+003, 6.342733e-002
3.100974e+003, 6.336200e-002
3.102903e+003, 6.343438e-002
3.104831e+003, 6.369554e-002
3.106760e+003, 6.352661e-002
3.108688e+003, 6.297850e-002
3.110617e+003, 6.248518e-002
3.112545e+003, 6.176447e-002
3.114474e+003, 6.193658e-002
3.116402e+003, 6.263687e-002
3.118331e+003, 6.243876e-002
3.120259e+003, 6.165513e-002
3.122188e+003, 6.115083e-002
3.124116e+003, 6.095124e-002
3.126044e+003, 6.126592e-002
3.127973e+003, 6.143795e-002
3.129901e+003, 6.115014e-002
3.131830e+003, 6.097335e-002
3.133758e+003, 6.050450e-002
3.135687e+003, 6.040792e-002
3.137615e+003, 6.062211e-002
3.139544e+003, 6.032575e-002
3.141472e+003, 5.964090e-002
3.143401e+003, 5.954684e-002
3.145329e+003, 5.954897e-002
3.147258e+003, 5.973418e-002
3.149186e+003, 5.983913e-002
3.151115e+003, 5.962775e-002
3.153043e+003, 5.932600e-002
3.154971e+003, 5.859484e-002
3.156900e+003, 5.796990e-002
3.158828e+003, 5.799439e-002
3.160757e+003, 5.821728e-002
3.162685e+003, 5.834366e-002
3.164614e+003, 5.825441e-002
3.166542e+003, 5.779807e-002
3.168471e+003, 5.788889e-002
3.170399e+003, 5.808289e-002
3.172328e+003, 5.801976e-002
3.174256e+003, 5.823814e-002
3.176185e+003, 5.837266e-002
3.178113e+003, 5.770224e-002
3.180042e+003, 5.738210e-002
3.181970e+003, 5.759363e-002
3.183898e+003, 5.757168e-002
3.185827e+003, 5.745964e-002
3.187755e+003, 5.742076e-002
3.189684e+003, 5.737189e-002
3.191612e+003, 5.700135e-002
3.193541e+003, 5.683977e-002
3.195469e+003, 5.677416e-002
3.197398e+003, 5.680975e-002
3.199326e+003, 5.686433e-002
3.201255e+003, 5.708260e-002
3.203183e+003, 5.709697e-002
3.205112e+003, 5.663441e-002
3.207040e+003, 5.658969e-002
3.208969e+003, 5.641943e-002
3.210897e+003, 5.608879e-002
3.212825e+003, 5.581043e-002
3.214754e+003, 5.559627e-002
3.216682e+003, 5.550286e-002
3.218611e+003, 5.518586e-002
3.220539e+003, 5.475310e-002
3.222468e+003, 5.441663e-002
3.224396e+003, 5.439755e-002
3.226325e+003, 5.501578e-002
3.228253e+003, 5.545411e-002
3.230182e+003, 5.538614e-002
3.232110e+003, 5.500674e-002
3.234039e+003, 5.433922e-002
3.235967e+003, 5.458796e-002
3.237896e+003, 5.493561e-002
3.239824e+003, 5.519115e-002
3.241752e+003, 5.536600e-002
3.243681e+003, 5.486435e-002
3.245609e+003, 5.451933e-002
3.247538e+003, 5.516053e-002
3.249466e+003, 5.565520e-002
3.251395e+003, 5.568823e-002
3.253323e+003, 5.571554e-002
3.255252e+003, 5.574812e-002
3.257180e+003, 5.562320e-002
3.259109e+003, 5.586573e-002
3.261037e+003, 5.639232e-002
3.262966e+003, 5.608920e-002
3.264894e+003, 5.589063e-002
3.266823e+003, 5.596576e-002
3.268751e+003, 5.571063e-002
3.270679e+003, 5.584550e-002
3.272608e+003, 5.615455e-002
3.274536e+003, 5.612646e-002
3.276465e+003, 5.630058e-002
3.278393e+003, 5.683003e-002
3.280322e+003, 5.686029e-002
3.282250e+003, 5.693130e-002
3.284179e+003, 5.653355e-002
3.286107e+003, 5.620383e-002
3.288036e+003, 5.671874e-002
3.289964e+003, 5.700236e-002
3.291893e+003, 5.682624e-002
3.293821e+003, 5.669590e-002
3.295750e+003, 5.682635e-002
3.297678e+003, 5.710508e-002
3.299606e+003, 5.733407e-002
3.301535e+003, 5.722003e-002
3.303463e+003, 5.753142e-002
3.305392e+003, 5.795529e-002
3.307320e+003, 5.807594e-002
3.309249e+003, 5.803514e-002
3.311177e+003, 5.851419e-002
3.313106e+003, 5.934175e-002
3.315034e+003, 5.936690e-002
3.316963e+003, 5.922187e-002
3.318891e+003, 5.867937e-002
3.320820e+003, 5.837187e-002
3.322748e+003, 5.865893e-002
3.324677e+003, 5.946784e-002
3.326605e+003, 5.975654e-002
3.328533e+003, 5.963796e-002
3.330462e+003, 5.994877e-002
3.332390e+003, 6.039176e-002
3.334319e+003, 6.044030e-002
3.336247e+003, 6.070406e-002
3.338176e+003, 6.126692e-002
3.340104e+003, 6.104131e-002
3.342033e+003, 6.081498e-002
3.343961e+003, 6.094667e-002
3.345890e+003, 6.140468e-002
3.347818e+003, 6.171585e-002
3.349747e+003, 6.106669e-002
3.351675e+003, 6.154479e-002
3.353604e+003, 6.161719e-002
3.355532e+003, 6.157352e-002
3.357460e+003, 6.211438e-002
3.359389e+003, 6.249392e-002
3.361317e+003, 6.268464e-002
3.363246e+003, 6.332889e-002
3.365174e+003, 6.390548e-002
3.367103e+003, 6.408955e-002
3.369031e+003, 6.375880e-002
3.370960e+003, 6.370570e-002
3.372888e+003, 6.430371e-002
3.374817e+003, 6.538375e-002
3.376745e+003, 6.596451e-002
3.378674e+003, 6.606086e-002
3.380602e+003, 6.632707e-002
3.382531e+003, 6.644980e-002
3.384459e+003, 6.647747e-002
3.386387e+003, 6.666210e-002
3.388316e+003, 6.697769e-002
3.390244e+003, 6.718852e-002
3.392173e+003, 6.773469e-002
3.394101e+003, 6.873036e-002
3.396030e+003, 6.919874e-002
3.397958e+003, 6.948902e-002
3.399887e+003, 7.010955e-002
3.401815e+003, 7.074420e-002
3.403744e+003, 7.086855e-002
3.405672e+003, 7.064424e-002
3.407601e+003, 7.102218e-002
3.409529e+003, 7.189418e-002
3.411458e+003, 7.264554e-002
3.413386e+003, 7.294023e-002
3.415314e+003, 7.286305e-002
3.417243e+003, 7.334072e-002
3.419171e+003, 7.400906e-002
3.421100e+003, 7.461805e-002
3.423028e+003, 7.492179e-002
3.424957e+003, 7.480981e-002
3.426885e+003, 7.487820e-002
3.428814e+003, 7.512525e-002
3.430742e+003, 7.561674e-002
3.432671e+003, 7.546410e-002
3.434599e+003, 7.570319e-002
3.436528e+003, 7.653464e-002
3.438456e+003, 7.691808e-002
3.440385e+003, 7.726646e-002
3.442313e+003, 7.742064e-002
3.444241e+003, 7.773987e-002
3.446170e+003, 7.801037e-002
3.448098e+003, 7.855338e-002
3.450027e+003, 7.802459e-002
3.451955e+003, 7.743238e-002
3.453884e+003, 7.786456e-002
3.455812e+003, 7.843362e-002
3.457741e+003, 7.892253e-002
3.459669e+003, 7.899567e-002
3.461598e+003, 7.889017e-002
3.463526e+003, 7.865718e-002
3.465455e+003, 7.932989e-002
3.467383e+003, 7.976780e-002
3.469312e+003, 7.959728e-002
3.471240e+003, 7.985944e-002
3.473168e+003, 8.064550e-002
3.475097e+003, 8.041105e-002
3.477025e+003, 7.954133e-002
3.478954e+003, 7.955749e-002
3.480882e+003, 8.055538e-002
3.482811e+003, 8.082776e-002
3.484739e+003, 8.034569e-002
3.486668e+003, 7.992826e-002
3.488596e+003, 8.043035e-002
3.490525e+003, 8.025469e-002
3.492453e+003, 7.965434e-002
3.494382e+003, 7.908832e-002
3.496310e+003, 7.881908e-002
3.498239e+003, 7.887830e-002
3.500167e+003, 7.917479e-002
3.502095e+003, 7.916328e-002
3.504024e+003, 7.889992e-002
3.505952e+003, 7.917141e-002
3.507881e+003, 7.971421e-002
3.509809e+003, 8.032808e-002
3.511738e+003, 8.095272e-002
3.513666e+003, 8.128767e-002
3.515595e+003, 8.150835e-002
3.517523e+003, 8.151779e-002
3.519452e+003, 8.209149e-002
3.521380e+003, 8.297783e-002
3.523309e+003, 8.409926e-002
3.525237e+003, 8.472022e-002
3.527166e+003, 8.529977e-002
3.529094e+003, 8.572883e-002
3.531022e+003, 8.581106e-002
3.532951e+003, 8.554884e-002
3.534879e+003, 8.591384e-002
3.536808e+003, 8.664572e-002
3.538736e+003, 8.653467e-002
3.540665e+003, 8.610110e-002
3.542593e+003, 8.567410e-002
3.544522e+003, 8.528075e-002
3.546450e+003, 8.432615e-002
3.548379e+003, 8.263311e-002
3.550307e+003, 8.111147e-002
3.552236e+003, 8.073231e-002
3.554164e+003, 8.007531e-002
3.556093e+003, 7.897136e-002
3.558021e+003, 7.763533e-002
3.559949e+003, 7.643831e-002
3.561878e+003, 7.475892e-002
3.563806e+003, 7.303464e-002
3.565735e+003, 7.245092e-002
3.567663e+003, 7.186146e-002
3.569592e+003, 6.973968e-002
3.571520e+003, 6.739745e-002
3.573449e+003, 6.595162e-002
3.575377e+003, 6.478618e-002
3.577306e+003, 6.355026e-002
3.579234e+003, 6.291935e-002
3.581163e+003, 6.200510e-002
3.583091e+003, 6.096780e-002
3.585020e+003, 6.004661e-002
3.586948e+003, 5.926758e-002
3.588876e+003, 5.898893e-002
3.590805e+003, 5.862749e-002
3.592733e+003, 5.814511e-002
3.594662e+003, 5.767597e-002
3.596590e+003, 5.741622e-002
3.598519e+003, 5.721138e-002
3.600447e+003, 5.689052e-002
3.602376e+003, 5.636233e-002
3.604304e+003, 5.589315e-002
3.606233e+003, 5.512453e-002
3.608161e+003, 5.505160e-002
3.610090e+003, 5.524210e-002
3.612018e+003, 5.516028e-002
3.613947e+003, 5.485439e-002
3.615875e+003, 5.424942e-002
3.617803e+003, 5.399671e-002
3.619732e+003, 5.453438e-002
3.621660e+003, 5.459934e-002
3.623589e+003, 5.384598e-002
3.625517e+003, 5.351356e-002
3.627446e+003, 5.365270e-002
3.629374e+003, 5.315028e-002
3.631303e+003, 5.221435e-002
3.633231e+003, 5.204225e-002
3.635160e+003, 5.209602e-002
3.637088e+003, 5.207384e-002
3.639017e+003, 5.131456e-002
3.640945e+003, 5.100694e-002
3.642874e+003, 5.069740e-002
3.644802e+003, 5.044781e-002
3.646730e+003, 5.067910e-002
3.648659e+003, 5.079228e-002
3.650587e+003, 5.067363e-002
3.652516e+003, 4.987766e-002
3.654444e+003, 4.966960e-002
3.656373e+003, 4.974706e-002
3.658301e+003, 4.891929e-002
3.660230e+003, 4.799121e-002
3.662158e+003, 4.783978e-002
3.664087e+003, 4.779479e-002
3.666015e+003, 4.754584e-002
3.667944e+003, 4.788392e-002
3.669872e+003, 4.825812e-002
3.671801e+003, 4.780740e-002
3.673729e+003, 4.811438e-002
3.675657e+003, 4.856382e-002
3.677586e+003, 4.796472e-002
3.679514e+003, 4.713679e-002
3.681443e+003, 4.615663e-002
3.683371e+003, 4.592305e-002
3.685300e+003, 4.644858e-002
3.687228e+003, 4.846621e-002
3.689157e+003, 4.920218e-002
3.691085e+003, 4.923232e-002
3.693014e+003, 4.937123e-002
3.694942e+003, 4.859233e-002
3.696871e+003, 4.771003e-002
3.698799e+003, 4.764490e-002
3.700728e+003, 4.790571e-002
3.702656e+003, 4.663248e-002
3.704584e+003, 4.611124e-002
3.706513e+003, 4.630865e-002
3.708441e+003, 4.615824e-002
3.710370e+003, 4.640188e-002
3.712298e+003, 4.677038e-002
3.714227e+003, 4.557284e-002
3.716155e+003, 4.540500e-002
3.718084e+003, 4.609203e-002
3.720012e+003, 4.584441e-002
3.721941e+003, 4.526197e-002
3.723869e+003, 4.654048e-002
3.725798e+003, 4.672061e-002
3.727726e+003, 4.611294e-002
3.729655e+003, 4.674951e-002
3.731583e+003, 4.774436e-002
3.733511e+003, 4.710297e-002
3.735440e+003, 4.685681e-002
3.737368e+003, 4.684582e-002
3.739297e+003, 4.620177e-002
3.741225e+003, 4.618108e-002
3.743154e+003, 4.688106e-002
3.745082e+003, 4.749590e-002
3.747011e+003, 4.737579e-002
3.748939e+003, 4.737933e-002
3.750868e+003, 4.740728e-002
3.752796e+003, 4.682816e-002
3.754725e+003, 4.643322e-002
3.756653e+003, 4.712226e-002
3.758582e+003, 4.707442e-002
3.760510e+003, 4.711806e-002
3.762438e+003, 4.740568e-002
3.764367e+003, 4.756518e-002
3.766295e+003, 4.689387e-002
3.768224e+003, 4.629740e-002
3.770152e+003, 4.678249e-002
3.772081e+003, 4.730241e-002
3.774009e+003, 4.742351e-002
3.775938e+003, 4.830748e-002
3.777866e+003, 4.817630e-002
3.779795e+003, 4.743098e-002
3.781723e+003, 4.749155e-002
3.783652e+003, 4.791986e-002
3.785580e+003, 4.800356e-002
3.787509e+003, 4.769920e-002
3.789437e+003, 4.788261e-002
3.791365e+003, 4.844819e-002
3.793294e+003, 4.787661e-002
3.795222e+003, 4.675667e-002
3.797151e+003, 4.713356e-002
3.799079e+003, 4.800082e-002
3.801008e+003, 4.892164e-002
3.802936e+003, 4.876800e-002
3.804865e+003, 4.839674e-002
3.806793e+003, 4.822243e-002
3.808722e+003, 4.822620e-002
3.810650e+003, 4.883051e-002
3.812579e+003, 4.828908e-002
3.814507e+003, 4.794957e-002
3.816436e+003, 4.840290e-002
3.818364e+003, 4.800079e-002
3.820292e+003, 4.839226e-002
3.822221e+003, 4.900200e-002
3.824149e+003, 4.830388e-002
3.826078e+003, 4.845680e-002
3.828006e+003, 4.879519e-002
3.829935e+003, 4.894222e-002
3.831863e+003, 4.909515e-002
3.833792e+003, 4.893748e-002
3.835720e+003, 4.862903e-002
3.837649e+003, 4.914190e-002
3.839577e+003, 4.929226e-002
3.841506e+003, 4.942374e-002
3.843434e+003, 4.967208e-002
3.845363e+003, 4.929855e-002
3.847291e+003, 4.871010e-002
3.849219e+003, 4.917671e-002
3.851148e+003, 5.008731e-002
3.853076e+003, 5.138469e-002
3.855005e+003, 5.154819e-002
3.856933e+003, 5.088392e-002
3.858862e+003, 5.044271e-002
3.860790e+003, 5.024659e-002
3.862719e+003, 4.980252e-002
3.864647e+003, 4.923693e-002
3.866576e+003, 4.932298e-002
3.868504e+003, 5.037604e-002
3.870433e+003, 5.060877e-002
3.872361e+003, 4.979481e-002
3.874290e+003, 4.906475e-002
3.876218e+003, 4.867585e-002
3.878146e+003, 4.958955e-002
3.880075e+003, 5.001199e-002
3.882003e+003, 4.992701e-002
3.883932e+003, 5.024824e-002
3.885860e+003, 5.128374e-002
3.887789e+003, 5.146908e-002
3.889717e+003, 5.053966e-002
3.891646e+003, 5.038816e-002
3.893574e+003, 4.968797e-002
3.895503e+003, 4.857262e-002
3.897431e+003, 4.867362e-002
3.899360e+003, 4.991216e-002
3.901288e+003, 5.085211e-002
3.903217e+003, 5.154239e-002
3.905145e+003, 5.123496e-002
3.907073e+003, 4.978265e-002
3.909002e+003, 4.983523e-002
3.910930e+003, 5.038434e-002
3.912859e+003, 5.015532e-002
3.914787e+003, 5.061870e-002
3.916716e+003, 5.145953e-002
3.918644e+003, 5.055769e-002
3.920573e+003, 4.922522e-002
3.922501e+003, 4.937813e-002
3.924430e+003, 5.055383e-002
3.926358e+003, 5.161558e-002
3.928287e+003, 5.249145e-002
3.930215e+003, 5.171876e-002
3.932144e+003, 5.034106e-002
3.934072e+003, 5.022130e-002
3.936000e+003, 5.060764e-002
3.937929e+003, 5.034417e-002
3.939857e+003, 5.016395e-002
3.941786e+003, 5.072198e-002
3.943714e+003, 5.096473e-002
3.945643e+003, 5.131333e-002
3.947571e+003, 5.155770e-002
3.949500e+003, 5.081936e-002
3.951428e+003, 5.069515e-002
3.953357e+003, 5.105466e-002
3.955285e+003, 5.006270e-002
3.957214e+003, 5.015271e-002
3.959142e+003, 5.065469e-002
3.961071e+003, 5.099095e-002
3.962999e+003, 5.158978e-002
3.964927e+003, 5.189960e-002
3.966856e+003, 5.154858e-002
3.968784e+003, 5.144831e-002
3.970713e+003, 5.190469e-002
3.972641e+003, 5.225359e-002
3.974570e+003, 5.235729e-002
3.976498e+003, 5.254485e-002
3.978427e+003, 5.258135e-002
3.980355e+003, 5.213593e-002
3.982284e+003, 5.234057e-002
3.984212e+003, 5.303986e-002
3.986141e+003, 5.269895e-002
3.988069e+003, 5.179510e-002
3.989998e+003, 5.210105e-002
3.991926e+003, 5.230576e-002
3.993854e+003, 5.183397e-002
3.995783e+003, 5.170854e-002
3.997711e+003, 5.149742e-002
3.999640e+003, 5.180146e-002
4.001568e+003, 0.000000e+000
##END=



