##NAMES=Billwiseite
##RRUFFID=R130070
##IDEAL CHEMISTRY=Sb^3+^_5_Nb^5+^_3_W^6+^O_18_
##LOCALITY=Eastern margin of the Nanga Parbat – Haramosh massif at Stak Nala, 70 km east of Gilgit, Pakistan
##OWNER=Frank C. Hawthorne
##SOURCE=Frank C. Hawthorne
##DESCRIPTION=Transparent, pale yellow. Associated with B-rich muscovite. Data from Hawthorne et al (2012)
##STATUS=The identification of this mineral has been confirmed by X-ray diffraction and chemical analysis
##URL=rruff.info/R130070
##MEASURED CHEMISTRY=Sb^3+^_4.87_(Nb_1.33_Ta_1.28_Ti_0.18_W_1.26_)_Σ=4.05_O_18_
3996.31426, 0.22476
3994.38553, 0.22445
3992.45681, 0.22426
3990.52809, 0.22404
3988.59936, 0.22368
3986.67064, 0.22329
3984.74192, 0.22296
3982.81319, 0.22266
3980.88447, 0.22231
3978.95575, 0.22191
3977.02703, 0.22158
3975.09830, 0.22139
3973.16958, 0.22122
3971.24086, 0.22091
3969.31213, 0.22057
3967.38341, 0.22035
3965.45469, 0.22013
3963.52596, 0.21982
3961.59724, 0.21948
3959.66852, 0.21913
3957.73979, 0.21882
3955.81107, 0.21856
3953.88235, 0.21820
3951.95363, 0.21778
3950.02490, 0.21748
3948.09618, 0.21729
3946.16746, 0.21696
3944.23873, 0.21663
3942.31001, 0.21647
3940.38129, 0.21616
3938.45256, 0.21575
3936.52384, 0.21538
3934.59512, 0.21498
3932.66639, 0.21467
3930.73767, 0.21453
3928.80895, 0.21434
3926.88023, 0.21407
3924.95150, 0.21386
3923.02278, 0.21356
3921.09406, 0.21314
3919.16533, 0.21286
3917.23661, 0.21277
3915.30789, 0.21262
3913.37916, 0.21231
3911.45044, 0.21192
3909.52172, 0.21145
3907.59299, 0.21089
3905.66427, 0.21047
3903.73555, 0.21033
3901.80682, 0.21021
3899.87810, 0.21010
3897.94938, 0.20988
3896.02066, 0.20934
3894.09193, 0.20876
3892.16321, 0.20862
3890.23449, 0.20850
3888.30576, 0.20797
3886.37704, 0.20758
3884.44832, 0.20738
3882.51959, 0.20713
3880.59087, 0.20721
3878.66215, 0.20700
3876.73342, 0.20633
3874.80470, 0.20579
3872.87598, 0.20542
3870.94726, 0.20532
3869.01853, 0.20528
3867.08981, 0.20476
3865.16109, 0.20444
3863.23236, 0.20465
3861.30364, 0.20454
3859.37492, 0.20400
3857.44619, 0.20333
3855.51747, 0.20293
3853.58875, 0.20330
3851.66002, 0.20345
3849.73130, 0.20305
3847.80258, 0.20247
3845.87386, 0.20175
3843.94513, 0.20112
3842.01641, 0.20069
3840.08769, 0.20039
3838.15896, 0.20038
3836.23024, 0.20037
3834.30152, 0.20014
3832.37279, 0.19996
3830.44407, 0.19985
3828.51535, 0.19959
3826.58662, 0.19921
3824.65790, 0.19870
3822.72918, 0.19824
3820.80045, 0.19807
3818.87173, 0.19771
3816.94301, 0.19764
3815.01429, 0.19791
3813.08556, 0.19767
3811.15684, 0.19705
3809.22812, 0.19655
3807.29939, 0.19644
3805.37067, 0.19604
3803.44195, 0.19529
3801.51322, 0.19509
3799.58450, 0.19514
3797.65578, 0.19506
3795.72705, 0.19507
3793.79833, 0.19495
3791.86961, 0.19468
3789.94089, 0.19439
3788.01216, 0.19409
3786.08344, 0.19382
3784.15472, 0.19346
3782.22599, 0.19294
3780.29727, 0.19255
3778.36855, 0.19246
3776.43982, 0.19234
3774.51110, 0.19198
3772.58238, 0.19150
3770.65365, 0.19128
3768.72493, 0.19122
3766.79621, 0.19092
3764.86749, 0.19051
3762.93876, 0.19000
3761.01004, 0.18947
3759.08132, 0.18925
3757.15259, 0.18915
3755.22387, 0.18874
3753.29515, 0.18803
3751.36642, 0.18759
3749.43770, 0.18758
3747.50898, 0.18725
3745.58025, 0.18715
3743.65153, 0.18741
3741.72281, 0.18717
3739.79408, 0.18650
3737.86536, 0.18566
3735.93664, 0.18507
3734.00792, 0.18537
3732.07919, 0.18588
3730.15047, 0.18582
3728.22175, 0.18536
3726.29302, 0.18506
3724.36430, 0.18508
3722.43558, 0.18497
3720.50685, 0.18472
3718.57813, 0.18444
3716.64941, 0.18392
3714.72068, 0.18306
3712.79196, 0.18229
3710.86324, 0.18261
3708.93452, 0.18320
3707.00579, 0.18315
3705.07707, 0.18273
3703.14835, 0.18239
3701.21962, 0.18244
3699.29090, 0.18243
3697.36218, 0.18211
3695.43345, 0.18154
3693.50473, 0.18076
3691.57601, 0.17998
3689.64728, 0.17996
3687.71856, 0.18049
3685.78984, 0.18054
3683.86111, 0.18022
3681.93239, 0.17967
3680.00367, 0.17896
3678.07495, 0.17816
3676.14622, 0.17765
3674.21750, 0.17745
3672.28878, 0.17711
3670.36005, 0.17730
3668.43133, 0.17781
3666.50261, 0.17778
3664.57388, 0.17748
3662.64516, 0.17704
3660.71644, 0.17655
3658.78771, 0.17615
3656.85899, 0.17592
3654.93027, 0.17556
3653.00155, 0.17485
3651.07282, 0.17392
3649.14410, 0.17375
3647.21538, 0.17441
3645.28665, 0.17455
3643.35793, 0.17437
3641.42921, 0.17422
3639.50048, 0.17414
3637.57176, 0.17388
3635.64304, 0.17338
3633.71431, 0.17277
3631.78559, 0.17214
3629.85687, 0.17187
3627.92815, 0.17228
3625.99942, 0.17236
3624.07070, 0.17205
3622.14198, 0.17154
3620.21325, 0.17112
3618.28453, 0.17093
3616.35581, 0.17065
3614.42708, 0.17041
3612.49836, 0.17025
3610.56964, 0.16997
3608.64091, 0.16981
3606.71219, 0.16989
3604.78347, 0.16979
3602.85474, 0.16944
3600.92602, 0.16903
3598.99730, 0.16870
3597.06858, 0.16841
3595.13985, 0.16812
3593.21113, 0.16787
3591.28241, 0.16745
3589.35368, 0.16690
3587.42496, 0.16689
3585.49624, 0.16724
3583.56751, 0.16719
3581.63879, 0.16694
3579.71007, 0.16670
3577.78134, 0.16647
3575.85262, 0.16631
3573.92390, 0.16614
3571.99518, 0.16569
3570.06645, 0.16504
3568.13773, 0.16448
3566.20901, 0.16439
3564.28028, 0.16454
3562.35156, 0.16456
3560.42284, 0.16444
3558.49411, 0.16424
3556.56539, 0.16392
3554.63667, 0.16347
3552.70794, 0.16311
3550.77922, 0.16294
3548.85050, 0.16266
3546.92178, 0.16227
3544.99305, 0.16214
3543.06433, 0.16221
3541.13561, 0.16219
3539.20688, 0.16199
3537.27816, 0.16169
3535.34944, 0.16143
3533.42071, 0.16117
3531.49199, 0.16081
3529.56327, 0.16048
3527.63454, 0.16022
3525.70582, 0.15993
3523.77710, 0.15971
3521.84837, 0.15966
3519.91965, 0.15957
3517.99093, 0.15938
3516.06221, 0.15918
3514.13348, 0.15901
3512.20476, 0.15880
3510.27604, 0.15851
3508.34731, 0.15828
3506.41859, 0.15807
3504.48987, 0.15775
3502.56114, 0.15745
3500.63242, 0.15734
3498.70370, 0.15724
3496.77497, 0.15703
3494.84625, 0.15681
3492.91753, 0.15664
3490.98881, 0.15643
3489.06008, 0.15622
3487.13136, 0.15604
3485.20264, 0.15579
3483.27391, 0.15547
3481.34519, 0.15528
3479.41647, 0.15521
3477.48774, 0.15511
3475.55902, 0.15498
3473.63030, 0.15477
3471.70157, 0.15439
3469.77285, 0.15405
3467.84413, 0.15394
3465.91541, 0.15395
3463.98668, 0.15387
3462.05796, 0.15364
3460.12924, 0.15331
3458.20051, 0.15303
3456.27179, 0.15284
3454.34307, 0.15267
3452.41434, 0.15243
3450.48562, 0.15212
3448.55690, 0.15182
3446.62817, 0.15155
3444.69945, 0.15130
3442.77073, 0.15107
3440.84200, 0.15087
3438.91328, 0.15067
3436.98456, 0.15046
3435.05584, 0.15023
3433.12711, 0.15004
3431.19839, 0.14983
3429.26967, 0.14958
3427.34094, 0.14936
3425.41222, 0.14914
3423.48350, 0.14881
3421.55477, 0.14842
3419.62605, 0.14819
3417.69733, 0.14812
3415.76860, 0.14800
3413.83988, 0.14773
3411.91116, 0.14747
3409.98244, 0.14729
3408.05371, 0.14702
3406.12499, 0.14665
3404.19627, 0.14629
3402.26754, 0.14591
3400.33882, 0.14561
3398.41010, 0.14548
3396.48137, 0.14534
3394.55265, 0.14498
3392.62393, 0.14461
3390.69520, 0.14445
3388.76648, 0.14432
3386.83776, 0.14414
3384.90903, 0.14401
3382.98031, 0.14396
3381.05159, 0.14384
3379.12287, 0.14355
3377.19414, 0.14316
3375.26542, 0.14279
3373.33670, 0.14246
3371.40797, 0.14219
3369.47925, 0.14203
3367.55053, 0.14185
3365.62180, 0.14157
3363.69308, 0.14131
3361.76436, 0.14112
3359.83563, 0.14092
3357.90691, 0.14063
3355.97819, 0.14029
3354.04947, 0.13997
3352.12074, 0.13972
3350.19202, 0.13957
3348.26330, 0.13950
3346.33457, 0.13937
3344.40585, 0.13909
3342.47713, 0.13875
3340.54840, 0.13847
3338.61968, 0.13818
3336.69096, 0.13789
3334.76223, 0.13765
3332.83351, 0.13743
3330.90479, 0.13725
3328.97607, 0.13711
3327.04734, 0.13693
3325.11862, 0.13666
3323.18990, 0.13631
3321.26117, 0.13605
3319.33245, 0.13594
3317.40373, 0.13572
3315.47500, 0.13536
3313.54628, 0.13509
3311.61756, 0.13489
3309.68883, 0.13465
3307.76011, 0.13446
3305.83139, 0.13438
3303.90266, 0.13425
3301.97394, 0.13401
3300.04522, 0.13369
3298.11650, 0.13329
3296.18777, 0.13290
3294.25905, 0.13260
3292.33033, 0.13240
3290.40160, 0.13229
3288.47288, 0.13212
3286.54416, 0.13186
3284.61543, 0.13158
3282.68671, 0.13133
3280.75799, 0.13122
3278.82926, 0.13119
3276.90054, 0.13099
3274.97182, 0.13062
3273.04310, 0.13036
3271.11437, 0.13026
3269.18565, 0.13017
3267.25693, 0.12995
3265.32820, 0.12967
3263.39948, 0.12943
3261.47076, 0.12927
3259.54203, 0.12911
3257.61331, 0.12887
3255.68459, 0.12859
3253.75586, 0.12841
3251.82714, 0.12828
3249.89842, 0.12802
3247.96970, 0.12761
3246.04097, 0.12719
3244.11225, 0.12693
3242.18353, 0.12683
3240.25480, 0.12679
3238.32608, 0.12668
3236.39736, 0.12642
3234.46863, 0.12614
3232.53991, 0.12602
3230.61119, 0.12593
3228.68246, 0.12571
3226.75374, 0.12540
3224.82502, 0.12513
3222.89629, 0.12493
3220.96757, 0.12473
3219.03885, 0.12453
3217.11013, 0.12435
3215.18140, 0.12407
3213.25268, 0.12371
3211.32396, 0.12338
3209.39523, 0.12318
3207.46651, 0.12302
3205.53779, 0.12278
3203.60906, 0.12251
3201.68034, 0.12230
3199.75162, 0.12206
3197.82289, 0.12180
3195.89417, 0.12158
3193.96545, 0.12143
3192.03673, 0.12132
3190.10800, 0.12114
3188.17928, 0.12086
3186.25056, 0.12053
3184.32183, 0.12026
3182.39311, 0.12004
3180.46439, 0.11984
3178.53566, 0.11961
3176.60694, 0.11938
3174.67822, 0.11916
3172.74949, 0.11893
3170.82077, 0.11872
3168.89205, 0.11849
3166.96333, 0.11823
3165.03460, 0.11801
3163.10588, 0.11779
3161.17716, 0.11748
3159.24843, 0.11717
3157.31971, 0.11690
3155.39099, 0.11660
3153.46226, 0.11626
3151.53354, 0.11603
3149.60482, 0.11600
3147.67609, 0.11599
3145.74737, 0.11587
3143.81865, 0.11564
3141.88992, 0.11535
3139.96120, 0.11506
3138.03248, 0.11482
3136.10376, 0.11459
3134.17503, 0.11435
3132.24631, 0.11409
3130.31759, 0.11385
3128.38886, 0.11365
3126.46014, 0.11351
3124.53142, 0.11333
3122.60269, 0.11308
3120.67397, 0.11274
3118.74525, 0.11236
3116.81652, 0.11204
3114.88780, 0.11189
3112.95908, 0.11188
3111.03036, 0.11182
3109.10163, 0.11156
3107.17291, 0.11113
3105.24419, 0.11075
3103.31546, 0.11050
3101.38674, 0.11037
3099.45802, 0.11028
3097.52929, 0.11014
3095.60057, 0.10993
3093.67185, 0.10970
3091.74312, 0.10947
3089.81440, 0.10925
3087.88568, 0.10903
3085.95695, 0.10882
3084.02823, 0.10858
3082.09951, 0.10831
3080.17079, 0.10808
3078.24206, 0.10788
3076.31334, 0.10767
3074.38462, 0.10749
3072.45589, 0.10733
3070.52717, 0.10715
3068.59845, 0.10693
3066.66972, 0.10674
3064.74100, 0.10657
3062.81228, 0.10639
3060.88355, 0.10620
3058.95483, 0.10596
3057.02611, 0.10571
3055.09739, 0.10556
3053.16866, 0.10549
3051.23994, 0.10533
3049.31122, 0.10503
3047.38249, 0.10469
3045.45377, 0.10446
3043.52505, 0.10435
3041.59632, 0.10425
3039.66760, 0.10409
3037.73888, 0.10383
3035.81015, 0.10352
3033.88143, 0.10324
3031.95271, 0.10303
3030.02399, 0.10289
3028.09526, 0.10277
3026.16654, 0.10258
3024.23782, 0.10237
3022.30909, 0.10221
3020.38037, 0.10206
3018.45165, 0.10185
3016.52292, 0.10162
3014.59420, 0.10141
3012.66548, 0.10117
3010.73675, 0.10092
3008.80803, 0.10074
3006.87931, 0.10060
3004.95058, 0.10044
3003.02186, 0.10023
3001.09314, 0.10001
2999.16442, 0.09982
2997.23569, 0.09965
2995.30697, 0.09944
2993.37825, 0.09925
2991.44952, 0.09915
2989.52080, 0.09908
2987.59208, 0.09892
2985.66335, 0.09870
2983.73463, 0.09850
2981.80591, 0.09832
2979.87718, 0.09814
2977.94846, 0.09795
2976.01974, 0.09780
2974.09102, 0.09770
2972.16229, 0.09761
2970.23357, 0.09749
2968.30485, 0.09732
2966.37612, 0.09717
2964.44740, 0.09706
2962.51868, 0.09689
2960.58995, 0.09671
2958.66123, 0.09658
2956.73251, 0.09645
2954.80378, 0.09627
2952.87506, 0.09606
2950.94634, 0.09587
2949.01762, 0.09567
2947.08889, 0.09544
2945.16017, 0.09527
2943.23145, 0.09524
2941.30272, 0.09527
2939.37400, 0.09521
2937.44528, 0.09509
2935.51655, 0.09501
2933.58783, 0.09498
2931.65911, 0.09491
2929.73038, 0.09479
2927.80166, 0.09471
2925.87294, 0.09464
2923.94421, 0.09451
2922.01549, 0.09436
2920.08677, 0.09421
2918.15805, 0.09398
2916.22932, 0.09364
2914.30060, 0.09325
2912.37188, 0.09284
2910.44315, 0.09241
2908.51443, 0.09199
2906.58571, 0.09168
2904.65698, 0.09146
2902.72826, 0.09128
2900.79954, 0.09111
2898.87081, 0.09093
2896.94209, 0.09075
2895.01337, 0.09052
2893.08465, 0.09024
2891.15592, 0.09003
2889.22720, 0.08987
2887.29848, 0.08969
2885.36975, 0.08951
2883.44103, 0.08934
2881.51231, 0.08917
2879.58358, 0.08900
2877.65486, 0.08883
2875.72614, 0.08861
2873.79741, 0.08835
2871.86869, 0.08817
2869.93997, 0.08809
2868.01125, 0.08798
2866.08252, 0.08784
2864.15380, 0.08772
2862.22508, 0.08759
2860.29635, 0.08750
2858.36763, 0.08746
2856.43891, 0.08739
2854.51018, 0.08726
2852.58146, 0.08711
2850.65274, 0.08690
2848.72401, 0.08662
2846.79529, 0.08628
2844.86657, 0.08590
2842.93784, 0.08558
2841.00912, 0.08532
2839.08040, 0.08505
2837.15168, 0.08479
2835.22295, 0.08454
2833.29423, 0.08434
2831.36551, 0.08419
2829.43678, 0.08406
2827.50806, 0.08386
2825.57934, 0.08366
2823.65061, 0.08353
2821.72189, 0.08335
2819.79317, 0.08309
2817.86444, 0.08291
2815.93572, 0.08284
2814.00700, 0.08272
2812.07828, 0.08251
2810.14955, 0.08233
2808.22083, 0.08219
2806.29211, 0.08201
2804.36338, 0.08180
2802.43466, 0.08161
2800.50594, 0.08146
2798.57721, 0.08128
2796.64849, 0.08110
2794.71977, 0.08094
2792.79104, 0.08080
2790.86232, 0.08062
2788.93360, 0.08041
2787.00487, 0.08028
2785.07615, 0.08018
2783.14743, 0.07999
2781.21871, 0.07975
2779.28998, 0.07958
2777.36126, 0.07944
2775.43254, 0.07924
2773.50381, 0.07902
2771.57509, 0.07883
2769.64637, 0.07866
2767.71764, 0.07855
2765.78892, 0.07848
2763.86020, 0.07836
2761.93147, 0.07818
2760.00275, 0.07800
2758.07403, 0.07784
2756.14531, 0.07768
2754.21658, 0.07753
2752.28786, 0.07736
2750.35914, 0.07722
2748.43041, 0.07709
2746.50169, 0.07693
2744.57297, 0.07670
2742.64424, 0.07649
2740.71552, 0.07630
2738.78680, 0.07610
2736.85807, 0.07595
2734.92935, 0.07583
2733.00063, 0.07571
2731.07191, 0.07561
2729.14318, 0.07546
2727.21446, 0.07526
2725.28574, 0.07505
2723.35701, 0.07491
2721.42829, 0.07479
2719.49957, 0.07464
2717.57084, 0.07445
2715.64212, 0.07425
2713.71340, 0.07410
2711.78467, 0.07399
2709.85595, 0.07384
2707.92723, 0.07364
2705.99850, 0.07347
2704.06978, 0.07333
2702.14106, 0.07320
2700.21234, 0.07307
2698.28361, 0.07292
2696.35489, 0.07273
2694.42617, 0.07259
2692.49744, 0.07250
2690.56872, 0.07238
2688.64000, 0.07221
2686.71127, 0.07205
2684.78255, 0.07189
2682.85383, 0.07173
2680.92510, 0.07160
2678.99638, 0.07146
2677.06766, 0.07125
2675.13894, 0.07105
2673.21021, 0.07092
2671.28149, 0.07083
2669.35277, 0.07072
2667.42404, 0.07056
2665.49532, 0.07040
2663.56660, 0.07028
2661.63787, 0.07020
2659.70915, 0.07014
2657.78043, 0.07007
2655.85170, 0.07001
2653.92298, 0.06995
2651.99426, 0.06988
2650.06554, 0.06984
2648.13681, 0.06984
2646.20809, 0.06981
2644.27937, 0.06970
2642.35064, 0.06958
2640.42192, 0.06955
2638.49320, 0.06958
2636.56447, 0.06954
2634.63575, 0.06942
2632.70703, 0.06932
2630.77830, 0.06925
2628.84958, 0.06919
2626.92086, 0.06918
2624.99213, 0.06921
2623.06341, 0.06920
2621.13469, 0.06911
2619.20597, 0.06902
2617.27724, 0.06896
2615.34852, 0.06888
2613.41980, 0.06874
2611.49107, 0.06859
2609.56235, 0.06852
2607.63363, 0.06852
2605.70490, 0.06849
2603.77618, 0.06836
2601.84746, 0.06824
2599.91873, 0.06821
2597.99001, 0.06818
2596.06129, 0.06812
2594.13257, 0.06808
2592.20384, 0.06800
2590.27512, 0.06784
2588.34640, 0.06771
2586.41767, 0.06768
2584.48895, 0.06765
2582.56023, 0.06756
2580.63150, 0.06743
2578.70278, 0.06727
2576.77406, 0.06711
2574.84533, 0.06697
2572.91661, 0.06687
2570.98789, 0.06679
2569.05917, 0.06673
2567.13044, 0.06669
2565.20172, 0.06662
2563.27300, 0.06652
2561.34427, 0.06641
2559.41555, 0.06621
2557.48683, 0.06594
2555.55810, 0.06575
2553.62938, 0.06573
2551.70066, 0.06575
2549.77193, 0.06562
2547.84321, 0.06541
2545.91449, 0.06522
2543.98576, 0.06504
2542.05704, 0.06485
2540.12832, 0.06471
2538.19960, 0.06459
2536.27087, 0.06447
2534.34215, 0.06439
2532.41343, 0.06434
2530.48470, 0.06426
2528.55598, 0.06411
2526.62726, 0.06399
2524.69853, 0.06386
2522.76981, 0.06369
2520.84109, 0.06354
2518.91236, 0.06344
2516.98364, 0.06332
2515.05492, 0.06316
2513.12620, 0.06296
2511.19747, 0.06277
2509.26875, 0.06269
2507.34003, 0.06264
2505.41130, 0.06251
2503.48258, 0.06237
2501.55386, 0.06227
2499.62513, 0.06215
2497.69641, 0.06199
2495.76769, 0.06183
2493.83896, 0.06168
2491.91024, 0.06159
2489.98152, 0.06154
2488.05279, 0.06142
2486.12407, 0.06122
2484.19535, 0.06100
2482.26663, 0.06081
2480.33790, 0.06065
2478.40918, 0.06050
2476.48046, 0.06033
2474.55173, 0.06015
2472.62301, 0.06008
2470.69429, 0.06013
2468.76556, 0.06012
2466.83684, 0.05997
2464.90812, 0.05973
2462.97939, 0.05953
2461.05067, 0.05935
2459.12195, 0.05922
2457.19323, 0.05913
2455.26450, 0.05901
2453.33578, 0.05890
2451.40706, 0.05885
2449.47833, 0.05873
2447.54961, 0.05852
2445.62089, 0.05835
2443.69216, 0.05823
2441.76344, 0.05805
2439.83472, 0.05783
2437.90599, 0.05768
2435.97727, 0.05761
2434.04855, 0.05750
2432.11983, 0.05733
2430.19110, 0.05720
2428.26238, 0.05711
2426.33366, 0.05696
2424.40493, 0.05673
2422.47621, 0.05646
2420.54749, 0.05627
2418.61876, 0.05617
2416.69004, 0.05605
2414.76132, 0.05583
2412.83259, 0.05563
2410.90387, 0.05546
2408.97515, 0.05528
2407.04642, 0.05507
2405.11770, 0.05484
2403.18898, 0.05465
2401.26026, 0.05455
2399.33153, 0.05447
2397.40281, 0.05429
2395.47409, 0.05400
2393.54536, 0.05379
2391.61664, 0.05371
2389.68792, 0.05356
2387.75919, 0.05328
2385.83047, 0.05297
2383.90175, 0.05269
2381.97302, 0.05236
2380.04430, 0.05192
2378.11558, 0.05147
2376.18686, 0.05102
2374.25813, 0.05039
2372.32941, 0.04951
2370.40069, 0.04831
2368.47196, 0.04667
2366.54324, 0.04472
2364.61452, 0.04304
2362.68579, 0.04198
2360.75707, 0.04135
2358.82835, 0.04111
2356.89962, 0.04174
2354.97090, 0.04349
2353.04218, 0.04566
2351.11346, 0.04720
2349.18473, 0.04771
2347.25601, 0.04723
2345.32729, 0.04592
2343.39856, 0.04460
2341.46984, 0.04403
2339.54112, 0.04393
2337.61239, 0.04422
2335.68367, 0.04489
2333.75495, 0.04533
2331.82622, 0.04521
2329.89750, 0.04496
2327.96878, 0.04493
2326.04005, 0.04515
2324.11133, 0.04557
2322.18261, 0.04607
2320.25389, 0.04655
2318.32516, 0.04695
2316.39644, 0.04718
2314.46772, 0.04724
2312.53899, 0.04732
2310.61027, 0.04749
2308.68155, 0.04760
2306.75282, 0.04770
2304.82410, 0.04790
2302.89538, 0.04808
2300.96665, 0.04810
2299.03793, 0.04803
2297.10921, 0.04801
2295.18049, 0.04807
2293.25176, 0.04815
2291.32304, 0.04824
2289.39432, 0.04833
2287.46559, 0.04842
2285.53687, 0.04849
2283.60815, 0.04855
2281.67942, 0.04861
2279.75070, 0.04865
2277.82198, 0.04861
2275.89325, 0.04857
2273.96453, 0.04856
2272.03581, 0.04850
2270.10708, 0.04837
2268.17836, 0.04831
2266.24964, 0.04826
2264.32092, 0.04818
2262.39219, 0.04816
2260.46347, 0.04815
2258.53475, 0.04812
2256.60602, 0.04820
2254.67730, 0.04826
2252.74858, 0.04815
2250.81985, 0.04799
2248.89113, 0.04785
2246.96241, 0.04769
2245.03368, 0.04760
2243.10496, 0.04755
2241.17624, 0.04753
2239.24752, 0.04748
2237.31879, 0.04739
2235.39007, 0.04730
2233.46135, 0.04722
2231.53262, 0.04713
2229.60390, 0.04697
2227.67518, 0.04678
2225.74645, 0.04674
2223.81773, 0.04685
2221.88901, 0.04692
2219.96028, 0.04681
2218.03156, 0.04659
2216.10284, 0.04641
2214.17412, 0.04631
2212.24539, 0.04630
2210.31667, 0.04629
2208.38795, 0.04621
2206.45922, 0.04615
2204.53050, 0.04611
2202.60178, 0.04598
2200.67305, 0.04579
2198.74433, 0.04560
2196.81561, 0.04548
2194.88688, 0.04549
2192.95816, 0.04550
2191.02944, 0.04537
2189.10071, 0.04530
2187.17199, 0.04544
2185.24327, 0.04557
2183.31455, 0.04550
2181.38582, 0.04524
2179.45710, 0.04509
2177.52838, 0.04514
2175.59965, 0.04508
2173.67093, 0.04484
2171.74221, 0.04454
2169.81348, 0.04441
2167.88476, 0.04463
2165.95604, 0.04502
2164.02731, 0.04533
2162.09859, 0.04547
2160.16987, 0.04516
2158.24115, 0.04424
2156.31242, 0.04326
2154.38370, 0.04267
2152.45498, 0.04233
2150.52625, 0.04206
2148.59753, 0.04174
2146.66881, 0.04136
2144.74008, 0.04098
2142.81136, 0.04064
2140.88264, 0.04031
2138.95391, 0.03994
2137.02519, 0.03960
2135.09647, 0.03926
2133.16775, 0.03887
2131.23902, 0.03848
2129.31030, 0.03810
2127.38158, 0.03777
2125.45285, 0.03753
2123.52413, 0.03727
2121.59541, 0.03706
2119.66668, 0.03697
2117.73796, 0.03689
2115.80924, 0.03675
2113.88051, 0.03660
2111.95179, 0.03648
2110.02307, 0.03640
2108.09434, 0.03629
2106.16562, 0.03619
2104.23690, 0.03617
2102.30818, 0.03610
2100.37945, 0.03592
2098.45073, 0.03576
2096.52201, 0.03563
2094.59328, 0.03534
2092.66456, 0.03497
2090.73584, 0.03474
2088.80711, 0.03471
2086.87839, 0.03469
2084.94967, 0.03461
2083.02094, 0.03449
2081.09222, 0.03446
2079.16350, 0.03443
2077.23478, 0.03427
2075.30605, 0.03418
2073.37733, 0.03431
2071.44861, 0.03433
2069.51988, 0.03405
2067.59116, 0.03376
2065.66244, 0.03365
2063.73371, 0.03373
2061.80499, 0.03388
2059.87627, 0.03391
2057.94754, 0.03381
2056.01882, 0.03369
2054.09010, 0.03361
2052.16138, 0.03370
2050.23265, 0.03386
2048.30393, 0.03383
2046.37521, 0.03367
2044.44648, 0.03353
2042.51776, 0.03343
2040.58904, 0.03344
2038.66031, 0.03349
2036.73159, 0.03351
2034.80287, 0.03351
2032.87414, 0.03337
2030.94542, 0.03306
2029.01670, 0.03275
2027.08797, 0.03255
2025.15925, 0.03235
2023.23053, 0.03203
2021.30181, 0.03170
2019.37308, 0.03144
2017.44436, 0.03125
2015.51564, 0.03113
2013.58691, 0.03103
2011.65819, 0.03090
2009.72947, 0.03074
2007.80074, 0.03049
2005.87202, 0.03018
2003.94330, 0.02996
2002.01457, 0.02973
2000.08585, 0.02945
1998.15713, 0.02925
1996.22841, 0.02907
1994.29968, 0.02869
1992.37096, 0.02831
1990.44224, 0.02819
1988.51351, 0.02817
1986.58479, 0.02820
1984.65607, 0.02830
1982.72734, 0.02840
1980.79862, 0.02857
1978.86990, 0.02864
1976.94117, 0.02838
1975.01245, 0.02800
1973.08373, 0.02769
1971.15500, 0.02722
1969.22628, 0.02655
1967.29756, 0.02606
1965.36884, 0.02601
1963.44011, 0.02602
1961.51139, 0.02576
1959.58267, 0.02536
1957.65394, 0.02490
1955.72522, 0.02441
1953.79650, 0.02408
1951.86777, 0.02389
1949.93905, 0.02367
1948.01033, 0.02331
1946.08160, 0.02285
1944.15288, 0.02234
1942.22416, 0.02191
1940.29544, 0.02179
1938.36671, 0.02175
1936.43799, 0.02157
1934.50927, 0.02125
1932.58054, 0.02087
1930.65182, 0.02056
1928.72310, 0.02032
1926.79437, 0.02000
1924.86565, 0.01944
1922.93693, 0.01891
1921.00820, 0.01870
1919.07948, 0.01844
1917.15076, 0.01815
1915.22204, 0.01818
1913.29331, 0.01820
1911.36459, 0.01792
1909.43587, 0.01749
1907.50714, 0.01726
1905.57842, 0.01718
1903.64970, 0.01705
1901.72097, 0.01689
1899.79225, 0.01667
1897.86353, 0.01627
1895.93480, 0.01576
1894.00608, 0.01539
1892.07736, 0.01508
1890.14863, 0.01467
1888.21991, 0.01451
1886.29119, 0.01455
1884.36247, 0.01450
1882.43374, 0.01437
1880.50502, 0.01421
1878.57630, 0.01400
1876.64757, 0.01377
1874.71885, 0.01349
1872.79013, 0.01310
1870.86140, 0.01231
1868.93268, 0.01124
1867.00396, 0.01110
1865.07523, 0.01162
1863.14651, 0.01182
1861.21779, 0.01163
1859.28907, 0.01132
1857.36034, 0.01110
1855.43162, 0.01097
1853.50290, 0.01082
1851.57417, 0.01054
1849.64545, 0.01010
1847.71673, 0.00947
1845.78800, 0.00863
1843.85928, 0.00815
1841.93056, 0.00847
1840.00183, 0.00871
1838.07311, 0.00853
1836.14439, 0.00828
1834.21567, 0.00803
1832.28694, 0.00737
1830.35822, 0.00642
1828.42950, 0.00620
1826.50077, 0.00641
1824.57205, 0.00643
1822.64333, 0.00650
1820.71460, 0.00650
1818.78588, 0.00623
1816.85716, 0.00584
1814.92843, 0.00546
1812.99971, 0.00498
1811.07099, 0.00449
1809.14226, 0.00428
1807.21354, 0.00424
1805.28482, 0.00405
1803.35610, 0.00358
1801.42737, 0.00301
1799.49865, 0.00275
1797.56993, 0.00267
1795.64120, 0.00234
1793.71248, 0.00158
1791.78376, 0.00105
1789.85503, 0.00150
1787.92631, 0.00195
1785.99759, 0.00187
1784.06886, 0.00150
1782.14014, 0.00113
1780.21142, 0.00082
1778.28270, 0.00063
1776.35397, 0.00017
1774.42525, -0.00094
1772.49653, -0.00222
1770.56780, -0.00208
1768.63908, -0.00129
1766.71036, -0.00086
1764.78163, -0.00092
1762.85291, -0.00141
1760.92419, -0.00182
1758.99546, -0.00193
1757.06674, -0.00207
1755.13802, -0.00216
1753.20930, -0.00254
1751.28057, -0.00368
1749.35185, -0.00479
1747.42313, -0.00477
1745.49440, -0.00441
1743.56568, -0.00431
1741.63696, -0.00450
1739.70823, -0.00471
1737.77951, -0.00480
1735.85079, -0.00548
1733.92206, -0.00669
1731.99334, -0.00638
1730.06462, -0.00549
1728.13589, -0.00493
1726.20717, -0.00472
1724.27845, -0.00490
1722.34973, -0.00532
1720.42100, -0.00615
1718.49228, -0.00813
1716.56356, -0.00967
1714.63483, -0.00854
1712.70611, -0.00733
1710.77739, -0.00691
1708.84866, -0.00717
1706.91994, -0.00805
1704.99122, -0.00890
1703.06249, -0.00942
1701.13377, -0.01076
1699.20505, -0.01224
1697.27633, -0.01197
1695.34760, -0.01055
1693.41888, -0.00925
1691.49016, -0.00891
1689.56143, -0.00944
1687.63271, -0.01041
1685.70399, -0.01222
1683.77526, -0.01366
1681.84654, -0.01225
1679.91782, -0.01092
1677.98909, -0.01060
1676.06037, -0.01115
1674.13165, -0.01185
1672.20292, -0.01236
1670.27420, -0.01296
1668.34548, -0.01251
1666.41676, -0.01163
1664.48803, -0.01156
1662.55931, -0.01196
1660.63059, -0.01189
1658.70186, -0.01176
1656.77314, -0.01235
1654.84442, -0.01453
1652.91569, -0.01685
1650.98697, -0.01560
1649.05825, -0.01526
1647.12952, -0.01590
1645.20080, -0.01492
1643.27208, -0.01382
1641.34336, -0.01361
1639.41463, -0.01415
1637.48591, -0.01549
1635.55719, -0.01640
1633.62846, -0.01534
1631.69974, -0.01458
1629.77102, -0.01478
1627.84229, -0.01550
1625.91357, -0.01612
1623.98485, -0.01662
1622.05612, -0.01659
1620.12740, -0.01640
1618.19868, -0.01703
1616.26996, -0.01777
1614.34123, -0.01727
1612.41251, -0.01680
1610.48379, -0.01693
1608.55506, -0.01734
1606.62634, -0.01758
1604.69762, -0.01769
1602.76889, -0.01786
1600.84017, -0.01805
1598.91145, -0.01825
1596.98272, -0.01855
1595.05400, -0.01890
1593.12528, -0.01911
1591.19655, -0.01926
1589.26783, -0.01941
1587.33911, -0.01953
1585.41039, -0.01968
1583.48166, -0.01993
1581.55294, -0.02026
1579.62422, -0.02082
1577.69549, -0.02191
1575.76677, -0.02278
1573.83805, -0.02244
1571.90932, -0.02240
1569.98060, -0.02309
1568.05188, -0.02331
1566.12315, -0.02311
1564.19443, -0.02325
1562.26571, -0.02403
1560.33699, -0.02677
1558.40826, -0.03002
1556.47954, -0.02779
1554.55082, -0.02601
1552.62209, -0.02539
1550.69337, -0.02533
1548.76465, -0.02535
1546.83592, -0.02568
1544.90720, -0.02717
1542.97848, -0.03016
1541.04975, -0.03311
1539.12103, -0.03111
1537.19231, -0.02852
1535.26359, -0.02782
1533.33486, -0.02796
1531.40614, -0.02767
1529.47742, -0.02760
1527.54869, -0.02837
1525.61997, -0.02951
1523.69125, -0.03084
1521.76252, -0.03222
1519.83380, -0.03196
1517.90508, -0.03102
1515.97635, -0.03008
1514.04763, -0.02934
1512.11891, -0.02950
1510.19018, -0.03101
1508.26146, -0.03446
1506.33274, -0.03497
1504.40402, -0.03172
1502.47529, -0.03029
1500.54657, -0.03047
1498.61785, -0.03149
1496.68912, -0.03177
1494.76040, -0.03111
1492.83168, -0.03102
1490.90295, -0.03194
1488.97423, -0.03268
1487.04551, -0.03196
1485.11678, -0.03117
1483.18806, -0.03090
1481.25934, -0.03103
1479.33062, -0.03131
1477.40189, -0.03192
1475.47317, -0.03319
1473.54445, -0.03455
1471.61572, -0.03400
1469.68700, -0.03270
1467.75828, -0.03232
1465.82955, -0.03282
1463.90083, -0.03312
1461.97211, -0.03299
1460.04338, -0.03367
1458.11466, -0.03598
1456.18594, -0.03649
1454.25722, -0.03480
1452.32849, -0.03388
1450.39977, -0.03376
1448.47105, -0.03403
1446.54232, -0.03410
1444.61360, -0.03395
1442.68488, -0.03398
1440.75615, -0.03422
1438.82743, -0.03476
1436.89871, -0.03561
1434.96998, -0.03580
1433.04126, -0.03551
1431.11254, -0.03550
1429.18381, -0.03565
1427.25509, -0.03566
1425.32637, -0.03583
1423.39765, -0.03623
1421.46892, -0.03672
1419.54020, -0.03752
1417.61148, -0.03781
1415.68275, -0.03726
1413.75403, -0.03692
1411.82531, -0.03701
1409.89658, -0.03717
1407.96786, -0.03731
1406.03914, -0.03763
1404.11041, -0.03797
1402.18169, -0.03817
1400.25297, -0.03864
1398.32425, -0.03927
1396.39552, -0.03957
1394.46680, -0.03948
1392.53808, -0.03916
1390.60935, -0.03902
1388.68063, -0.03933
1386.75191, -0.03965
1384.82318, -0.03947
1382.89446, -0.03929
1380.96574, -0.03943
1379.03701, -0.03972
1377.10829, -0.04010
1375.17957, -0.04065
1373.25084, -0.04091
1371.32212, -0.04070
1369.39340, -0.04056
1367.46468, -0.04063
1365.53595, -0.04090
1363.60723, -0.04145
1361.67851, -0.04179
1359.74978, -0.04157
1357.82106, -0.04139
1355.89234, -0.04148
1353.96361, -0.04164
1352.03489, -0.04174
1350.10617, -0.04185
1348.17744, -0.04199
1346.24872, -0.04212
1344.32000, -0.04229
1342.39128, -0.04266
1340.46255, -0.04327
1338.53383, -0.04359
1336.60511, -0.04336
1334.67638, -0.04310
1332.74766, -0.04304
1330.81894, -0.04311
1328.89021, -0.04318
1326.96149, -0.04327
1325.03277, -0.04340
1323.10404, -0.04356
1321.17532, -0.04378
1319.24660, -0.04403
1317.31788, -0.04415
1315.38915, -0.04414
1313.46043, -0.04416
1311.53171, -0.04420
1309.60298, -0.04422
1307.67426, -0.04428
1305.74554, -0.04437
1303.81681, -0.04448
1301.88809, -0.04460
1299.95937, -0.04471
1298.03064, -0.04480
1296.10192, -0.04485
1294.17320, -0.04488
1292.24447, -0.04494
1290.31575, -0.04509
1288.38703, -0.04527
1286.45831, -0.04539
1284.52958, -0.04544
1282.60086, -0.04551
1280.67214, -0.04560
1278.74341, -0.04566
1276.81469, -0.04576
1274.88597, -0.04588
1272.95724, -0.04599
1271.02852, -0.04610
1269.09980, -0.04623
1267.17107, -0.04634
1265.24235, -0.04638
1263.31363, -0.04644
1261.38491, -0.04660
1259.45618, -0.04671
1257.52746, -0.04670
1255.59874, -0.04669
1253.67001, -0.04677
1251.74129, -0.04684
1249.81257, -0.04687
1247.88384, -0.04689
1245.95512, -0.04698
1244.02640, -0.04710
1242.09767, -0.04720
1240.16895, -0.04726
1238.24023, -0.04732
1236.31151, -0.04742
1234.38278, -0.04754
1232.45406, -0.04762
1230.52534, -0.04766
1228.59661, -0.04771
1226.66789, -0.04774
1224.73917, -0.04776
1222.81044, -0.04780
1220.88172, -0.04786
1218.95300, -0.04791
1217.02427, -0.04794
1215.09555, -0.04800
1213.16683, -0.04806
1211.23810, -0.04810
1209.30938, -0.04806
1207.38066, -0.04799
1205.45194, -0.04801
1203.52321, -0.04810
1201.59449, -0.04815
1199.66577, -0.04808
1197.73704, -0.04797
1195.80832, -0.04793
1193.87960, -0.04793
1191.95087, -0.04793
1190.02215, -0.04792
1188.09343, -0.04790
1186.16470, -0.04787
1184.23598, -0.04784
1182.30726, -0.04781
1180.37854, -0.04778
1178.44981, -0.04773
1176.52109, -0.04770
1174.59237, -0.04766
1172.66364, -0.04759
1170.73492, -0.04755
1168.80620, -0.04755
1166.87747, -0.04751
1164.94875, -0.04744
1163.02003, -0.04738
1161.09130, -0.04733
1159.16258, -0.04725
1157.23386, -0.04714
1155.30514, -0.04705
1153.37641, -0.04700
1151.44769, -0.04698
1149.51897, -0.04695
1147.59024, -0.04688
1145.66152, -0.04679
1143.73280, -0.04667
1141.80407, -0.04651
1139.87535, -0.04635
1137.94663, -0.04626
1136.01790, -0.04622
1134.08918, -0.04615
1132.16046, -0.04602
1130.23173, -0.04587
1128.30301, -0.04570
1126.37429, -0.04554
1124.44557, -0.04539
1122.51684, -0.04525
1120.58812, -0.04507
1118.65940, -0.04491
1116.73067, -0.04478
1114.80195, -0.04461
1112.87323, -0.04439
1110.94450, -0.04420
1109.01578, -0.04407
1107.08706, -0.04388
1105.15833, -0.04364
1103.22961, -0.04341
1101.30089, -0.04316
1099.37217, -0.04290
1097.44344, -0.04269
1095.51472, -0.04250
1093.58600, -0.04232
1091.65727, -0.04218
1089.72855, -0.04202
1087.79983, -0.04181
1085.87110, -0.04157
1083.94238, -0.04130
1082.01366, -0.04106
1080.08493, -0.04084
1078.15621, -0.04057
1076.22749, -0.04027
1074.29876, -0.04002
1072.37004, -0.03979
1070.44132, -0.03954
1068.51260, -0.03926
1066.58387, -0.03896
1064.65515, -0.03867
1062.72643, -0.03841
1060.79770, -0.03812
1058.86898, -0.03779
1056.94026, -0.03743
1055.01153, -0.03711
1053.08281, -0.03683
1051.15409, -0.03652
1049.22536, -0.03615
1047.29664, -0.03582
1045.36792, -0.03552
1043.43920, -0.03520
1041.51047, -0.03488
1039.58175, -0.03458
1037.65303, -0.03427
1035.72430, -0.03394
1033.79558, -0.03363
1031.86686, -0.03333
1029.93813, -0.03296
1028.00941, -0.03254
1026.08069, -0.03214
1024.15196, -0.03181
1022.22324, -0.03151
1020.29452, -0.03119
1018.36580, -0.03081
1016.43707, -0.03040
1014.50835, -0.03003
1012.57963, -0.02968
1010.65090, -0.02924
1008.72218, -0.02876
1006.79346, -0.02833
1004.86473, -0.02792
1002.93601, -0.02746
1001.00729, -0.02693
999.07856, -0.02643
997.14984, -0.02602
995.22112, -0.02561
993.29239, -0.02519
991.36367, -0.02473
989.43495, -0.02421
987.50623, -0.02370
985.57750, -0.02321
983.64878, -0.02268
981.72006, -0.02205
979.79133, -0.02137
977.86261, -0.02069
975.93389, -0.01996
974.00516, -0.01917
972.07644, -0.01836
970.14772, -0.01752
968.21899, -0.01665
966.29027, -0.01575
964.36155, -0.01475
962.43283, -0.01362
960.50410, -0.01242
958.57538, -0.01130
956.64666, -0.01022
954.71793, -0.00911
952.78921, -0.00794
950.86049, -0.00672
948.93176, -0.00553
947.00304, -0.00447
945.07432, -0.00346
943.14559, -0.00245
941.21687, -0.00150
939.28815, -0.00065
937.35943, 0.00017
935.43070, 0.00102
933.50198, 0.00188
931.57326, 0.00267
929.64453, 0.00340
927.71581, 0.00416
925.78709, 0.00499
923.85836, 0.00587
921.92964, 0.00682
920.00092, 0.00783
918.07219, 0.00888
916.14347, 0.01000
914.21475, 0.01121
912.28602, 0.01245
910.35730, 0.01374
908.42858, 0.01513
906.49986, 0.01654
904.57113, 0.01792
902.64241, 0.01929
900.71369, 0.02077
898.78496, 0.02237
896.85624, 0.02404
894.92752, 0.02574
892.99879, 0.02750
891.07007, 0.02937
889.14135, 0.03138
887.21262, 0.03359
885.28390, 0.03595
883.35518, 0.03844
881.42646, 0.04106
879.49773, 0.04377
877.56901, 0.04663
875.64029, 0.04975
873.71156, 0.05318
871.78284, 0.05680
869.85412, 0.06053
867.92539, 0.06436
865.99667, 0.06835
864.06795, 0.07256
862.13922, 0.07698
860.21050, 0.08155
858.28178, 0.08616
856.35306, 0.09083
854.42433, 0.09551
852.49561, 0.10002
850.56689, 0.10422
848.63816, 0.10806
846.70944, 0.11152
844.78072, 0.11457
842.85199, 0.11713
840.92327, 0.11913
838.99455, 0.12058
837.06582, 0.12167
835.13710, 0.12275
833.20838, 0.12408
831.27965, 0.12579
829.35093, 0.12799
827.42221, 0.13078
825.49349, 0.13432
823.56476, 0.13870
821.63604, 0.14382
819.70732, 0.14955
817.77859, 0.15596
815.84987, 0.16296
813.92115, 0.17023
811.99242, 0.17777
810.06370, 0.18564
808.13498, 0.19357
806.20625, 0.20140
804.27753, 0.20930
802.34881, 0.21732
800.42009, 0.22534
798.49136, 0.23330
796.56264, 0.24121
794.63392, 0.24910
792.70519, 0.25694
790.77647, 0.26481
788.84775, 0.27281
786.91902, 0.28105
784.99030, 0.28932
783.06158, 0.29741
781.13285, 0.30549
779.20413, 0.31373
777.27541, 0.32203
775.34668, 0.33006
773.41796, 0.33773
771.48924, 0.34502
769.56052, 0.35185
767.63179, 0.35827
765.70307, 0.36425
763.77435, 0.36970
761.84562, 0.37460
759.91690, 0.37889
757.98818, 0.38261
756.05945, 0.38596
754.13073, 0.38905
752.20201, 0.39179
750.27328, 0.39421
748.34456, 0.39645
746.41584, 0.39845
744.48712, 0.40013
742.55839, 0.40178
740.62967, 0.40376
738.70095, 0.40606
736.77222, 0.40830
734.84350, 0.41027
732.91478, 0.41238
730.98605, 0.41485
729.05733, 0.41740
727.12861, 0.42002
725.19988, 0.42277
723.27116, 0.42552
721.34244, 0.42835
719.41372, 0.43116
717.48499, 0.43379
715.55627, 0.43626
713.62755, 0.43854
711.69882, 0.44057
709.77010, 0.44245
707.84138, 0.44423
705.91265, 0.44578
703.98393, 0.44668
702.05521, 0.44683
700.12648, 0.44657
698.19776, 0.44580
696.26904, 0.44404
694.34031, 0.44099
692.41159, 0.43707
690.48287, 0.43248
688.55415, 0.42679
686.62542, 0.42042
684.69670, 0.41429
682.76798, 0.40804
680.83925, 0.40137
678.91053, 0.39528
676.98181, 0.39016
675.05308, 0.38588
673.12436, 0.38339
671.19564, 0.38383
669.26691, 0.38662
667.33819, 0.38659
665.40947, 0.38472
663.48075, 0.38573
661.55202, 0.38939
659.62330, 0.39436
657.69458, 0.40003
655.76585, 0.40625
653.83713, 0.41253
651.90841, 0.41879
649.97968, 0.42537
648.05096, 0.43219
646.12224, 0.43920
644.19351, 0.44627
642.26479, 0.45298
640.33607, 0.45928
638.40735, 0.46498
636.47862, 0.46962
634.54990, 0.47290
632.62118, 0.47493
630.69245, 0.47575
628.76373, 0.47520
626.83501, 0.47280
624.90628, 0.46865
622.97756, 0.46396
621.04884, 0.45927
619.12011, 0.45396
617.19139, 0.44734
615.26267, 0.44009
613.33394, 0.43328
611.40522, 0.42701
609.47650, 0.42130
607.54778, 0.41635
605.61905, 0.41219
603.69033, 0.40895
601.76161, 0.40721
599.83288, 0.40700
597.90416, 0.40766
595.97544, 0.40908
594.04671, 0.41159
592.11799, 0.41482
590.18927, 0.41796
588.26054, 0.42116
586.33182, 0.42498
584.40310, 0.42931
582.47438, 0.43361
580.54565, 0.43757
578.61693, 0.44128
576.68821, 0.44497
574.75948, 0.44828
572.83076, 0.45110
570.90204, 0.45402
568.97331, 0.45709
567.04459, 0.45997
565.11587, 0.46242
563.18714, 0.46437
561.25842, 0.46620
559.32970, 0.46814
557.40097, 0.47017
555.47225, 0.47230
553.54353, 0.47438
551.61481, 0.47646
549.68608, 0.47898
547.75736, 0.48198
545.82864, 0.48480
543.89991, 0.48720
541.97119, 0.48987
540.04247, 0.49327
538.11374, 0.49683
536.18502, 0.49957
534.25630, 0.50116
532.32757, 0.50172
530.39885, 0.50120
528.47013, 0.49953
526.54141, 0.49505
524.61268, 0.48554
522.68396, 0.47395
520.75524, 0.46254
518.82651, 0.44878
516.89779, 0.43099
514.96907, 0.41259
513.04034, 0.39591
511.11162, 0.38037
509.18290, 0.36579
507.25417, 0.35156
505.32545, 0.33807
503.39673, 0.32560
501.46801, 0.31314
499.53928, 0.30153
497.61056, 0.29136
495.68184, 0.28274
493.75311, 0.27589
491.82439, 0.26975
489.89567, 0.26381
487.96694, 0.25866
486.03822, 0.25460
484.10950, 0.25121
482.18077, 0.24773
480.25205, 0.24424
478.32333, 0.24112
476.39460, 0.23865
474.46588, 0.23691
472.53716, 0.23446
470.60844, 0.23023
468.67971, 0.22636
466.75099, 0.22378
464.82227, 0.22212
462.89354, 0.22164
460.96482, 0.22289
459.03610, 0.22596
457.10737, 0.22939
455.17865, 0.23150
453.24993, 0.23515
451.32120, 0.24123
449.39248, 0.24703
447.46376, 0.25423
445.53504, 0.26547
443.60631, 0.27704
441.67759, 0.28461
439.74887, 0.29171
437.82014, 0.30328
435.89142, 0.31715
433.96270, 0.32972
432.03397, 0.34731
430.10525, 0.37632
428.17653, 0.42080
##END=



