##NAMES=Aphthitalite
##RRUFFID=R050651
##IDEAL CHEMISTRY=K_3_Na(S^6+^O_4_)_2_
##LOCALITY=Searles Lake, Trona, San Bernardino County, California, USA
##OWNER=RRUFF
##SOURCE=University of Arizona Mineral Museum
##DESCRIPTION=Colorless hexagonal crystals displaying P-3m1 space group symmetry, associated with halite.
##STATUS=The identification of this mineral has been confirmed by single-crystal X-ray diffraction.
##URL=rruff.info/R050651
3.991926e+002, -1.623908e-002
4.011211e+002, 1.207922e-003
4.030495e+002, 2.070727e-003
4.049780e+002, -1.590185e-002
4.069065e+002, -2.422605e-003
4.088349e+002, 1.236353e-002
4.107634e+002, 4.052124e-003
4.126919e+002, 6.673084e-004
4.146203e+002, 5.116606e-003
4.165488e+002, 9.030481e-004
4.184773e+002, -1.203803e-003
4.204057e+002, 5.181467e-003
4.223342e+002, 2.612277e-003
4.242627e+002, -4.219107e-003
4.261911e+002, -8.654112e-004
4.281196e+002, 1.174474e-003
4.300481e+002, 5.091915e-004
4.319765e+002, 1.785473e-003
4.339050e+002, 2.492378e-003
4.358335e+002, 6.889969e-003
4.377619e+002, 6.742228e-003
4.396904e+002, 4.270417e-003
4.416189e+002, 2.936807e-003
4.435473e+002, 1.933266e-003
4.454758e+002, 4.281660e-003
4.474043e+002, 7.228214e-003
4.493327e+002, 3.964532e-003
4.512612e+002, 2.278588e-003
4.531897e+002, 7.168165e-003
4.551181e+002, 8.064724e-003
4.570466e+002, 6.113688e-003
4.589751e+002, 6.060611e-003
4.609035e+002, 3.231529e-003
4.628320e+002, 9.183289e-004
4.647605e+002, 3.325094e-003
4.666889e+002, 5.736569e-003
4.686174e+002, 2.692146e-003
4.705459e+002, 2.634101e-003
4.724743e+002, 3.822082e-003
4.744028e+002, 1.534930e-003
4.763313e+002, 2.211025e-003
4.782597e+002, 3.901789e-003
4.801882e+002, 2.001113e-003
4.821167e+002, 1.387095e-003
4.840451e+002, 3.683736e-003
4.859736e+002, 3.474292e-003
4.879021e+002, 2.427313e-003
4.898305e+002, 2.633839e-003
4.917590e+002, 2.770100e-003
4.936875e+002, 2.679189e-003
4.956159e+002, 2.935478e-003
4.975444e+002, 3.169335e-003
4.994729e+002, 2.621504e-003
5.014013e+002, 2.954520e-003
5.033298e+002, 3.586558e-003
5.052583e+002, 2.730422e-003
5.071867e+002, 2.120073e-003
5.091152e+002, 3.479982e-003
5.110437e+002, 4.307998e-003
5.129721e+002, 3.867662e-003
5.149006e+002, 3.902340e-003
5.168290e+002, 4.105689e-003
5.187575e+002, 3.913312e-003
5.206860e+002, 4.030718e-003
5.226144e+002, 4.771571e-003
5.245429e+002, 4.534367e-003
5.264714e+002, 3.521757e-003
5.283998e+002, 4.298001e-003
5.303283e+002, 4.782645e-003
5.322568e+002, 4.269724e-003
5.341852e+002, 4.220945e-003
5.361137e+002, 4.846100e-003
5.380422e+002, 5.066285e-003
5.399706e+002, 4.416275e-003
5.418991e+002, 4.519595e-003
5.438276e+002, 4.811184e-003
5.457560e+002, 5.271474e-003
5.476845e+002, 5.166074e-003
5.496130e+002, 4.822580e-003
5.515414e+002, 5.465914e-003
5.534699e+002, 6.494737e-003
5.553984e+002, 6.746869e-003
5.573268e+002, 6.275950e-003
5.592553e+002, 6.589110e-003
5.611838e+002, 7.493946e-003
5.631122e+002, 7.383877e-003
5.650407e+002, 6.990161e-003
5.669692e+002, 7.979973e-003
5.688976e+002, 8.392060e-003
5.708261e+002, 7.469003e-003
5.727546e+002, 7.361433e-003
5.746830e+002, 8.749996e-003
5.766115e+002, 9.443842e-003
5.785400e+002, 9.609609e-003
5.804684e+002, 1.073842e-002
5.823969e+002, 1.179061e-002
5.843254e+002, 1.233029e-002
5.862538e+002, 1.389797e-002
5.881823e+002, 1.569039e-002
5.901108e+002, 1.576001e-002
5.920392e+002, 1.678836e-002
5.939677e+002, 1.988994e-002
5.958962e+002, 2.203369e-002
5.978246e+002, 2.425548e-002
5.997531e+002, 2.851711e-002
6.016816e+002, 3.283983e-002
6.036100e+002, 3.793966e-002
6.055385e+002, 4.582448e-002
6.074670e+002, 5.495622e-002
6.093954e+002, 6.475830e-002
6.113239e+002, 7.829759e-002
6.132524e+002, 9.414067e-002
6.151808e+002, 1.082070e-001
6.171093e+002, 1.149429e-001
6.190378e+002, 1.102996e-001
6.209662e+002, 9.442540e-002
6.228947e+002, 7.320354e-002
6.248232e+002, 5.326030e-002
6.267516e+002, 3.528243e-002
6.286801e+002, 2.030294e-002
6.306086e+002, 1.182756e-002
6.325370e+002, 8.861786e-003
6.344655e+002, 7.344319e-003
6.363940e+002, 5.765419e-003
6.383224e+002, 5.389494e-003
6.402509e+002, 5.454168e-003
6.421794e+002, 5.046197e-003
6.441078e+002, 4.879842e-003
6.460363e+002, 5.061442e-003
6.479648e+002, 4.675478e-003
6.498932e+002, 4.178120e-003
6.518217e+002, 4.007396e-003
6.537502e+002, 3.946188e-003
6.556786e+002, 4.194897e-003
6.576071e+002, 4.335052e-003
6.595356e+002, 4.348718e-003
6.614641e+002, 4.175866e-003
6.633925e+002, 3.922760e-003
6.653210e+002, 4.401929e-003
6.672495e+002, 4.952279e-003
6.691779e+002, 4.606615e-003
6.711064e+002, 4.494761e-003
6.730349e+002, 4.896760e-003
6.749633e+002, 4.814062e-003
6.768918e+002, 4.558586e-003
6.788203e+002, 4.763659e-003
6.807487e+002, 5.155577e-003
6.826772e+002, 4.955368e-003
6.846057e+002, 4.816684e-003
6.865341e+002, 4.988221e-003
6.884626e+002, 4.741781e-003
6.903911e+002, 4.653981e-003
6.923195e+002, 4.955646e-003
6.942480e+002, 5.063077e-003
6.961765e+002, 4.906416e-003
6.981049e+002, 4.847606e-003
7.000334e+002, 4.921151e-003
7.019619e+002, 4.759622e-003
7.038903e+002, 5.036763e-003
7.058188e+002, 5.617909e-003
7.077473e+002, 5.564671e-003
7.096757e+002, 5.209426e-003
7.116042e+002, 5.171192e-003
7.135327e+002, 5.116527e-003
7.154611e+002, 4.962973e-003
7.173896e+002, 5.060291e-003
7.193181e+002, 5.454882e-003
7.212465e+002, 5.739902e-003
7.231750e+002, 5.772993e-003
7.251035e+002, 5.696193e-003
7.270319e+002, 5.832123e-003
7.289604e+002, 5.942798e-003
7.308889e+002, 6.055486e-003
7.328173e+002, 5.677411e-003
7.347458e+002, 5.663827e-003
7.366743e+002, 6.177245e-003
7.386027e+002, 6.508939e-003
7.405312e+002, 6.415026e-003
7.424597e+002, 6.135782e-003
7.443881e+002, 5.842941e-003
7.463166e+002, 5.825497e-003
7.482451e+002, 6.024566e-003
7.501735e+002, 6.516939e-003
7.521020e+002, 6.792024e-003
7.540305e+002, 6.475365e-003
7.559589e+002, 6.324168e-003
7.578874e+002, 6.900374e-003
7.598159e+002, 6.975396e-003
7.617443e+002, 6.817000e-003
7.636728e+002, 7.153832e-003
7.656013e+002, 7.558572e-003
7.675297e+002, 8.264127e-003
7.694582e+002, 9.800141e-003
7.713867e+002, 1.175081e-002
7.733151e+002, 1.333646e-002
7.752436e+002, 1.297230e-002
7.771721e+002, 1.143577e-002
7.791005e+002, 9.257673e-003
7.810290e+002, 7.724148e-003
7.829575e+002, 7.125373e-003
7.848859e+002, 6.992456e-003
7.868144e+002, 6.963231e-003
7.887429e+002, 6.822408e-003
7.906713e+002, 6.961938e-003
7.925998e+002, 6.697395e-003
7.945283e+002, 6.408645e-003
7.964567e+002, 6.915864e-003
7.983852e+002, 6.785636e-003
8.003137e+002, 6.589057e-003
8.022421e+002, 6.828717e-003
8.041706e+002, 6.892283e-003
8.060991e+002, 6.625584e-003
8.080275e+002, 6.922307e-003
8.099560e+002, 7.372664e-003
8.118845e+002, 7.356100e-003
8.138129e+002, 7.247191e-003
8.157414e+002, 7.227204e-003
8.176699e+002, 7.342188e-003
8.195983e+002, 7.482869e-003
8.215268e+002, 7.403110e-003
8.234553e+002, 7.624234e-003
8.253837e+002, 7.872202e-003
8.273122e+002, 8.068962e-003
8.292407e+002, 8.277525e-003
8.311691e+002, 8.563825e-003
8.330976e+002, 8.384812e-003
8.350261e+002, 8.348440e-003
8.369545e+002, 8.453658e-003
8.388830e+002, 8.427221e-003
8.408115e+002, 8.286708e-003
8.427399e+002, 8.241449e-003
8.446684e+002, 8.378893e-003
8.465969e+002, 8.716780e-003
8.485253e+002, 8.520115e-003
8.504538e+002, 8.246139e-003
8.523823e+002, 8.571184e-003
8.543107e+002, 8.788756e-003
8.562392e+002, 8.628436e-003
8.581677e+002, 8.736641e-003
8.600961e+002, 8.819412e-003
8.620246e+002, 8.664285e-003
8.639531e+002, 8.638439e-003
8.658815e+002, 9.051505e-003
8.678100e+002, 8.967292e-003
8.697385e+002, 8.945757e-003
8.716669e+002, 9.137189e-003
8.735954e+002, 9.076403e-003
8.755239e+002, 9.253142e-003
8.774523e+002, 9.584148e-003
8.793808e+002, 9.540946e-003
8.813093e+002, 9.496306e-003
8.832377e+002, 9.613818e-003
8.851662e+002, 9.570970e-003
8.870947e+002, 9.922715e-003
8.890231e+002, 1.020102e-002
8.909516e+002, 1.003814e-002
8.928801e+002, 9.908599e-003
8.948085e+002, 9.890372e-003
8.967370e+002, 1.031214e-002
8.986655e+002, 1.071014e-002
9.005939e+002, 1.058238e-002
9.025224e+002, 1.040216e-002
9.044509e+002, 1.040155e-002
9.063793e+002, 1.042413e-002
9.083078e+002, 1.088427e-002
9.102363e+002, 1.119591e-002
9.121647e+002, 1.114190e-002
9.140932e+002, 1.102627e-002
9.160217e+002, 1.104526e-002
9.179501e+002, 1.146667e-002
9.198786e+002, 1.170943e-002
9.218071e+002, 1.169303e-002
9.237355e+002, 1.181391e-002
9.256640e+002, 1.223238e-002
9.275925e+002, 1.277722e-002
9.295209e+002, 1.288305e-002
9.314494e+002, 1.285934e-002
9.333779e+002, 1.296553e-002
9.353063e+002, 1.326288e-002
9.372348e+002, 1.340771e-002
9.391633e+002, 1.385688e-002
9.410917e+002, 1.424312e-002
9.430202e+002, 1.427975e-002
9.449487e+002, 1.451848e-002
9.468771e+002, 1.516764e-002
9.488056e+002, 1.558436e-002
9.507341e+002, 1.582443e-002
9.526625e+002, 1.593262e-002
9.545910e+002, 1.600320e-002
9.565195e+002, 1.626266e-002
9.584479e+002, 1.687633e-002
9.603764e+002, 1.756043e-002
9.623049e+002, 1.796869e-002
9.642333e+002, 1.812849e-002
9.661618e+002, 1.851360e-002
9.680903e+002, 1.899474e-002
9.700187e+002, 1.987659e-002
9.719472e+002, 2.062094e-002
9.738757e+002, 2.121978e-002
9.758041e+002, 2.203993e-002
9.777326e+002, 2.338721e-002
9.796611e+002, 2.504821e-002
9.815895e+002, 2.663274e-002
9.835180e+002, 2.900945e-002
9.854465e+002, 3.333982e-002
9.873749e+002, 3.955604e-002
9.893034e+002, 4.582613e-002
9.912319e+002, 4.652670e-002
9.931603e+002, 3.982552e-002
9.950888e+002, 3.234188e-002
9.970173e+002, 2.830487e-002
9.989457e+002, 2.670461e-002
1.000874e+003, 2.651313e-002
1.002803e+003, 2.702820e-002
1.004731e+003, 2.787748e-002
1.006660e+003, 2.861362e-002
1.008588e+003, 2.914275e-002
1.010517e+003, 2.991668e-002
1.012445e+003, 3.081886e-002
1.014373e+003, 3.163156e-002
1.016302e+003, 3.271648e-002
1.018230e+003, 3.403962e-002
1.020159e+003, 3.539633e-002
1.022087e+003, 3.628305e-002
1.024016e+003, 3.728502e-002
1.025944e+003, 3.836412e-002
1.027873e+003, 4.014128e-002
1.029801e+003, 4.195374e-002
1.031730e+003, 4.322049e-002
1.033658e+003, 4.439093e-002
1.035587e+003, 4.588619e-002
1.037515e+003, 4.751839e-002
1.039443e+003, 4.945676e-002
1.041372e+003, 5.132515e-002
1.043300e+003, 5.332745e-002
1.045229e+003, 5.525352e-002
1.047157e+003, 5.705137e-002
1.049086e+003, 5.911826e-002
1.051014e+003, 6.167453e-002
1.052943e+003, 6.392942e-002
1.054871e+003, 6.628218e-002
1.056800e+003, 6.896839e-002
1.058728e+003, 7.201921e-002
1.060657e+003, 7.518031e-002
1.062585e+003, 7.871624e-002
1.064514e+003, 8.231452e-002
1.066442e+003, 8.599448e-002
1.068370e+003, 8.971171e-002
1.070299e+003, 9.349008e-002
1.072227e+003, 9.787327e-002
1.074156e+003, 1.025514e-001
1.076084e+003, 1.070781e-001
1.078013e+003, 1.114734e-001
1.079941e+003, 1.162750e-001
1.081870e+003, 1.216680e-001
1.083798e+003, 1.281015e-001
1.085727e+003, 1.349924e-001
1.087655e+003, 1.422308e-001
1.089584e+003, 1.495636e-001
1.091512e+003, 1.558395e-001
1.093441e+003, 1.617107e-001
1.095369e+003, 1.661799e-001
1.097297e+003, 1.686486e-001
1.099226e+003, 1.696731e-001
1.101154e+003, 1.693645e-001
1.103083e+003, 1.669049e-001
1.105011e+003, 1.634831e-001
1.106940e+003, 1.592834e-001
1.108868e+003, 1.545334e-001
1.110797e+003, 1.496967e-001
1.112725e+003, 1.449922e-001
1.114654e+003, 1.403046e-001
1.116582e+003, 1.356372e-001
1.118511e+003, 1.306679e-001
1.120439e+003, 1.262284e-001
1.122368e+003, 1.214421e-001
1.124296e+003, 1.164245e-001
1.126224e+003, 1.119051e-001
1.128153e+003, 1.079778e-001
1.130081e+003, 1.035370e-001
1.132010e+003, 9.898701e-002
1.133938e+003, 9.466568e-002
1.135867e+003, 9.049610e-002
1.137795e+003, 8.660552e-002
1.139724e+003, 8.295868e-002
1.141652e+003, 7.933439e-002
1.143581e+003, 7.559394e-002
1.145509e+003, 7.225210e-002
1.147438e+003, 6.934068e-002
1.149366e+003, 6.679897e-002
1.151295e+003, 6.443804e-002
1.153223e+003, 6.156854e-002
1.155151e+003, 5.873950e-002
1.157080e+003, 5.618039e-002
1.159008e+003, 5.393381e-002
1.160937e+003, 5.273871e-002
1.162865e+003, 5.275586e-002
1.164794e+003, 5.333814e-002
1.166722e+003, 5.436563e-002
1.168651e+003, 5.598254e-002
1.170579e+003, 5.823792e-002
1.172508e+003, 6.027994e-002
1.174436e+003, 6.271925e-002
1.176365e+003, 6.532390e-002
1.178293e+003, 6.753670e-002
1.180222e+003, 6.931727e-002
1.182150e+003, 7.059839e-002
1.184078e+003, 7.109363e-002
1.186007e+003, 7.167499e-002
1.187935e+003, 7.172418e-002
1.189864e+003, 7.131407e-002
1.191792e+003, 7.018741e-002
1.193721e+003, 6.858683e-002
1.195649e+003, 6.634540e-002
1.197578e+003, 6.378231e-002
1.199506e+003, 6.074063e-002
1.201435e+003, 5.743319e-002
1.203363e+003, 5.401056e-002
1.205292e+003, 5.051735e-002
1.207220e+003, 4.687701e-002
1.209149e+003, 4.318110e-002
1.211077e+003, 3.958827e-002
1.213005e+003, 3.627316e-002
1.214934e+003, 3.309916e-002
1.216862e+003, 3.027290e-002
1.218791e+003, 2.763594e-002
1.220719e+003, 2.507716e-002
1.222648e+003, 2.261754e-002
1.224576e+003, 2.049947e-002
1.226505e+003, 1.881037e-002
1.228433e+003, 1.721334e-002
1.230362e+003, 1.575705e-002
1.232290e+003, 1.464548e-002
1.234219e+003, 1.381219e-002
1.236147e+003, 1.339997e-002
1.238076e+003, 1.317337e-002
1.240004e+003, 1.304860e-002
1.241932e+003, 1.248964e-002
1.243861e+003, 1.187250e-002
1.245789e+003, 1.125742e-002
1.247718e+003, 1.079693e-002
1.249646e+003, 1.055378e-002
1.251575e+003, 1.058102e-002
1.253503e+003, 1.031721e-002
1.255432e+003, 1.006034e-002
1.257360e+003, 9.981851e-003
1.259289e+003, 9.907927e-003
1.261217e+003, 9.542000e-003
1.263146e+003, 9.224882e-003
1.265074e+003, 9.111566e-003
1.267003e+003, 8.804318e-003
1.268931e+003, 8.554907e-003
1.270859e+003, 8.395539e-003
1.272788e+003, 8.293622e-003
1.274716e+003, 8.602062e-003
1.276645e+003, 8.556520e-003
1.278573e+003, 8.462284e-003
1.280502e+003, 8.119107e-003
1.282430e+003, 7.991309e-003
1.284359e+003, 7.860924e-003
1.286287e+003, 7.843206e-003
1.288216e+003, 7.931154e-003
1.290144e+003, 7.776297e-003
1.292073e+003, 7.488647e-003
1.294001e+003, 7.617633e-003
1.295930e+003, 7.735241e-003
1.297858e+003, 7.628830e-003
1.299786e+003, 7.645753e-003
1.301715e+003, 7.626976e-003
1.303643e+003, 7.287649e-003
1.305572e+003, 6.955296e-003
1.307500e+003, 7.354895e-003
1.309429e+003, 7.855758e-003
1.311357e+003, 8.089452e-003
1.313286e+003, 8.132334e-003
1.315214e+003, 8.100382e-003
1.317143e+003, 8.105531e-003
1.319071e+003, 8.154859e-003
1.321000e+003, 8.446332e-003
1.322928e+003, 8.848743e-003
1.324857e+003, 9.020587e-003
1.326785e+003, 9.112319e-003
1.328714e+003, 9.360520e-003
1.330642e+003, 9.683156e-003
1.332570e+003, 1.012677e-002
1.334499e+003, 1.057280e-002
1.336427e+003, 1.109126e-002
1.338356e+003, 1.142959e-002
1.340284e+003, 1.181199e-002
1.342213e+003, 1.265797e-002
1.344141e+003, 1.343479e-002
1.346070e+003, 1.416067e-002
1.347998e+003, 1.542350e-002
1.349927e+003, 1.666263e-002
1.351855e+003, 1.808712e-002
1.353784e+003, 1.981937e-002
1.355712e+003, 2.093075e-002
1.357641e+003, 2.141699e-002
1.359569e+003, 2.152020e-002
1.361497e+003, 2.089042e-002
1.363426e+003, 2.012302e-002
1.365354e+003, 1.856028e-002
1.367283e+003, 1.677853e-002
1.369211e+003, 1.503802e-002
1.371140e+003, 1.317170e-002
1.373068e+003, 1.157604e-002
1.374997e+003, 1.012311e-002
1.376925e+003, 9.003638e-003
1.378854e+003, 8.467221e-003
1.380782e+003, 8.084679e-003
1.382711e+003, 7.940056e-003
1.384639e+003, 7.642707e-003
1.386568e+003, 7.689972e-003
1.388496e+003, 7.686734e-003
1.390424e+003, 7.657796e-003
1.392353e+003, 7.714628e-003
1.394281e+003, 7.650639e-003
1.396210e+003, 7.351619e-003
1.398138e+003, 7.330216e-003
1.400067e+003, 7.095608e-003
1.401995e+003, 7.007350e-003
1.403924e+003, 7.340728e-003
1.405852e+003, 7.362597e-003
1.407781e+003, 7.211019e-003
1.409709e+003, 7.650106e-003
1.411638e+003, 7.991716e-003
1.413566e+003, 8.005765e-003
1.415495e+003, 8.044818e-003
1.417423e+003, 8.004676e-003
1.419351e+003, 7.914236e-003
1.421280e+003, 8.062908e-003
1.423208e+003, 7.925615e-003
1.425137e+003, 7.784418e-003
1.427065e+003, 7.875256e-003
1.428994e+003, 8.267680e-003
1.430922e+003, 8.334239e-003
1.432851e+003, 8.150242e-003
1.434779e+003, 7.971224e-003
1.436708e+003, 8.290746e-003
1.438636e+003, 8.620530e-003
1.440565e+003, 8.619890e-003
1.442493e+003, 8.258263e-003
1.444422e+003, 7.942488e-003
1.446350e+003, 7.616598e-003
1.448278e+003, 7.954705e-003
1.450207e+003, 8.385299e-003
1.452135e+003, 8.484809e-003
1.454064e+003, 8.627447e-003
1.455992e+003, 8.938954e-003
1.457921e+003, 8.805247e-003
1.459849e+003, 8.525469e-003
1.461778e+003, 8.483077e-003
1.463706e+003, 8.699409e-003
1.465635e+003, 8.738047e-003
1.467563e+003, 8.845635e-003
1.469492e+003, 8.887177e-003
1.471420e+003, 8.809562e-003
1.473349e+003, 8.685307e-003
1.475277e+003, 8.584455e-003
1.477205e+003, 8.507879e-003
1.479134e+003, 8.502597e-003
1.481062e+003, 8.411352e-003
1.482991e+003, 8.572221e-003
1.484919e+003, 8.381116e-003
1.486848e+003, 8.481695e-003
1.488776e+003, 8.816906e-003
1.490705e+003, 8.746766e-003
1.492633e+003, 8.569871e-003
1.494562e+003, 8.806541e-003
1.496490e+003, 9.092847e-003
1.498419e+003, 9.017921e-003
1.500347e+003, 9.014506e-003
1.502276e+003, 9.427098e-003
1.504204e+003, 9.367147e-003
1.506132e+003, 9.337190e-003
1.508061e+003, 9.256496e-003
1.509989e+003, 9.117386e-003
1.511918e+003, 9.313654e-003
1.513846e+003, 9.615644e-003
1.515775e+003, 9.820106e-003
1.517703e+003, 1.010870e-002
1.519632e+003, 1.027853e-002
1.521560e+003, 1.021774e-002
1.523489e+003, 1.019798e-002
1.525417e+003, 1.037434e-002
1.527346e+003, 1.064346e-002
1.529274e+003, 1.096890e-002
1.531203e+003, 1.104313e-002
1.533131e+003, 1.142406e-002
1.535059e+003, 1.168208e-002
1.536988e+003, 1.207961e-002
1.538916e+003, 1.281921e-002
1.540845e+003, 1.311579e-002
1.542773e+003, 1.315295e-002
1.544702e+003, 1.333430e-002
1.546630e+003, 1.338796e-002
1.548559e+003, 1.354490e-002
1.550487e+003, 1.391028e-002
1.552416e+003, 1.440472e-002
1.554344e+003, 1.476500e-002
1.556273e+003, 1.503889e-002
1.558201e+003, 1.532829e-002
1.560130e+003, 1.572830e-002
1.562058e+003, 1.628006e-002
1.563986e+003, 1.707317e-002
1.565915e+003, 1.779046e-002
1.567843e+003, 1.809292e-002
1.569772e+003, 1.832261e-002
1.571700e+003, 1.887081e-002
1.573629e+003, 1.932362e-002
1.575557e+003, 1.961516e-002
1.577486e+003, 2.007112e-002
1.579414e+003, 2.091093e-002
1.581343e+003, 2.149643e-002
1.583271e+003, 2.166133e-002
1.585200e+003, 2.185225e-002
1.587128e+003, 2.184854e-002
1.589057e+003, 2.153165e-002
1.590985e+003, 2.145641e-002
1.592913e+003, 2.126598e-002
1.594842e+003, 2.099654e-002
1.596770e+003, 2.063527e-002
1.598699e+003, 2.033006e-002
1.600627e+003, 2.024504e-002
1.602556e+003, 2.019903e-002
1.604484e+003, 1.983979e-002
1.606413e+003, 1.972110e-002
1.608341e+003, 1.916372e-002
1.610270e+003, 1.837172e-002
1.612198e+003, 1.823371e-002
1.614127e+003, 1.814108e-002
1.616055e+003, 1.747341e-002
1.617984e+003, 1.699978e-002
1.619912e+003, 1.683041e-002
1.621840e+003, 1.645956e-002
1.623769e+003, 1.630192e-002
1.625697e+003, 1.618878e-002
1.627626e+003, 1.533865e-002
1.629554e+003, 1.479483e-002
1.631483e+003, 1.474981e-002
1.633411e+003, 1.449342e-002
1.635340e+003, 1.427691e-002
1.637268e+003, 1.441254e-002
1.639197e+003, 1.419300e-002
1.641125e+003, 1.339672e-002
1.643054e+003, 1.288372e-002
1.644982e+003, 1.252194e-002
1.646911e+003, 1.208428e-002
1.648839e+003, 1.218150e-002
1.650767e+003, 1.196962e-002
1.652696e+003, 1.137832e-002
1.654624e+003, 1.106487e-002
1.656553e+003, 1.125527e-002
1.658481e+003, 1.132642e-002
1.660410e+003, 1.066238e-002
1.662338e+003, 1.016413e-002
1.664267e+003, 9.975228e-003
1.666195e+003, 9.602116e-003
1.668124e+003, 9.295164e-003
1.670052e+003, 9.226827e-003
1.671981e+003, 9.190239e-003
1.673909e+003, 9.370098e-003
1.675838e+003, 8.887825e-003
1.677766e+003, 8.301060e-003
1.679694e+003, 8.215697e-003
1.681623e+003, 8.027481e-003
1.683551e+003, 8.203535e-003
1.685480e+003, 8.145163e-003
1.687408e+003, 8.021577e-003
1.689337e+003, 8.363177e-003
1.691265e+003, 8.224973e-003
1.693194e+003, 8.074094e-003
1.695122e+003, 7.878717e-003
1.697051e+003, 7.558053e-003
1.698979e+003, 7.889931e-003
1.700908e+003, 7.931413e-003
1.702836e+003, 7.510060e-003
1.704765e+003, 7.430467e-003
1.706693e+003, 7.645847e-003
1.708621e+003, 7.588081e-003
1.710550e+003, 7.421736e-003
1.712478e+003, 7.166920e-003
1.714407e+003, 7.377540e-003
1.716335e+003, 7.234224e-003
1.718264e+003, 7.146929e-003
1.720192e+003, 7.577338e-003
1.722121e+003, 7.808193e-003
1.724049e+003, 7.267315e-003
1.725978e+003, 7.247552e-003
1.727906e+003, 7.784902e-003
1.729835e+003, 8.116185e-003
1.731763e+003, 7.820717e-003
1.733692e+003, 7.650612e-003
1.735620e+003, 7.564723e-003
1.737548e+003, 7.472472e-003
1.739477e+003, 7.181978e-003
1.741405e+003, 7.548735e-003
1.743334e+003, 7.803984e-003
1.745262e+003, 7.519254e-003
1.747191e+003, 7.278703e-003
1.749119e+003, 7.283519e-003
1.751048e+003, 7.589244e-003
1.752976e+003, 7.846209e-003
1.754905e+003, 7.243327e-003
1.756833e+003, 6.899238e-003
1.758762e+003, 7.043544e-003
1.760690e+003, 6.571669e-003
1.762619e+003, 6.219502e-003
1.764547e+003, 6.442188e-003
1.766475e+003, 7.058250e-003
1.768404e+003, 7.179978e-003
1.770332e+003, 6.964740e-003
1.772261e+003, 6.857437e-003
1.774189e+003, 6.848588e-003
1.776118e+003, 6.553040e-003
1.778046e+003, 6.227375e-003
1.779975e+003, 6.606351e-003
1.781903e+003, 6.670736e-003
1.783832e+003, 6.604868e-003
1.785760e+003, 6.806517e-003
1.787689e+003, 7.133804e-003
1.789617e+003, 7.179443e-003
1.791546e+003, 6.877736e-003
1.793474e+003, 6.431968e-003
1.795402e+003, 6.739993e-003
1.797331e+003, 6.750236e-003
1.799259e+003, 6.449231e-003
1.801188e+003, 5.897435e-003
1.803116e+003, 6.037938e-003
1.805045e+003, 6.248682e-003
1.806973e+003, 6.731434e-003
1.808902e+003, 6.883234e-003
1.810830e+003, 6.662354e-003
1.812759e+003, 6.259584e-003
1.814687e+003, 6.044147e-003
1.816616e+003, 5.951041e-003
1.818544e+003, 6.070898e-003
1.820473e+003, 6.362956e-003
1.822401e+003, 6.790551e-003
1.824329e+003, 6.310933e-003
1.826258e+003, 6.235875e-003
1.828186e+003, 6.467351e-003
1.830115e+003, 6.981451e-003
1.832043e+003, 7.301369e-003
1.833972e+003, 6.866518e-003
1.835900e+003, 7.067836e-003
1.837829e+003, 7.059102e-003
1.839757e+003, 6.544668e-003
1.841686e+003, 6.408619e-003
1.843614e+003, 6.458866e-003
1.845543e+003, 6.728522e-003
1.847471e+003, 6.913294e-003
1.849400e+003, 6.831634e-003
1.851328e+003, 6.350785e-003
1.853256e+003, 6.478967e-003
1.855185e+003, 6.228588e-003
1.857113e+003, 5.836553e-003
1.859042e+003, 6.271023e-003
1.860970e+003, 6.574935e-003
1.862899e+003, 6.104153e-003
1.864827e+003, 6.348204e-003
1.866756e+003, 7.386652e-003
1.868684e+003, 7.948829e-003
1.870613e+003, 8.234858e-003
1.872541e+003, 7.531336e-003
1.874470e+003, 6.744488e-003
1.876398e+003, 6.497886e-003
1.878327e+003, 6.394158e-003
1.880255e+003, 6.799605e-003
1.882183e+003, 7.785101e-003
1.884112e+003, 7.516757e-003
1.886040e+003, 6.505513e-003
1.887969e+003, 6.256643e-003
1.889897e+003, 6.163280e-003
1.891826e+003, 6.198811e-003
1.893754e+003, 6.180158e-003
1.895683e+003, 5.978964e-003
1.897611e+003, 4.024096e-003
1.899540e+003, 3.430081e-003
1.901468e+003, 4.389178e-003
1.903397e+003, 5.378108e-003
1.905325e+003, 5.644506e-003
1.907254e+003, 5.694696e-003
1.909182e+003, 5.259163e-003
1.911110e+003, 4.418374e-003
1.913039e+003, 4.279782e-003
1.914967e+003, 5.457488e-003
1.916896e+003, 6.393468e-003
1.918824e+003, 6.550154e-003
1.920753e+003, 6.074382e-003
1.922681e+003, 5.935337e-003
1.924610e+003, 5.403900e-003
1.926538e+003, 4.200655e-003
1.928467e+003, 4.196511e-003
1.930395e+003, 6.298895e-003
1.932324e+003, 6.588235e-003
1.934252e+003, 5.246186e-003
1.936181e+003, 5.476551e-003
1.938109e+003, 6.332671e-003
1.940037e+003, 5.326305e-003
1.941966e+003, 4.180685e-003
1.943894e+003, 4.361630e-003
1.945823e+003, 4.320464e-003
1.947751e+003, 4.827294e-003
1.949680e+003, 4.300653e-003
1.951608e+003, 3.179504e-003
1.953537e+003, 3.479749e-003
1.955465e+003, 2.987906e-003
1.957394e+003, 1.842879e-003
1.959322e+003, 3.100260e-003
1.961251e+003, 4.245842e-003
1.963179e+003, 1.764953e-003
1.965108e+003, 2.124867e-004
1.967036e+003, 1.434029e-003
1.968964e+003, 3.487774e-003
1.970893e+003, 2.461893e-003
1.972821e+003, 2.126035e-003
1.974750e+003, 3.696062e-003
1.976678e+003, 5.002015e-003
1.978607e+003, 4.803223e-003
1.980535e+003, 5.668923e-003
1.982464e+003, 7.825677e-003
1.984392e+003, 8.206331e-003
1.986321e+003, 4.174319e-003
1.988249e+003, 2.699379e-003
1.990178e+003, 5.785408e-003
1.992106e+003, 8.565086e-003
1.994035e+003, 7.518187e-003
1.995963e+003, 5.241484e-003
1.997891e+003, 2.482539e-003
1.999820e+003, 2.838133e-003
2.001748e+003, 6.811835e-003
2.003677e+003, 6.315297e-003
2.005605e+003, 4.764521e-003
2.007534e+003, 5.010448e-003
2.009462e+003, 4.159194e-003
2.011391e+003, 4.733502e-003
2.013319e+003, 6.488489e-003
2.015248e+003, 6.679517e-003
2.017176e+003, 5.719509e-003
2.019105e+003, 5.932136e-003
2.021033e+003, 5.642487e-003
2.022962e+003, 5.263022e-003
2.024890e+003, 5.880238e-003
2.026818e+003, 5.668642e-003
2.028747e+003, 4.027773e-003
2.030675e+003, 4.874345e-003
2.032604e+003, 8.050992e-003
2.034532e+003, 8.349711e-003
2.036461e+003, 7.583340e-003
2.038389e+003, 5.828061e-003
2.040318e+003, 3.066950e-003
2.042246e+003, 1.838274e-003
2.044175e+003, 4.832923e-003
2.046103e+003, 6.425458e-003
2.048031e+003, 3.717095e-003
2.049960e+003, 4.048805e-003
2.051888e+003, 6.009906e-003
2.053817e+003, 7.257646e-003
2.055745e+003, 7.066983e-003
2.057674e+003, 7.248730e-003
2.059602e+003, 7.071163e-003
2.061531e+003, 6.296551e-003
2.063459e+003, 6.258238e-003
2.065388e+003, 7.328202e-003
2.067316e+003, 7.823987e-003
2.069245e+003, 7.059695e-003
2.071173e+003, 6.903607e-003
2.073102e+003, 8.597732e-003
2.075030e+003, 8.113790e-003
2.076958e+003, 6.871158e-003
2.078887e+003, 6.731792e-003
2.080815e+003, 8.762614e-003
2.082744e+003, 1.004096e-002
2.084672e+003, 8.707508e-003
2.086601e+003, 5.034448e-003
2.088529e+003, 4.658749e-003
2.090458e+003, 5.697457e-003
2.092386e+003, 4.868699e-003
2.094315e+003, 2.984980e-003
2.096243e+003, 3.745872e-003
2.098172e+003, 5.698123e-003
2.100100e+003, 7.532049e-003
2.102029e+003, 7.625557e-003
2.103957e+003, 6.543524e-003
2.105885e+003, 4.955742e-003
2.107814e+003, 4.879320e-003
2.109742e+003, 5.425225e-003
2.111671e+003, 4.981315e-003
2.113599e+003, 3.728155e-003
2.115528e+003, 3.852832e-003
2.117456e+003, 4.726237e-003
2.119385e+003, 4.594393e-003
2.121313e+003, 4.086932e-003
2.123242e+003, 4.466800e-003
2.125170e+003, 3.787381e-003
2.127099e+003, 4.004282e-003
2.129027e+003, 4.780214e-003
2.130956e+003, 4.886893e-003
2.132884e+003, 3.810283e-003
2.134813e+003, 3.145609e-003
2.136741e+003, 3.493553e-003
2.138669e+003, 3.044429e-003
2.140598e+003, 3.103037e-003
2.142526e+003, 4.206027e-003
2.144455e+003, 4.770715e-003
2.146383e+003, 1.515768e-003
2.148312e+003, -1.491499e-003
2.150240e+003, -2.686884e-003
2.152169e+003, -1.791729e-003
2.154097e+003, -3.959998e-003
2.156026e+003, -9.575477e-003
2.157954e+003, -9.538532e-003
2.159883e+003, -1.720219e-003
2.161811e+003, 2.038640e-003
2.163740e+003, 3.880378e-003
2.165668e+003, 4.681599e-003
2.167596e+003, 3.616024e-003
2.169525e+003, 3.297960e-003
2.171453e+003, 1.805345e-003
2.173382e+003, 1.238426e-003
2.175310e+003, 1.205201e-004
2.177239e+003, 9.666745e-004
2.179167e+003, 4.946145e-005
2.181096e+003, 3.654601e-004
2.183024e+003, 5.454042e-003
2.184953e+003, 8.120738e-003
2.186881e+003, 4.798169e-003
2.188810e+003, 2.440593e-003
2.190738e+003, 2.237177e-003
2.192667e+003, 5.762714e-003
2.194595e+003, 6.196873e-003
2.196523e+003, 4.527580e-003
2.198452e+003, 2.879912e-003
2.200380e+003, 2.498888e-003
2.202309e+003, 3.521726e-003
2.204237e+003, 4.383667e-003
2.206166e+003, 4.325158e-003
2.208094e+003, 3.866258e-003
2.210023e+003, 2.867895e-003
2.211951e+003, 3.640137e-003
2.213880e+003, 3.112929e-003
2.215808e+003, 2.336226e-003
2.217737e+003, 2.914535e-003
2.219665e+003, 2.498667e-003
2.221594e+003, 2.749138e-003
2.223522e+003, 4.660368e-003
2.225450e+003, 4.840847e-003
2.227379e+003, 5.127903e-003
2.229307e+003, 5.375347e-003
2.231236e+003, 5.703659e-003
2.233164e+003, 5.182954e-003
2.235093e+003, 4.697792e-003
2.237021e+003, 4.378725e-003
2.238950e+003, 4.475581e-003
2.240878e+003, 5.179732e-003
2.242807e+003, 6.033862e-003
2.244735e+003, 6.028423e-003
2.246664e+003, 6.676705e-003
2.248592e+003, 6.480137e-003
2.250521e+003, 5.275716e-003
2.252449e+003, 4.423018e-003
2.254377e+003, 7.516971e-003
2.256306e+003, 8.348459e-003
2.258234e+003, 8.716004e-003
2.260163e+003, 8.835581e-003
2.262091e+003, 7.564370e-003
2.264020e+003, 7.262587e-003
2.265948e+003, 7.603748e-003
2.267877e+003, 8.150754e-003
2.269805e+003, 7.788827e-003
2.271734e+003, 7.058959e-003
2.273662e+003, 8.662913e-003
2.275591e+003, 9.920325e-003
2.277519e+003, 9.572902e-003
2.279448e+003, 8.904492e-003
2.281376e+003, 8.919424e-003
2.283304e+003, 8.827270e-003
2.285233e+003, 8.870631e-003
2.287161e+003, 8.032182e-003
2.289090e+003, 7.620181e-003
2.291018e+003, 9.221110e-003
2.292947e+003, 1.066563e-002
2.294875e+003, 9.882896e-003
2.296804e+003, 8.943804e-003
2.298732e+003, 9.204651e-003
2.300661e+003, 9.832132e-003
2.302589e+003, 1.007794e-002
2.304518e+003, 9.676514e-003
2.306446e+003, 9.587158e-003
2.308375e+003, 8.644103e-003
2.310303e+003, 8.166316e-003
2.312231e+003, 9.359462e-003
2.314160e+003, 9.016341e-003
2.316088e+003, 9.588732e-003
2.318017e+003, 1.061666e-002
2.319945e+003, 1.038129e-002
2.321874e+003, 1.005332e-002
2.323802e+003, 1.033024e-002
2.325731e+003, 9.703419e-003
2.327659e+003, 9.128547e-003
2.329588e+003, 9.658023e-003
2.331516e+003, 9.945976e-003
2.333445e+003, 9.147414e-003
2.335373e+003, 9.048866e-003
2.337302e+003, 8.937887e-003
2.339230e+003, 8.950815e-003
2.341158e+003, 8.922585e-003
2.343087e+003, 8.182017e-003
2.345015e+003, 7.940016e-003
2.346944e+003, 8.460484e-003
2.348872e+003, 8.548819e-003
2.350801e+003, 8.176133e-003
2.352729e+003, 8.637854e-003
2.354658e+003, 8.889113e-003
2.356586e+003, 8.594610e-003
2.358515e+003, 8.510075e-003
2.360443e+003, 8.386522e-003
2.362372e+003, 8.152625e-003
2.364300e+003, 8.087266e-003
2.366229e+003, 7.590612e-003
2.368157e+003, 6.033225e-003
2.370085e+003, 6.393509e-003
2.372014e+003, 7.679958e-003
2.373942e+003, 7.894167e-003
2.375871e+003, 7.023830e-003
2.377799e+003, 6.743686e-003
2.379728e+003, 6.982043e-003
2.381656e+003, 6.995488e-003
2.383585e+003, 6.732272e-003
2.385513e+003, 6.206809e-003
2.387442e+003, 6.225435e-003
2.389370e+003, 6.784949e-003
2.391299e+003, 7.591217e-003
2.393227e+003, 8.158800e-003
2.395156e+003, 7.333845e-003
2.397084e+003, 7.102776e-003
2.399012e+003, 7.092004e-003
2.400941e+003, 7.852484e-003
2.402869e+003, 8.565838e-003
2.404798e+003, 7.491769e-003
2.406726e+003, 6.757502e-003
2.408655e+003, 7.787496e-003
2.410583e+003, 8.882964e-003
2.412512e+003, 8.187081e-003
2.414440e+003, 6.917823e-003
2.416369e+003, 7.510318e-003
2.418297e+003, 8.487865e-003
2.420226e+003, 8.923996e-003
2.422154e+003, 9.258803e-003
2.424083e+003, 9.057543e-003
2.426011e+003, 9.078857e-003
2.427939e+003, 9.792585e-003
2.429868e+003, 9.998093e-003
2.431796e+003, 9.946570e-003
2.433725e+003, 9.843755e-003
2.435653e+003, 9.885442e-003
2.437582e+003, 8.495219e-003
2.439510e+003, 7.510197e-003
2.441439e+003, 8.216929e-003
2.443367e+003, 8.521177e-003
2.445296e+003, 8.092414e-003
2.447224e+003, 8.952075e-003
2.449153e+003, 9.307729e-003
2.451081e+003, 9.058490e-003
2.453010e+003, 8.602409e-003
2.454938e+003, 8.518891e-003
2.456866e+003, 8.828424e-003
2.458795e+003, 8.654236e-003
2.460723e+003, 8.264578e-003
2.462652e+003, 8.280758e-003
2.464580e+003, 9.304413e-003
2.466509e+003, 1.059290e-002
2.468437e+003, 1.056211e-002
2.470366e+003, 9.724306e-003
2.472294e+003, 9.451458e-003
2.474223e+003, 9.699117e-003
2.476151e+003, 9.550715e-003
2.478080e+003, 9.378567e-003
2.480008e+003, 9.372023e-003
2.481937e+003, 9.431906e-003
2.483865e+003, 9.137071e-003
2.485793e+003, 1.008778e-002
2.487722e+003, 1.122442e-002
2.489650e+003, 9.819697e-003
2.491579e+003, 8.694889e-003
2.493507e+003, 9.083139e-003
2.495436e+003, 9.547935e-003
2.497364e+003, 9.681877e-003
2.499293e+003, 8.574476e-003
2.501221e+003, 8.329103e-003
2.503150e+003, 9.002012e-003
2.505078e+003, 8.707609e-003
2.507007e+003, 8.643475e-003
2.508935e+003, 1.024211e-002
2.510864e+003, 1.036336e-002
2.512792e+003, 8.890539e-003
2.514720e+003, 7.724031e-003
2.516649e+003, 8.759513e-003
2.518577e+003, 1.030203e-002
2.520506e+003, 1.129934e-002
2.522434e+003, 9.701490e-003
2.524363e+003, 8.484975e-003
2.526291e+003, 9.316016e-003
2.528220e+003, 1.003184e-002
2.530148e+003, 9.807960e-003
2.532077e+003, 1.016306e-002
2.534005e+003, 9.993370e-003
2.535934e+003, 8.862041e-003
2.537862e+003, 8.364096e-003
2.539791e+003, 9.250887e-003
2.541719e+003, 9.062172e-003
2.543647e+003, 8.491701e-003
2.545576e+003, 8.535028e-003
2.547504e+003, 8.989188e-003
2.549433e+003, 9.198527e-003
2.551361e+003, 1.001242e-002
2.553290e+003, 1.063055e-002
2.555218e+003, 1.075355e-002
2.557147e+003, 1.017954e-002
2.559075e+003, 1.039835e-002
2.561004e+003, 1.073463e-002
2.562932e+003, 1.020755e-002
2.564861e+003, 9.552272e-003
2.566789e+003, 9.669945e-003
2.568718e+003, 9.543372e-003
2.570646e+003, 9.317580e-003
2.572574e+003, 9.880229e-003
2.574503e+003, 1.085478e-002
2.576431e+003, 1.033825e-002
2.578360e+003, 8.955445e-003
2.580288e+003, 8.761358e-003
2.582217e+003, 1.004545e-002
2.584145e+003, 1.125222e-002
2.586074e+003, 1.086455e-002
2.588002e+003, 1.043020e-002
2.589931e+003, 1.044560e-002
2.591859e+003, 1.061626e-002
2.593788e+003, 1.076784e-002
2.595716e+003, 9.810415e-003
2.597645e+003, 9.944125e-003
2.599573e+003, 1.110096e-002
2.601501e+003, 1.068090e-002
2.603430e+003, 1.010578e-002
2.605358e+003, 1.038297e-002
2.607287e+003, 9.268945e-003
2.609215e+003, 8.765916e-003
2.611144e+003, 1.005105e-002
2.613072e+003, 1.038942e-002
2.615001e+003, 1.057714e-002
2.616929e+003, 1.058337e-002
2.618858e+003, 1.058066e-002
2.620786e+003, 1.096856e-002
2.622715e+003, 1.056054e-002
2.624643e+003, 9.844653e-003
2.626572e+003, 1.008243e-002
2.628500e+003, 1.104182e-002
2.630428e+003, 1.114409e-002
2.632357e+003, 1.100412e-002
2.634285e+003, 1.110552e-002
2.636214e+003, 1.136223e-002
2.638142e+003, 1.118030e-002
2.640071e+003, 1.152340e-002
2.641999e+003, 1.130954e-002
2.643928e+003, 1.098050e-002
2.645856e+003, 1.053171e-002
2.647785e+003, 1.017130e-002
2.649713e+003, 1.078765e-002
2.651642e+003, 1.125250e-002
2.653570e+003, 1.072622e-002
2.655499e+003, 1.024682e-002
2.657427e+003, 1.069587e-002
2.659355e+003, 1.129912e-002
2.661284e+003, 1.062435e-002
2.663212e+003, 1.039224e-002
2.665141e+003, 1.014763e-002
2.667069e+003, 9.900394e-003
2.668998e+003, 9.930386e-003
2.670926e+003, 9.559072e-003
2.672855e+003, 8.910462e-003
2.674783e+003, 8.828568e-003
2.676712e+003, 9.085009e-003
2.678640e+003, 9.804604e-003
2.680569e+003, 1.041713e-002
2.682497e+003, 1.056534e-002
2.684426e+003, 1.012792e-002
2.686354e+003, 9.958425e-003
2.688282e+003, 9.621817e-003
2.690211e+003, 9.743676e-003
2.692139e+003, 9.808858e-003
2.694068e+003, 9.447411e-003
2.695996e+003, 9.503434e-003
2.697925e+003, 9.707885e-003
2.699853e+003, 1.049912e-002
2.701782e+003, 1.164238e-002
2.703710e+003, 1.137278e-002
2.705639e+003, 1.080505e-002
2.707567e+003, 1.079971e-002
2.709496e+003, 1.093425e-002
2.711424e+003, 1.170644e-002
2.713353e+003, 1.184662e-002
2.715281e+003, 1.183622e-002
2.717209e+003, 1.153975e-002
2.719138e+003, 1.060911e-002
2.721066e+003, 1.039495e-002
2.722995e+003, 1.127353e-002
2.724923e+003, 1.161463e-002
2.726852e+003, 1.090198e-002
2.728780e+003, 1.030795e-002
2.730709e+003, 9.908510e-003
2.732637e+003, 1.128977e-002
2.734566e+003, 1.159790e-002
2.736494e+003, 1.110508e-002
2.738423e+003, 1.076282e-002
2.740351e+003, 1.004001e-002
2.742280e+003, 9.707530e-003
2.744208e+003, 1.033678e-002
2.746136e+003, 1.023676e-002
2.748065e+003, 1.020335e-002
2.749993e+003, 1.082319e-002
2.751922e+003, 1.219002e-002
2.753850e+003, 1.190187e-002
2.755779e+003, 1.081500e-002
2.757707e+003, 1.057300e-002
2.759636e+003, 1.128233e-002
2.761564e+003, 1.152513e-002
2.763493e+003, 1.109209e-002
2.765421e+003, 1.081706e-002
2.767350e+003, 1.109906e-002
2.769278e+003, 1.172937e-002
2.771207e+003, 1.234261e-002
2.773135e+003, 1.254755e-002
2.775063e+003, 1.219973e-002
2.776992e+003, 1.100698e-002
2.778920e+003, 1.086874e-002
2.780849e+003, 1.158868e-002
2.782777e+003, 1.151470e-002
2.784706e+003, 1.197101e-002
2.786634e+003, 1.192541e-002
2.788563e+003, 1.134734e-002
2.790491e+003, 1.147148e-002
2.792420e+003, 1.137144e-002
2.794348e+003, 1.052630e-002
2.796277e+003, 1.120974e-002
2.798205e+003, 1.259447e-002
2.800134e+003, 1.243086e-002
2.802062e+003, 1.142664e-002
2.803990e+003, 1.117147e-002
2.805919e+003, 1.097528e-002
2.807847e+003, 1.088876e-002
2.809776e+003, 1.125578e-002
2.811704e+003, 1.250199e-002
2.813633e+003, 1.319314e-002
2.815561e+003, 1.296955e-002
2.817490e+003, 1.366153e-002
2.819418e+003, 1.386938e-002
2.821347e+003, 1.375369e-002
2.823275e+003, 1.400435e-002
2.825204e+003, 1.501373e-002
2.827132e+003, 1.740048e-002
2.829061e+003, 1.851078e-002
2.830989e+003, 1.807801e-002
2.832917e+003, 1.796002e-002
2.834846e+003, 1.719247e-002
2.836774e+003, 1.716356e-002
2.838703e+003, 1.670310e-002
2.840631e+003, 1.541009e-002
2.842560e+003, 1.427960e-002
2.844488e+003, 1.418775e-002
2.846417e+003, 1.456797e-002
2.848345e+003, 1.497383e-002
2.850274e+003, 1.435848e-002
2.852202e+003, 1.285279e-002
2.854131e+003, 1.216546e-002
2.856059e+003, 1.295097e-002
2.857988e+003, 1.310115e-002
2.859916e+003, 1.313508e-002
2.861844e+003, 1.282170e-002
2.863773e+003, 1.202450e-002
2.865701e+003, 1.206318e-002
2.867630e+003, 1.232519e-002
2.869558e+003, 1.244747e-002
2.871487e+003, 1.354636e-002
2.873415e+003, 1.334623e-002
2.875344e+003, 1.301252e-002
2.877272e+003, 1.409738e-002
2.879201e+003, 1.399742e-002
2.881129e+003, 1.303880e-002
2.883058e+003, 1.247351e-002
2.884986e+003, 1.202294e-002
2.886915e+003, 1.224762e-002
2.888843e+003, 1.326436e-002
2.890771e+003, 1.376709e-002
2.892700e+003, 1.357105e-002
2.894628e+003, 1.384442e-002
2.896557e+003, 1.345867e-002
2.898485e+003, 1.373412e-002
2.900414e+003, 1.436356e-002
2.902342e+003, 1.417197e-002
2.904271e+003, 1.369489e-002
2.906199e+003, 1.384874e-002
2.908128e+003, 1.494894e-002
2.910056e+003, 1.572413e-002
2.911985e+003, 1.487797e-002
2.913913e+003, 1.528881e-002
2.915842e+003, 1.714739e-002
2.917770e+003, 1.856183e-002
2.919698e+003, 1.902320e-002
2.921627e+003, 1.864334e-002
2.923555e+003, 1.854398e-002
2.925484e+003, 1.793847e-002
2.927412e+003, 1.698156e-002
2.929341e+003, 1.669552e-002
2.931269e+003, 1.791071e-002
2.933198e+003, 1.744788e-002
2.935126e+003, 1.632081e-002
2.937055e+003, 1.697802e-002
2.938983e+003, 1.746009e-002
2.940912e+003, 1.745880e-002
2.942840e+003, 1.642958e-002
2.944769e+003, 1.549268e-002
2.946697e+003, 1.458753e-002
2.948625e+003, 1.389950e-002
2.950554e+003, 1.537776e-002
2.952482e+003, 1.551881e-002
2.954411e+003, 1.418231e-002
2.956339e+003, 1.443346e-002
2.958268e+003, 1.511662e-002
2.960196e+003, 1.633216e-002
2.962125e+003, 1.638574e-002
2.964053e+003, 1.617043e-002
2.965982e+003, 1.607915e-002
2.967910e+003, 1.584418e-002
2.969839e+003, 1.516001e-002
2.971767e+003, 1.454214e-002
2.973696e+003, 1.402843e-002
2.975624e+003, 1.422851e-002
2.977552e+003, 1.389374e-002
2.979481e+003, 1.325089e-002
2.981409e+003, 1.396167e-002
2.983338e+003, 1.379055e-002
2.985266e+003, 1.318968e-002
2.987195e+003, 1.261988e-002
2.989123e+003, 1.201292e-002
2.991052e+003, 1.353746e-002
2.992980e+003, 1.381899e-002
2.994909e+003, 1.354579e-002
2.996837e+003, 1.323488e-002
2.998766e+003, 1.315848e-002
3.000694e+003, 1.335799e-002
3.002623e+003, 1.317169e-002
3.004551e+003, 1.394415e-002
3.006479e+003, 1.429840e-002
3.008408e+003, 1.278117e-002
3.010336e+003, 1.182266e-002
3.012265e+003, 1.184141e-002
3.014193e+003, 1.216518e-002
3.016122e+003, 1.219001e-002
3.018050e+003, 1.169504e-002
3.019979e+003, 1.239792e-002
3.021907e+003, 1.243656e-002
3.023836e+003, 1.159838e-002
3.025764e+003, 1.185432e-002
3.027693e+003, 1.171864e-002
3.029621e+003, 1.196374e-002
3.031550e+003, 1.272329e-002
3.033478e+003, 1.323354e-002
3.035406e+003, 1.317226e-002
3.037335e+003, 1.297389e-002
3.039263e+003, 1.336223e-002
3.041192e+003, 1.292544e-002
3.043120e+003, 1.299392e-002
3.045049e+003, 1.386331e-002
3.046977e+003, 1.329059e-002
3.048906e+003, 1.289732e-002
3.050834e+003, 1.397536e-002
3.052763e+003, 1.359049e-002
3.054691e+003, 1.244469e-002
3.056620e+003, 1.221314e-002
3.058548e+003, 1.258961e-002
3.060477e+003, 1.254083e-002
3.062405e+003, 1.173557e-002
3.064333e+003, 1.289676e-002
3.066262e+003, 1.326039e-002
3.068190e+003, 1.254268e-002
3.070119e+003, 1.276530e-002
3.072047e+003, 1.393943e-002
3.073976e+003, 1.387006e-002
3.075904e+003, 1.345692e-002
3.077833e+003, 1.394765e-002
3.079761e+003, 1.425576e-002
3.081690e+003, 1.406088e-002
3.083618e+003, 1.321905e-002
3.085547e+003, 1.220212e-002
3.087475e+003, 1.204097e-002
3.089404e+003, 1.179597e-002
3.091332e+003, 1.189158e-002
3.093260e+003, 1.230399e-002
3.095189e+003, 1.368539e-002
3.097117e+003, 1.448505e-002
3.099046e+003, 1.380152e-002
3.100974e+003, 1.232897e-002
3.102903e+003, 1.140242e-002
3.104831e+003, 1.228441e-002
3.106760e+003, 1.204742e-002
3.108688e+003, 1.223896e-002
3.110617e+003, 1.311570e-002
3.112545e+003, 1.337555e-002
3.114474e+003, 1.258814e-002
3.116402e+003, 1.231820e-002
3.118331e+003, 1.334856e-002
3.120259e+003, 1.445513e-002
3.122188e+003, 1.419464e-002
3.124116e+003, 1.308597e-002
3.126044e+003, 1.311758e-002
3.127973e+003, 1.339266e-002
3.129901e+003, 1.336153e-002
3.131830e+003, 1.376050e-002
3.133758e+003, 1.468654e-002
3.135687e+003, 1.479179e-002
3.137615e+003, 1.357705e-002
3.139544e+003, 1.232370e-002
3.141472e+003, 1.267236e-002
3.143401e+003, 1.270831e-002
3.145329e+003, 1.149243e-002
3.147258e+003, 1.260918e-002
3.149186e+003, 1.533371e-002
3.151115e+003, 1.711969e-002
3.153043e+003, 1.513054e-002
3.154971e+003, 1.262300e-002
3.156900e+003, 1.226148e-002
3.158828e+003, 1.187755e-002
3.160757e+003, 1.205574e-002
3.162685e+003, 1.311305e-002
3.164614e+003, 1.360185e-002
3.166542e+003, 1.356320e-002
3.168471e+003, 1.544778e-002
3.170399e+003, 1.645232e-002
3.172328e+003, 1.396530e-002
3.174256e+003, 1.399961e-002
3.176185e+003, 1.481495e-002
3.178113e+003, 1.379409e-002
3.180042e+003, 1.253360e-002
3.181970e+003, 1.290522e-002
3.183898e+003, 1.495907e-002
3.185827e+003, 1.376702e-002
3.187755e+003, 1.352094e-002
3.189684e+003, 1.479641e-002
3.191612e+003, 1.497393e-002
3.193541e+003, 1.437769e-002
3.195469e+003, 1.490169e-002
3.197398e+003, 1.544494e-002
3.199326e+003, 1.535982e-002
3.201255e+003, 1.435969e-002
3.203183e+003, 1.445091e-002
3.205112e+003, 1.427002e-002
3.207040e+003, 1.400208e-002
3.208969e+003, 1.480140e-002
3.210897e+003, 1.568088e-002
3.212825e+003, 1.423983e-002
3.214754e+003, 1.316387e-002
3.216682e+003, 1.341376e-002
3.218611e+003, 1.324932e-002
3.220539e+003, 1.292970e-002
3.222468e+003, 1.383218e-002
3.224396e+003, 1.373710e-002
3.226325e+003, 1.347977e-002
3.228253e+003, 1.263090e-002
3.230182e+003, 1.307180e-002
3.232110e+003, 1.297032e-002
3.234039e+003, 1.312818e-002
3.235967e+003, 1.395326e-002
3.237896e+003, 1.454670e-002
3.239824e+003, 1.333567e-002
3.241752e+003, 1.231807e-002
3.243681e+003, 1.307555e-002
3.245609e+003, 1.361811e-002
3.247538e+003, 1.375017e-002
3.249466e+003, 1.432642e-002
3.251395e+003, 1.385832e-002
3.253323e+003, 1.268559e-002
3.255252e+003, 1.310401e-002
3.257180e+003, 1.305611e-002
3.259109e+003, 1.170018e-002
3.261037e+003, 1.258048e-002
3.262966e+003, 1.235604e-002
3.264894e+003, 1.301312e-002
3.266823e+003, 1.288382e-002
3.268751e+003, 1.317256e-002
3.270679e+003, 1.514596e-002
3.272608e+003, 1.581251e-002
3.274536e+003, 1.505350e-002
3.276465e+003, 1.360957e-002
3.278393e+003, 1.315923e-002
3.280322e+003, 1.365149e-002
3.282250e+003, 1.435110e-002
3.284179e+003, 1.596834e-002
3.286107e+003, 1.580409e-002
3.288036e+003, 1.425535e-002
3.289964e+003, 1.409053e-002
3.291893e+003, 1.394359e-002
3.293821e+003, 1.345745e-002
3.295750e+003, 1.356741e-002
3.297678e+003, 1.557472e-002
3.299606e+003, 1.556979e-002
3.301535e+003, 1.368300e-002
3.303463e+003, 1.370094e-002
3.305392e+003, 1.541176e-002
3.307320e+003, 1.529016e-002
3.309249e+003, 1.363438e-002
3.311177e+003, 1.527495e-002
3.313106e+003, 1.525178e-002
3.315034e+003, 1.341595e-002
3.316963e+003, 1.388032e-002
3.318891e+003, 1.510349e-002
3.320820e+003, 1.447939e-002
3.322748e+003, 1.363599e-002
3.324677e+003, 1.416555e-002
3.326605e+003, 1.578711e-002
3.328533e+003, 1.609667e-002
3.330462e+003, 1.538722e-002
3.332390e+003, 1.430524e-002
3.334319e+003, 1.350113e-002
3.336247e+003, 1.483231e-002
3.338176e+003, 1.593350e-002
3.340104e+003, 1.584760e-002
3.342033e+003, 1.587432e-002
3.343961e+003, 1.651551e-002
3.345890e+003, 1.633465e-002
3.347818e+003, 1.567270e-002
3.349747e+003, 1.677929e-002
3.351675e+003, 1.710028e-002
3.353604e+003, 1.517758e-002
3.355532e+003, 1.463838e-002
3.357460e+003, 1.356587e-002
3.359389e+003, 1.276788e-002
3.361317e+003, 1.346837e-002
3.363246e+003, 1.321147e-002
3.365174e+003, 1.388889e-002
3.367103e+003, 1.517013e-002
3.369031e+003, 1.452127e-002
3.370960e+003, 1.346213e-002
3.372888e+003, 1.165617e-002
3.374817e+003, 1.053826e-002
3.376745e+003, 1.155673e-002
3.378674e+003, 1.222954e-002
3.380602e+003, 1.386470e-002
3.382531e+003, 1.665442e-002
3.384459e+003, 1.589219e-002
3.386387e+003, 1.395107e-002
3.388316e+003, 1.274362e-002
3.390244e+003, 1.382022e-002
3.392173e+003, 1.604430e-002
3.394101e+003, 1.510406e-002
3.396030e+003, 1.538631e-002
3.397958e+003, 1.461627e-002
3.399887e+003, 1.293509e-002
3.401815e+003, 1.323423e-002
3.403744e+003, 1.496867e-002
3.405672e+003, 1.542098e-002
3.407601e+003, 1.495244e-002
3.409529e+003, 1.259061e-002
3.411458e+003, 1.063275e-002
3.413386e+003, 1.262151e-002
3.415314e+003, 1.403163e-002
3.417243e+003, 1.340473e-002
3.419171e+003, 1.401911e-002
3.421100e+003, 1.469223e-002
3.423028e+003, 1.497328e-002
3.424957e+003, 1.473734e-002
3.426885e+003, 1.293449e-002
3.428814e+003, 1.118527e-002
3.430742e+003, 1.233651e-002
3.432671e+003, 1.336357e-002
3.434599e+003, 1.257209e-002
3.436528e+003, 1.121697e-002
3.438456e+003, 1.163174e-002
3.440385e+003, 1.255143e-002
3.442313e+003, 1.362300e-002
3.444241e+003, 1.418849e-002
3.446170e+003, 1.271026e-002
3.448098e+003, 1.207467e-002
3.450027e+003, 1.282548e-002
3.451955e+003, 1.487546e-002
3.453884e+003, 1.559616e-002
3.455812e+003, 1.624113e-002
3.457741e+003, 1.591737e-002
3.459669e+003, 1.402061e-002
3.461598e+003, 1.430191e-002
3.463526e+003, 1.370869e-002
3.465455e+003, 1.278648e-002
3.467383e+003, 1.427802e-002
3.469312e+003, 1.501190e-002
3.471240e+003, 1.424978e-002
3.473168e+003, 1.327473e-002
3.475097e+003, 1.450753e-002
3.477025e+003, 1.483642e-002
3.478954e+003, 1.399173e-002
3.480882e+003, 1.279362e-002
3.482811e+003, 1.125364e-002
3.484739e+003, 1.056475e-002
3.486668e+003, 1.164546e-002
3.488596e+003, 1.463472e-002
3.490525e+003, 1.604982e-002
3.492453e+003, 1.399918e-002
3.494382e+003, 1.473382e-002
3.496310e+003, 1.444860e-002
3.498239e+003, 1.414451e-002
3.500167e+003, 1.467495e-002
3.502095e+003, 1.238601e-002
3.504024e+003, 1.152818e-002
3.505952e+003, 1.351020e-002
3.507881e+003, 1.499989e-002
3.509809e+003, 1.557785e-002
3.511738e+003, 1.434062e-002
3.513666e+003, 1.322094e-002
3.515595e+003, 1.587234e-002
3.517523e+003, 1.551731e-002
3.519452e+003, 1.270865e-002
3.521380e+003, 1.246857e-002
3.523309e+003, 1.404004e-002
3.525237e+003, 1.425827e-002
3.527166e+003, 1.423057e-002
3.529094e+003, 1.382874e-002
3.531022e+003, 1.270383e-002
3.532951e+003, 1.297850e-002
3.534879e+003, 1.405860e-002
3.536808e+003, 1.481461e-002
3.538736e+003, 1.402093e-002
3.540665e+003, 1.131435e-002
3.542593e+003, 1.085587e-002
3.544522e+003, 1.316598e-002
3.546450e+003, 1.452496e-002
3.548379e+003, 1.194802e-002
3.550307e+003, 1.145573e-002
3.552236e+003, 1.309207e-002
3.554164e+003, 1.385366e-002
3.556093e+003, 1.303166e-002
3.558021e+003, 1.345181e-002
3.559949e+003, 1.392179e-002
3.561878e+003, 1.186229e-002
3.563806e+003, 1.098866e-002
3.565735e+003, 1.155170e-002
3.567663e+003, 1.234537e-002
3.569592e+003, 1.219230e-002
3.571520e+003, 1.214271e-002
3.573449e+003, 1.349688e-002
3.575377e+003, 1.330437e-002
3.577306e+003, 1.342740e-002
3.579234e+003, 1.230854e-002
3.581163e+003, 9.525102e-003
3.583091e+003, 1.021340e-002
3.585020e+003, 1.314390e-002
3.586948e+003, 1.087019e-002
3.588876e+003, 9.587016e-003
3.590805e+003, 8.965841e-003
3.592733e+003, 1.134248e-002
3.594662e+003, 1.441681e-002
3.596590e+003, 1.352671e-002
3.598519e+003, 1.328418e-002
3.600447e+003, 1.204027e-002
3.602376e+003, 1.117984e-002
3.604304e+003, 1.008082e-002
3.606233e+003, 8.631494e-003
3.608161e+003, 8.708240e-003
3.610090e+003, 1.100320e-002
3.612018e+003, 1.182053e-002
3.613947e+003, 1.179415e-002
3.615875e+003, 1.243274e-002
3.617803e+003, 1.402358e-002
3.619732e+003, 1.633911e-002
3.621660e+003, 1.543746e-002
3.623589e+003, 1.183614e-002
3.625517e+003, 1.240680e-002
3.627446e+003, 1.409673e-002
3.629374e+003, 1.110146e-002
3.631303e+003, 8.906140e-003
3.633231e+003, 1.045303e-002
3.635160e+003, 9.538330e-003
3.637088e+003, 8.506629e-003
3.639017e+003, 1.092065e-002
3.640945e+003, 1.295420e-002
3.642874e+003, 1.165239e-002
3.644802e+003, 1.033266e-002
3.646730e+003, 8.802298e-003
3.648659e+003, 6.143800e-003
3.650587e+003, 7.647279e-003
3.652516e+003, 8.419215e-003
3.654444e+003, 7.724105e-003
3.656373e+003, 7.551788e-003
3.658301e+003, 8.945784e-003
3.660230e+003, 1.107261e-002
3.662158e+003, 1.175686e-002
3.664087e+003, 1.104320e-002
3.666015e+003, 8.206484e-003
3.667944e+003, 7.281542e-003
3.669872e+003, 9.062613e-003
3.671801e+003, 1.172973e-002
3.673729e+003, 1.192449e-002
3.675657e+003, 1.126241e-002
3.677586e+003, 1.120414e-002
3.679514e+003, 1.177156e-002
3.681443e+003, 1.170671e-002
3.683371e+003, 1.144657e-002
3.685300e+003, 8.469373e-003
3.687228e+003, 7.014497e-003
3.689157e+003, 9.051722e-003
3.691085e+003, 8.493365e-003
3.693014e+003, 9.321719e-003
3.694942e+003, 1.219836e-002
3.696871e+003, 1.439310e-002
3.698799e+003, 1.449595e-002
3.700728e+003, 1.415017e-002
3.702656e+003, 1.358559e-002
3.704584e+003, 1.172638e-002
3.706513e+003, 1.061849e-002
3.708441e+003, 1.315470e-002
3.710370e+003, 1.172340e-002
3.712298e+003, 8.549472e-003
3.714227e+003, 7.894984e-003
3.716155e+003, 7.429822e-003
3.718084e+003, 7.857996e-003
3.720012e+003, 9.715341e-003
3.721941e+003, 1.009709e-002
3.723869e+003, 1.188649e-002
3.725798e+003, 1.226154e-002
3.727726e+003, 1.163355e-002
3.729655e+003, 1.034771e-002
3.731583e+003, 9.064181e-003
3.733511e+003, 9.693225e-003
3.735440e+003, 1.076540e-002
3.737368e+003, 1.135160e-002
3.739297e+003, 1.075993e-002
3.741225e+003, 1.055348e-002
3.743154e+003, 9.245077e-003
3.745082e+003, 9.222885e-003
3.747011e+003, 1.121611e-002
3.748939e+003, 1.086546e-002
3.750868e+003, 8.513986e-003
3.752796e+003, 7.422259e-003
3.754725e+003, 9.037824e-003
3.756653e+003, 8.250489e-003
3.758582e+003, 8.681229e-003
3.760510e+003, 9.903842e-003
3.762438e+003, 9.856996e-003
3.764367e+003, 9.452648e-003
3.766295e+003, 8.119783e-003
3.768224e+003, 6.753920e-003
3.770152e+003, 1.025025e-002
3.772081e+003, 1.308196e-002
3.774009e+003, 1.027697e-002
3.775938e+003, 9.287798e-003
3.777866e+003, 1.052682e-002
3.779795e+003, 1.158855e-002
3.781723e+003, 1.063569e-002
3.783652e+003, 1.027800e-002
3.785580e+003, 9.885193e-003
3.787509e+003, 1.206143e-002
3.789437e+003, 1.441919e-002
3.791365e+003, 1.456391e-002
3.793294e+003, 1.121912e-002
3.795222e+003, 1.268009e-002
3.797151e+003, 1.296270e-002
3.799079e+003, 1.245350e-002
3.801008e+003, 1.369702e-002
3.802936e+003, 1.173006e-002
3.804865e+003, 1.054635e-002
3.806793e+003, 1.109345e-002
3.808722e+003, 1.017239e-002
3.810650e+003, 7.105235e-003
3.812579e+003, 6.375052e-003
3.814507e+003, 8.853603e-003
3.816436e+003, 1.255779e-002
3.818364e+003, 1.122779e-002
3.820292e+003, 9.156955e-003
3.822221e+003, 9.399350e-003
3.824149e+003, 9.677451e-003
3.826078e+003, 9.188032e-003
3.828006e+003, 1.057080e-002
3.829935e+003, 1.158279e-002
3.831863e+003, 8.905248e-003
3.833792e+003, 6.793378e-003
3.835720e+003, 8.950372e-003
3.837649e+003, 9.112254e-003
3.839577e+003, 8.011473e-003
3.841506e+003, 7.912031e-003
3.843434e+003, 8.885920e-003
3.845363e+003, 7.403758e-003
3.847291e+003, 9.273326e-003
3.849219e+003, 1.365356e-002
3.851148e+003, 1.232785e-002
3.853076e+003, 1.165329e-002
3.855005e+003, 1.196090e-002
3.856933e+003, 1.051770e-002
3.858862e+003, 1.018255e-002
3.860790e+003, 8.551458e-003
3.862719e+003, 9.471525e-003
3.864647e+003, 1.180408e-002
3.866576e+003, 9.223320e-003
3.868504e+003, 8.114592e-003
3.870433e+003, 9.896096e-003
3.872361e+003, 9.887604e-003
3.874290e+003, 1.078181e-002
3.876218e+003, 1.050800e-002
3.878146e+003, 1.102987e-002
3.880075e+003, 1.157934e-002
3.882003e+003, 9.848051e-003
3.883932e+003, 8.299550e-003
3.885860e+003, 8.328514e-003
3.887789e+003, 9.098421e-003
3.889717e+003, 1.090478e-002
3.891646e+003, 9.643085e-003
3.893574e+003, 7.784671e-003
3.895503e+003, 6.761598e-003
3.897431e+003, 4.822406e-003
3.899360e+003, 4.150125e-003
3.901288e+003, 6.115324e-003
3.903217e+003, 5.993617e-003
3.905145e+003, 7.756330e-003
3.907073e+003, 9.813339e-003
3.909002e+003, 1.089679e-002
3.910930e+003, 1.010875e-002
3.912859e+003, 8.843499e-003
3.914787e+003, 7.361155e-003
3.916716e+003, 9.832206e-003
3.918644e+003, 1.031482e-002
3.920573e+003, 7.314106e-003
3.922501e+003, 5.475517e-003
3.924430e+003, 5.776708e-003
3.926358e+003, 7.425116e-003
3.928287e+003, 7.085637e-003
3.930215e+003, 8.492155e-003
3.932144e+003, 1.132469e-002
3.934072e+003, 9.478305e-003
3.936000e+003, 6.063198e-003
3.937929e+003, 8.095944e-003
3.939857e+003, 1.105769e-002
3.941786e+003, 9.183687e-003
3.943714e+003, 6.888051e-003
3.945643e+003, 8.994606e-003
3.947571e+003, 9.048706e-003
3.949500e+003, 5.230837e-003
3.951428e+003, 4.660114e-003
3.953357e+003, 8.586522e-003
3.955285e+003, 8.181006e-003
3.957214e+003, 6.717066e-003
3.959142e+003, 7.121137e-003
3.961071e+003, 6.485538e-003
3.962999e+003, 6.540629e-003
3.964927e+003, 9.102094e-003
3.966856e+003, 8.824700e-003
3.968784e+003, 7.566897e-003
3.970713e+003, 8.534970e-003
3.972641e+003, 5.936432e-003
3.974570e+003, 4.673937e-003
3.976498e+003, 7.099567e-003
3.978427e+003, 9.387541e-003
3.980355e+003, 1.200663e-002
3.982284e+003, 1.033194e-002
3.984212e+003, 9.346374e-003
3.986141e+003, 9.520349e-003
3.988069e+003, 9.978898e-003
3.989998e+003, 6.887125e-003
3.991926e+003, 6.403959e-003
3.993854e+003, 9.988847e-003
3.995783e+003, 9.550966e-003
3.997711e+003, 5.164088e-003
3.999640e+003, 6.016405e-003
4.001568e+003, 0.000000e+000
##END=



