##NAMES=Prehnite
##RRUFFID=R050410
##IDEAL CHEMISTRY=Ca_2_Al(Si_3_Al)O_10_(OH)_2_
##LOCALITY=Topel, Namibia
##OWNER=RRUFF
##SOURCE=John Lucking
##DESCRIPTION=Aggregate of pale green prismatic crystals
##STATUS=The identification of this mineral has been confirmed by X-ray diffraction and chemical analysis
##URL=rruff.info/R050410
##MEASURED CHEMISTRY=Ca_1.98_Al_0.99_(Si_3.02_Al_0.99_)O_10_(OH)_2
399.1926, 0.1343720
401.1211, 0.1428657
403.0496, 0.1435525
404.9780, 0.1450619
406.9065, 0.1529158
408.8350, 0.1606927
410.7634, 0.1678383
412.6919, 0.1653993
414.6204, 0.1626577
416.5488, 0.1620547
418.4773, 0.1578913
420.4058, 0.1565412
422.3342, 0.1520233
424.2627, 0.1458261
426.1912, 0.1400204
428.1196, 0.1355862
430.0481, 0.1290123
431.9766, 0.1215895
433.9050, 0.1141881
435.8335, 0.1085169
437.7620, 0.1026130
439.6904, 9.8245174E-02
441.6189, 9.4347067E-02
443.5474, 8.8265859E-02
445.4758, 8.2378417E-02
447.4043, 7.8834184E-02
449.3328, 7.7181503E-02
451.2612, 7.6969422E-02
453.1897, 7.8817040E-02
455.1182, 8.4442943E-02
457.0466, 9.3018606E-02
458.9751, 0.1010576
460.9036, 0.1078554
462.8320, 0.1146762
464.7605, 0.1195643
466.6890, 0.1227130
468.6174, 0.1248270
470.5459, 0.1258962
472.4744, 0.1241338
474.4028, 0.1209903
476.3313, 0.1168587
478.2598, 0.1134599
480.1882, 0.1103675
482.1167, 0.1065912
484.0452, 0.1026666
485.9736, 9.9594191E-02
487.9021, 9.6579149E-02
489.8306, 9.4841540E-02
491.7590, 9.3506701E-02
493.6875, 9.1670297E-02
495.6160, 8.9665838E-02
497.5444, 8.8287443E-02
499.4729, 8.7987460E-02
501.4014, 8.9617677E-02
503.3298, 9.1105193E-02
505.2583, 9.2310548E-02
507.1868, 9.4742417E-02
509.1152, 9.7254753E-02
511.0437, 9.8850578E-02
512.9722, 0.1005270
514.9006, 0.1025529
516.8291, 0.1056798
518.7576, 0.1099657
520.6860, 0.1134718
522.6145, 0.1156194
524.5430, 0.1173304
526.4714, 0.1179543
528.3999, 0.1163358
530.3284, 0.1119616
532.2568, 0.1058986
534.1853, 0.1004156
536.1138, 9.5335446E-02
538.0422, 9.0636283E-02
539.9707, 8.6969301E-02
541.8992, 8.3936453E-02
543.8276, 7.9778694E-02
545.7561, 7.5152516E-02
547.6846, 7.0843868E-02
549.6130, 6.6517040E-02
551.5415, 6.1599441E-02
553.4700, 5.6912560E-02
555.3984, 5.3189062E-02
557.3269, 4.9835291E-02
559.2554, 4.6807371E-02
561.1838, 4.2896122E-02
563.1123, 3.9213449E-02
565.0408, 3.6092211E-02
566.9692, 3.2885369E-02
568.8977, 3.0109171E-02
570.8262, 2.7303750E-02
572.7546, 2.4312461E-02
574.6831, 2.1702830E-02
576.6116, 1.9859619E-02
578.5400, 1.8267130E-02
580.4685, 1.6223719E-02
582.3970, 1.4937490E-02
584.3254, 1.5018190E-02
586.2539, 1.4824690E-02
588.1824, 1.4035650E-02
590.1108, 1.3484810E-02
592.0393, 1.3258240E-02
593.9678, 1.3302320E-02
595.8962, 1.3336510E-02
597.8247, 1.2975670E-02
599.7532, 1.2788400E-02
601.6816, 1.2830020E-02
603.6101, 1.2809640E-02
605.5386, 1.3312140E-02
607.4670, 1.3582100E-02
609.3955, 1.3557200E-02
611.3240, 1.3722610E-02
613.2524, 1.4107920E-02
615.1809, 1.3812750E-02
617.1094, 1.3738320E-02
619.0378, 1.4373060E-02
620.9663, 1.4538700E-02
622.8948, 1.4562170E-02
624.8232, 1.4864200E-02
626.7517, 1.5096140E-02
628.6802, 1.5605750E-02
630.6086, 1.6778480E-02
632.5371, 1.8896330E-02
634.4656, 2.0339111E-02
636.3940, 2.0997491E-02
638.3225, 2.1511961E-02
640.2510, 2.1430669E-02
642.1794, 2.0638840E-02
644.1079, 1.9893050E-02
646.0364, 1.9212890E-02
647.9648, 1.8913580E-02
649.8933, 1.9252140E-02
651.8218, 1.9919120E-02
653.7502, 2.0731229E-02
655.6787, 2.1680690E-02
657.6072, 2.3018830E-02
659.5356, 2.4334460E-02
661.4641, 2.5817050E-02
663.3926, 2.7293259E-02
665.3210, 2.9165059E-02
667.2495, 3.0911790E-02
669.1780, 3.1569909E-02
671.1064, 3.1353850E-02
673.0349, 3.1087680E-02
674.9634, 3.1698551E-02
676.8918, 3.2487500E-02
678.8203, 3.3504311E-02
680.7488, 3.4809779E-02
682.6772, 3.6320120E-02
684.6057, 3.7432440E-02
686.5342, 3.8151301E-02
688.4626, 3.8740560E-02
690.3911, 3.9331909E-02
692.3196, 4.0216111E-02
694.2480, 4.1590370E-02
696.1765, 4.2977139E-02
698.1050, 4.5101769E-02
700.0334, 4.7332771E-02
701.9619, 4.9395010E-02
703.8904, 5.1751129E-02
705.8188, 5.4352600E-02
707.7473, 5.7608292E-02
709.6758, 6.0950059E-02
711.6042, 6.3938849E-02
713.5327, 6.7398340E-02
715.4612, 7.1256652E-02
717.3896, 7.5321376E-02
719.3181, 7.9874203E-02
721.2466, 8.4478676E-02
723.1750, 8.9188471E-02
725.1035, 9.3965903E-02
727.0320, 9.9761218E-02
728.9604, 0.1062054
730.8889, 0.1121938
732.8174, 0.1178912
734.7458, 0.1238391
736.6743, 0.1290586
738.6028, 0.1326053
740.5313, 0.1340382
742.4597, 0.1336017
744.3882, 0.1311105
746.3167, 0.1260983
748.2451, 0.1201918
750.1736, 0.1151930
752.1021, 0.1117786
754.0305, 0.1094438
755.9590, 0.1076457
757.8875, 0.1061383
759.8159, 0.1036929
761.7444, 0.1005323
763.6729, 9.7564913E-02
765.6013, 9.4596878E-02
767.5298, 9.1498993E-02
769.4583, 8.7575503E-02
771.3867, 8.3056688E-02
773.3152, 7.7714570E-02
775.2437, 7.2114013E-02
777.1721, 6.6033348E-02
779.1006, 5.9460081E-02
781.0291, 5.3929839E-02
782.9575, 5.0318651E-02
784.8860, 4.8903041E-02
786.8145, 4.9294099E-02
788.7429, 5.1062342E-02
790.6714, 5.3670000E-02
792.5999, 5.6851469E-02
794.5283, 6.0674429E-02
796.4568, 6.4908087E-02
798.3853, 6.9533654E-02
800.3137, 7.4037902E-02
802.2422, 7.8183852E-02
804.1707, 8.2086742E-02
806.0991, 8.5319370E-02
808.0276, 8.7732457E-02
809.9561, 8.8348620E-02
811.8845, 8.7265909E-02
813.8130, 8.5144140E-02
815.7415, 8.1824273E-02
817.6699, 7.7456526E-02
819.5984, 7.2771363E-02
821.5269, 6.7649700E-02
823.4553, 6.2236398E-02
825.3838, 5.6560680E-02
827.3123, 5.1200081E-02
829.2407, 4.7017891E-02
831.1692, 4.3973740E-02
833.0977, 4.1915338E-02
835.0261, 4.1180469E-02
836.9546, 4.0975749E-02
838.8831, 4.1567151E-02
840.8115, 4.2784460E-02
842.7400, 4.4220340E-02
844.6685, 4.5782961E-02
846.5969, 4.7861028E-02
848.5254, 5.0104491E-02
850.4539, 5.2560590E-02
852.3823, 5.6012310E-02
854.3108, 6.0269140E-02
856.2393, 6.4640023E-02
858.1677, 6.9044098E-02
860.0962, 7.3277593E-02
862.0247, 7.6967523E-02
863.9531, 7.9415262E-02
865.8816, 8.0483451E-02
867.8101, 8.0379844E-02
869.7385, 7.8985393E-02
871.6670, 7.6812521E-02
873.5955, 7.4467458E-02
875.5239, 7.2361827E-02
877.4524, 7.0168719E-02
879.3809, 6.8252116E-02
881.3093, 6.7517303E-02
883.2378, 6.7873716E-02
885.1663, 6.8745017E-02
887.0947, 7.0001833E-02
889.0232, 7.2299778E-02
890.9517, 7.5467110E-02
892.8801, 7.8991443E-02
894.8085, 8.3295546E-02
896.7370, 8.8444583E-02
898.6655, 9.3574896E-02
900.5939, 9.9142507E-02
902.5224, 0.1049537
904.4509, 0.1110394
906.3793, 0.1174264
908.3078, 0.1239224
910.2363, 0.1307499
912.1647, 0.1378087
914.0932, 0.1448166
916.0217, 0.1516370
917.9501, 0.1586432
919.8786, 0.1642851
921.8071, 0.1690790
923.7355, 0.1734221
925.6640, 0.1766591
927.5925, 0.1786115
929.5209, 0.1791571
931.4494, 0.1789849
933.3779, 0.1776564
935.3063, 0.1747060
937.2348, 0.1705918
939.1633, 0.1651976
941.0917, 0.1594111
943.0202, 0.1544379
944.9487, 0.1503427
946.8771, 0.1466981
948.8056, 0.1427673
950.7341, 0.1383158
952.6625, 0.1335773
954.5910, 0.1290037
956.5195, 0.1259696
958.4479, 0.1245588
960.3764, 0.1241355
962.3049, 0.1249747
964.2333, 0.1275356
966.1618, 0.1317443
968.0903, 0.1372042
970.0187, 0.1436971
971.9472, 0.1510850
973.8757, 0.1593274
975.8041, 0.1674956
977.7326, 0.1742626
979.6611, 0.1787558
981.5895, 0.1806683
983.5180, 0.1795096
985.4465, 0.1763945
987.3749, 0.1731418
989.3034, 0.1695722
991.2319, 0.1659838
993.1603, 0.1624393
995.0888, 0.1594043
997.0173, 0.1566810
998.9457, 0.1530456
1000.874, 0.1488573
1002.803, 0.1444072
1004.731, 0.1398852
1006.660, 0.1350084
1008.588, 0.1294904
1010.517, 0.1238478
1012.445, 0.1184170
1014.373, 0.1135451
1016.302, 0.1088314
1018.230, 0.1035975
1020.159, 9.8696753E-02
1022.087, 9.4119087E-02
1024.016, 8.9708738E-02
1025.944, 8.5406274E-02
1027.873, 8.1079088E-02
1029.801, 7.6481253E-02
1031.730, 7.2361343E-02
1033.658, 6.8536580E-02
1035.587, 6.4876527E-02
1037.515, 6.1226919E-02
1039.444, 5.7861399E-02
1041.372, 5.5404149E-02
1043.301, 5.3795122E-02
1045.229, 5.3500719E-02
1047.157, 5.5321310E-02
1049.086, 5.9228580E-02
1051.014, 6.5665171E-02
1052.943, 7.4675217E-02
1054.871, 8.4918872E-02
1056.800, 9.3401797E-02
1058.728, 9.8431453E-02
1060.657, 0.1007006
1062.585, 0.1019150
1064.514, 0.1035431
1066.442, 0.1061606
1068.371, 0.1091613
1070.299, 0.1106591
1072.228, 0.1100505
1074.156, 0.1078641
1076.084, 0.1056559
1078.013, 0.1036629
1079.941, 0.1018311
1081.870, 0.1000760
1083.798, 9.7445823E-02
1085.727, 9.3977131E-02
1087.655, 8.9671209E-02
1089.584, 8.4781483E-02
1091.512, 7.9976082E-02
1093.441, 7.4978903E-02
1095.369, 7.0111640E-02
1097.298, 6.6012673E-02
1099.226, 6.2134068E-02
1101.155, 5.8445010E-02
1103.083, 5.4899849E-02
1105.011, 5.1564209E-02
1106.940, 4.8567921E-02
1108.868, 4.5779079E-02
1110.797, 4.3075942E-02
1112.725, 4.0235411E-02
1114.654, 3.7399389E-02
1116.582, 3.4680579E-02
1118.511, 3.2241929E-02
1120.439, 2.9967630E-02
1122.368, 2.7494390E-02
1124.296, 2.5110330E-02
1126.225, 2.2870770E-02
1128.153, 2.0711349E-02
1130.082, 1.8798120E-02
1132.010, 1.7210370E-02
1133.938, 1.5834071E-02
1135.867, 1.4395110E-02
1137.795, 1.2868990E-02
1139.724, 1.1707590E-02
1141.652, 1.0440510E-02
1143.581, 9.2704184E-03
1145.509, 8.6614899E-03
1147.438, 8.0168564E-03
1149.366, 7.5500519E-03
1151.295, 7.2879009E-03
1153.223, 6.7918319E-03
1155.152, 6.3752062E-03
1157.080, 5.9530521E-03
1159.009, 5.6042280E-03
1160.937, 5.2567949E-03
1162.865, 4.7179419E-03
1164.794, 4.4362079E-03
1166.722, 4.1001681E-03
1168.651, 3.8823769E-03
1170.579, 3.8178901E-03
1172.508, 3.6948691E-03
1174.436, 3.8443489E-03
1176.365, 3.9210441E-03
1178.293, 3.5941140E-03
1180.222, 3.3690380E-03
1182.150, 3.2842220E-03
1184.079, 3.2356461E-03
1186.007, 3.2673720E-03
1187.936, 3.0058119E-03
1189.864, 2.8763169E-03
1191.792, 2.7915610E-03
1193.721, 2.6249900E-03
1195.649, 2.4383790E-03
1197.578, 2.3921221E-03
1199.506, 2.2603970E-03
1201.435, 1.9588610E-03
1203.363, 1.9240259E-03
1205.292, 1.8329620E-03
1207.220, 1.7652520E-03
1209.149, 2.0517530E-03
1211.077, 2.1889899E-03
1213.006, 2.1825070E-03
1214.934, 1.9085470E-03
1216.863, 1.8451770E-03
1218.791, 1.8661760E-03
1220.719, 1.8218430E-03
1222.648, 1.8198020E-03
1224.576, 1.6956180E-03
1226.505, 1.6388909E-03
1228.433, 1.6376710E-03
1230.362, 1.5419869E-03
1232.290, 1.4074480E-03
1234.219, 1.4460210E-03
1236.147, 1.4086500E-03
1238.076, 1.3409310E-03
1240.004, 1.4322420E-03
1241.933, 1.4430929E-03
1243.861, 1.3513700E-03
1245.790, 1.1127610E-03
1247.718, 1.1538410E-03
1249.646, 1.2599090E-03
1251.575, 1.1281930E-03
1253.503, 1.1681810E-03
1255.432, 1.1033250E-03
1257.360, 9.1932458E-04
1259.289, 9.0681692E-04
1261.217, 9.5429382E-04
1263.146, 1.0627171E-03
1265.074, 1.2024470E-03
1267.003, 1.2034810E-03
1268.931, 1.2370000E-03
1270.860, 1.3049750E-03
1272.788, 1.1745730E-03
1274.717, 9.7618549E-04
1276.645, 9.7596762E-04
1278.573, 1.0515450E-03
1280.502, 1.2936540E-03
1282.430, 1.5419610E-03
1284.359, 1.4253180E-03
1286.287, 1.2613520E-03
1288.216, 1.1840630E-03
1290.144, 1.2273040E-03
1292.073, 1.3675690E-03
1294.001, 1.5140420E-03
1295.930, 1.4076800E-03
1297.858, 1.4850950E-03
1299.787, 1.6604400E-03
1301.715, 1.4978980E-03
1303.644, 1.1569930E-03
1305.572, 1.1333030E-03
1307.500, 1.3336100E-03
1309.429, 1.4610121E-03
1311.357, 1.5021540E-03
1313.286, 1.5427140E-03
1315.214, 1.5521890E-03
1317.143, 1.5533280E-03
1319.071, 1.3360810E-03
1321.000, 1.1226180E-03
1322.928, 1.2769420E-03
1324.857, 1.3820260E-03
1326.785, 1.3761499E-03
1328.714, 1.4523390E-03
1330.642, 1.6260149E-03
1332.571, 1.9206350E-03
1334.499, 1.7109480E-03
1336.427, 1.3821120E-03
1338.356, 1.4619010E-03
1340.284, 1.6633170E-03
1342.213, 1.7877490E-03
1344.141, 1.9593870E-03
1346.070, 2.0180941E-03
1347.998, 2.2262931E-03
1349.927, 2.2702031E-03
1351.855, 2.1560059E-03
1353.784, 2.0774191E-03
1355.712, 2.0191181E-03
1357.641, 1.9527520E-03
1359.569, 2.0207490E-03
1361.498, 2.1609250E-03
1363.426, 2.2485980E-03
1365.354, 2.3651831E-03
1367.283, 2.3662040E-03
1369.211, 2.4205130E-03
1371.140, 2.3599709E-03
1373.068, 2.3938019E-03
1374.997, 2.5326691E-03
1376.925, 2.8322721E-03
1378.854, 2.9845270E-03
1380.782, 2.8560190E-03
1382.711, 2.7815721E-03
1384.639, 3.0805559E-03
1386.568, 3.5703790E-03
1388.496, 3.6723090E-03
1390.424, 3.6784289E-03
1392.353, 3.8652311E-03
1394.281, 3.9420510E-03
1396.210, 3.9480622E-03
1398.138, 4.1616540E-03
1400.067, 4.2873551E-03
1401.995, 4.3227798E-03
1403.924, 4.5782030E-03
1405.852, 5.0484561E-03
1407.781, 5.1532169E-03
1409.709, 5.0410661E-03
1411.638, 4.9783569E-03
1413.566, 4.9918629E-03
1415.495, 5.3520808E-03
1417.423, 5.6689079E-03
1419.351, 5.5973139E-03
1421.280, 5.6451238E-03
1423.208, 5.8069462E-03
1425.137, 5.7961312E-03
1427.065, 5.7150610E-03
1428.994, 5.8490019E-03
1430.922, 5.8076950E-03
1432.851, 5.8672321E-03
1434.779, 5.8644270E-03
1436.708, 5.8712531E-03
1438.636, 5.8511770E-03
1440.565, 6.1041652E-03
1442.493, 6.1386880E-03
1444.422, 6.1120018E-03
1446.350, 6.3403388E-03
1448.278, 6.5389862E-03
1450.207, 6.4474372E-03
1452.135, 6.5213470E-03
1454.064, 6.7254379E-03
1455.992, 6.5368651E-03
1457.921, 6.4649931E-03
1459.849, 6.6544269E-03
1461.778, 6.5725772E-03
1463.706, 6.4049591E-03
1465.635, 6.3278042E-03
1467.563, 6.0460912E-03
1469.492, 5.9985919E-03
1471.420, 6.2172851E-03
1473.349, 5.9128301E-03
1475.277, 5.8318200E-03
1477.205, 5.9381891E-03
1479.134, 5.8602230E-03
1481.062, 5.7114381E-03
1482.991, 5.6469939E-03
1484.919, 5.6632222E-03
1486.848, 5.6847418E-03
1488.776, 5.7288432E-03
1490.705, 5.6492621E-03
1492.633, 5.5720611E-03
1494.562, 5.7888259E-03
1496.490, 5.7229591E-03
1498.419, 5.3430698E-03
1500.347, 5.1147141E-03
1502.276, 5.3077410E-03
1504.204, 5.3713368E-03
1506.132, 5.2805669E-03
1508.061, 4.9560582E-03
1509.989, 4.9227718E-03
1511.918, 4.9183080E-03
1513.846, 4.9539451E-03
1515.775, 5.2184858E-03
1517.703, 5.2317651E-03
1519.632, 5.1091071E-03
1521.560, 5.2922210E-03
1523.489, 5.0050798E-03
1525.417, 4.9359458E-03
1527.346, 5.0359559E-03
1529.274, 4.8811459E-03
1531.203, 4.6337461E-03
1533.131, 4.7892760E-03
1535.059, 4.9370681E-03
1536.988, 4.8520560E-03
1538.916, 4.8236810E-03
1540.845, 4.7682761E-03
1542.773, 4.6772030E-03
1544.702, 4.6468689E-03
1546.630, 4.8565320E-03
1548.559, 5.0096912E-03
1550.487, 4.9293949E-03
1552.416, 5.1804520E-03
1554.344, 5.2395151E-03
1556.273, 5.0281519E-03
1558.201, 5.0952430E-03
1560.130, 4.9843178E-03
1562.058, 4.6812058E-03
1563.986, 4.5152819E-03
1565.915, 4.6496652E-03
1567.843, 5.0237719E-03
1569.772, 4.8170388E-03
1571.700, 4.6544690E-03
1573.629, 4.4601411E-03
1575.557, 4.5560449E-03
1577.486, 4.9491031E-03
1579.414, 4.9041300E-03
1581.343, 4.6759020E-03
1583.271, 4.5789322E-03
1585.200, 4.5706560E-03
1587.128, 4.4698720E-03
1589.057, 4.6292171E-03
1590.985, 4.6730991E-03
1592.913, 4.2907000E-03
1594.842, 3.9044970E-03
1596.770, 4.0965849E-03
1598.699, 4.6005151E-03
1600.627, 4.6409271E-03
1602.556, 4.4094329E-03
1604.484, 4.2905211E-03
1606.413, 4.4117970E-03
1608.341, 4.6300320E-03
1610.270, 4.7512832E-03
1612.198, 4.5891912E-03
1614.127, 4.4034878E-03
1616.055, 4.3156440E-03
1617.984, 4.4609462E-03
1619.912, 4.5227120E-03
1621.840, 4.4714720E-03
1623.769, 4.4100322E-03
1625.697, 4.4592302E-03
1627.626, 4.4324459E-03
1629.554, 4.2294692E-03
1631.483, 4.4851089E-03
1633.411, 4.5064781E-03
1635.340, 4.3957662E-03
1637.268, 4.5459461E-03
1639.197, 4.5428830E-03
1641.125, 4.5797490E-03
1643.054, 5.0737141E-03
1644.982, 5.2695158E-03
1646.911, 4.8303339E-03
1648.839, 4.5007700E-03
1650.767, 4.4145621E-03
1652.696, 4.7860532E-03
1654.624, 4.8334738E-03
1656.553, 4.6174978E-03
1658.481, 4.5792949E-03
1660.410, 4.6199998E-03
1662.338, 4.9378029E-03
1664.267, 5.1045092E-03
1666.195, 4.6512662E-03
1668.124, 4.4644801E-03
1670.052, 4.7727581E-03
1671.981, 4.7193281E-03
1673.909, 4.7152811E-03
1675.838, 4.7930921E-03
1677.766, 4.7311261E-03
1679.694, 4.3905680E-03
1681.623, 4.3575480E-03
1683.551, 4.6670418E-03
1685.480, 4.4986252E-03
1687.408, 4.5201988E-03
1689.337, 4.5475001E-03
1691.265, 4.5662802E-03
1693.194, 4.4877171E-03
1695.122, 4.8380722E-03
1697.051, 4.9619940E-03
1698.979, 4.9293232E-03
1700.908, 4.9731592E-03
1702.836, 4.7107921E-03
1704.765, 4.6747439E-03
1706.693, 4.8276661E-03
1708.621, 4.5471760E-03
1710.550, 4.2934562E-03
1712.478, 4.1796002E-03
1714.407, 4.1328962E-03
1716.335, 4.3299422E-03
1718.264, 4.4545569E-03
1720.192, 4.6468470E-03
1722.121, 4.6146791E-03
1724.049, 4.4001960E-03
1725.978, 4.6330122E-03
1727.906, 4.5459652E-03
1729.835, 4.0149488E-03
1731.763, 3.5623880E-03
1733.692, 3.6636719E-03
1735.620, 4.0380890E-03
1737.548, 3.9844648E-03
1739.477, 3.9752722E-03
1741.405, 3.8415261E-03
1743.334, 3.9826352E-03
1745.262, 4.2936932E-03
1747.191, 4.2661261E-03
1749.119, 3.7911499E-03
1751.048, 4.1957879E-03
1752.976, 4.5139901E-03
1754.905, 4.0634898E-03
1756.833, 4.1488959E-03
1758.762, 4.0201060E-03
1760.690, 3.8909281E-03
1762.619, 4.0203501E-03
1764.547, 4.5059682E-03
1766.475, 4.4675018E-03
1768.404, 4.2946469E-03
1770.332, 4.2795120E-03
1772.261, 3.9179740E-03
1774.189, 3.6302300E-03
1776.118, 3.7792891E-03
1778.046, 3.9358558E-03
1779.975, 4.4248840E-03
1781.903, 5.0026751E-03
1783.832, 4.9110688E-03
1785.760, 4.3481030E-03
1787.689, 4.0344219E-03
1789.617, 4.7857012E-03
1791.546, 4.8106881E-03
1793.474, 4.6308860E-03
1795.402, 4.6851188E-03
1797.331, 4.4918079E-03
1799.259, 4.1730870E-03
1801.188, 4.0482101E-03
1803.116, 4.1453941E-03
1805.045, 4.1987109E-03
1806.973, 4.3332870E-03
1808.902, 4.5954180E-03
1810.830, 4.2997021E-03
1812.759, 4.0696869E-03
1814.687, 4.1986532E-03
1816.616, 4.4757738E-03
1818.544, 4.9026459E-03
1820.473, 4.4955900E-03
1822.401, 4.0690592E-03
1824.329, 4.2663589E-03
1826.258, 5.0204429E-03
1828.186, 5.4412340E-03
1830.115, 5.5475389E-03
1832.043, 5.4031461E-03
1833.972, 5.2136900E-03
1835.900, 4.5941342E-03
1837.829, 4.3124380E-03
1839.757, 4.2966772E-03
1841.686, 4.0629269E-03
1843.614, 4.5100409E-03
1845.543, 4.9961070E-03
1847.471, 4.5021158E-03
1849.400, 4.3873382E-03
1851.328, 4.3037189E-03
1853.256, 3.9046151E-03
1855.185, 4.0938822E-03
1857.113, 4.6699308E-03
1859.042, 4.1556382E-03
1860.970, 3.1624450E-03
1862.899, 2.9558660E-03
1864.827, 3.1475360E-03
1866.756, 3.7911090E-03
1868.684, 3.6200550E-03
1870.613, 3.2704291E-03
1872.541, 3.3070049E-03
1874.470, 3.3835641E-03
1876.398, 3.4068360E-03
1878.327, 3.8102311E-03
1880.255, 3.7703919E-03
1882.183, 3.6970740E-03
1884.112, 3.1525111E-03
1886.040, 2.7661929E-03
1887.969, 3.1954499E-03
1889.897, 3.3382850E-03
1891.826, 2.8577051E-03
1893.754, 2.3888841E-03
1895.683, 2.0549330E-03
1897.611, 2.9369241E-03
1899.540, 3.6042840E-03
1901.468, 3.1619449E-03
1903.397, 2.4812529E-03
1905.325, 2.7727510E-03
1907.254, 3.7506351E-03
1909.182, 3.7737449E-03
1911.110, 2.7471159E-03
1913.039, 2.6717950E-03
1914.967, 1.8558420E-03
1916.896, 1.5124470E-03
1918.824, 2.6231729E-03
1920.753, 4.4200011E-03
1922.681, 3.1644781E-03
1924.610, 1.3866191E-03
1926.538, 2.4016870E-03
1928.467, 3.3769649E-03
1930.395, 3.7043320E-03
1932.324, 3.3456639E-03
1934.252, 2.5996470E-03
1936.181, 1.6720900E-03
1938.109, 1.5837500E-04
1940.037, -5.7113840E-04
1941.966, 7.0751453E-04
1943.894, 1.1789290E-03
1945.823, 2.2691090E-04
1947.751, -5.5219082E-04
1949.680, -1.4158980E-03
1951.608, -1.5158060E-03
1953.537, -7.6746312E-04
1955.465, -1.6450410E-03
1957.394, -1.0690680E-03
1959.322, 1.4888200E-03
1961.251, 1.0507270E-03
1963.179, -5.3264218E-04
1965.108, -1.9816591E-03
1967.036, -2.6558239E-03
1968.964, -2.9750350E-03
1970.893, -1.6408130E-03
1972.821, -2.2529230E-04
1974.750, -5.4585171E-04
1976.678, 4.6737099E-04
1978.607, 2.2102860E-04
1980.535, -1.1608769E-03
1982.464, 1.8124960E-04
1984.392, 1.1716230E-03
1986.321, -5.2491098E-04
1988.249, 1.0475350E-04
1990.178, 2.0906001E-03
1992.106, 1.7678090E-03
1994.035, 1.0887980E-03
1995.963, -1.0338560E-03
1997.891, -1.2936080E-03
1999.820, -1.4904130E-03
2001.748, -1.2927940E-03
2003.677, -8.3166722E-04
2005.605, -1.6919971E-03
2007.534, -3.7669300E-03
2009.462, -4.0236912E-03
2011.391, -1.9682220E-03
2013.319, -2.0734691E-03
2015.248, -2.4906090E-05
2017.176, 2.5415579E-03
2019.105, 3.2265639E-04
2021.033, 3.8118049E-04
2022.962, 1.9242930E-03
2024.890, 8.0931012E-04
2026.818, 9.7585731E-04
2028.747, 3.4721880E-03
2030.675, 3.0432730E-03
2032.604, 2.5871370E-03
2034.532, 1.5483330E-03
2036.461, 9.0835831E-04
2038.389, -2.2980900E-04
2040.318, 5.7874381E-04
2042.246, -2.7326841E-04
2044.175, -4.4576629E-04
2046.103, 1.7071740E-03
2048.032, 2.6420960E-03
2049.960, 3.5171551E-03
2051.889, 2.6765310E-03
2053.817, 3.7894419E-03
2055.746, 4.5530321E-03
2057.674, 3.0428930E-03
2059.603, 3.3235941E-03
2061.531, 3.0836209E-03
2063.459, 4.1455938E-03
2065.388, 5.0350870E-03
2067.316, 3.4529299E-03
2069.245, 3.8156360E-03
2071.173, 4.0720892E-03
2073.102, 3.9450619E-03
2075.030, 3.9027419E-03
2076.959, 4.6635140E-03
2078.887, 5.2080699E-03
2080.816, 5.7157208E-03
2082.744, 5.8771502E-03
2084.673, 5.6472151E-03
2086.601, 4.7814222E-03
2088.530, 4.0667290E-03
2090.458, 3.2064060E-03
2092.386, 3.0202100E-03
2094.315, 3.7580349E-03
2096.243, 5.1838611E-03
2098.172, 5.5080708E-03
2100.100, 3.9385031E-03
2102.029, 3.0733319E-03
2103.957, 4.3647969E-03
2105.886, 5.3242031E-03
2107.814, 5.3543691E-03
2109.743, 5.4179821E-03
2111.671, 5.9649739E-03
2113.600, 4.8173098E-03
2115.528, 4.6628220E-03
2117.457, 4.5802700E-03
2119.385, 4.1088932E-03
2121.313, 3.1128121E-03
2123.242, 1.9089240E-03
2125.170, 1.8334670E-03
2127.099, 1.9665631E-03
2129.027, 1.4919240E-03
2130.956, 1.1571980E-03
2132.884, -2.4399511E-04
2134.813, -2.1966170E-03
2136.741, -1.8784450E-03
2138.670, -4.3296139E-05
2140.598, 1.2967340E-03
2142.527, 8.0211298E-04
2144.455, -1.7958030E-03
2146.384, -2.6354019E-03
2148.312, -2.5153200E-03
2150.240, -1.9666729E-03
2152.169, -4.0217349E-04
2154.097, -7.3628942E-04
2156.026, -3.4373440E-03
2157.954, -2.5083530E-03
2159.883, 2.2322820E-03
2161.811, 4.2966302E-03
2163.740, 4.0291930E-03
2165.668, 4.3272190E-03
2167.597, 3.9338851E-03
2169.525, 1.9397310E-03
2171.454, 1.0128670E-03
2173.382, -1.2635570E-03
2175.311, 7.2079580E-05
2177.239, 2.4362260E-03
2179.167, 2.4354160E-03
2181.096, 2.7672250E-03
2183.024, 2.1510730E-03
2184.953, 7.3083257E-04
2186.881, 2.2231429E-03
2188.810, 3.7003381E-03
2190.738, 3.7783671E-03
2192.667, 2.5125630E-03
2194.595, 2.8117730E-03
2196.524, 4.7149491E-03
2198.452, 4.5895251E-03
2200.381, 4.0130038E-03
2202.309, 5.7101669E-03
2204.238, 6.2798238E-03
2206.166, 4.0914589E-03
2208.094, 2.5523230E-03
2210.023, 2.2508521E-03
2211.951, 2.0532380E-03
2213.880, 2.3251481E-03
2215.808, 3.7223219E-03
2217.737, 6.0734120E-03
2219.665, 6.6691171E-03
2221.594, 5.9057642E-03
2223.522, 6.2028449E-03
2225.451, 7.7084978E-03
2227.379, 7.5247521E-03
2229.308, 8.3847558E-03
2231.236, 8.8488758E-03
2233.165, 7.3115858E-03
2235.093, 7.1603940E-03
2237.021, 8.1868796E-03
2238.950, 8.5546793E-03
2240.878, 7.6380032E-03
2242.807, 8.4977476E-03
2244.735, 9.1765691E-03
2246.664, 8.0357846E-03
2248.592, 6.3743172E-03
2250.521, 7.2554168E-03
2252.449, 8.8482779E-03
2254.378, 7.5174230E-03
2256.306, 7.7983439E-03
2258.235, 9.1973888E-03
2260.163, 8.5219592E-03
2262.092, 8.2486235E-03
2264.020, 8.6599272E-03
2265.948, 9.4685508E-03
2267.877, 1.0194980E-02
2269.805, 8.9939451E-03
2271.734, 7.1732900E-03
2273.662, 8.5887406E-03
2275.591, 9.9248188E-03
2277.519, 9.6544391E-03
2279.448, 8.9258319E-03
2281.376, 9.4031245E-03
2283.305, 1.0268310E-02
2285.233, 9.9261096E-03
2287.162, 1.0397070E-02
2289.090, 9.9847671E-03
2291.019, 9.3106050E-03
2292.947, 9.0256874E-03
2294.875, 8.4367217E-03
2296.804, 8.7787239E-03
2298.732, 9.1031091E-03
2300.661, 9.2993164E-03
2302.589, 9.4854757E-03
2304.518, 9.7969528E-03
2306.446, 9.3460726E-03
2308.375, 9.6327048E-03
2310.303, 1.0299000E-02
2312.232, 9.8452196E-03
2314.160, 9.5970053E-03
2316.089, 9.8563712E-03
2318.017, 9.9927187E-03
2319.946, 9.8711550E-03
2321.874, 9.9432236E-03
2323.802, 1.0343230E-02
2325.731, 9.9732047E-03
2327.659, 9.5769949E-03
2329.588, 8.8421246E-03
2331.516, 8.3921719E-03
2333.445, 8.8410871E-03
2335.373, 8.3729737E-03
2337.302, 9.0420404E-03
2339.230, 9.3248859E-03
2341.159, 8.9219604E-03
2343.087, 9.0647349E-03
2345.016, 9.2562838E-03
2346.944, 9.5173204E-03
2348.873, 8.7700076E-03
2350.801, 8.3649084E-03
2352.729, 8.5246526E-03
2354.658, 9.4843414E-03
2356.586, 1.0407830E-02
2358.515, 9.5697623E-03
2360.443, 8.8382950E-03
2362.372, 9.0011442E-03
2364.300, 9.1781029E-03
2366.229, 8.9183217E-03
2368.157, 8.4247682E-03
2370.086, 8.5008312E-03
2372.014, 7.9208603E-03
2373.942, 7.3211761E-03
2375.871, 7.3204632E-03
2377.799, 8.2355672E-03
2379.728, 8.0426084E-03
2381.656, 7.2259959E-03
2383.585, 7.3956149E-03
2385.513, 8.0091897E-03
2387.442, 7.9821823E-03
2389.370, 8.3389292E-03
2391.299, 8.7582842E-03
2393.227, 8.8155689E-03
2395.156, 8.3587198E-03
2397.084, 7.8173028E-03
2399.012, 7.9143364E-03
2400.941, 8.2914215E-03
2402.869, 8.1394343E-03
2404.798, 8.4859515E-03
2406.726, 9.4216531E-03
2408.655, 9.8178377E-03
2410.583, 9.0614054E-03
2412.512, 8.0048628E-03
2414.440, 8.5486090E-03
2416.369, 8.8937869E-03
2418.297, 8.4788185E-03
2420.226, 9.2334710E-03
2422.154, 1.0780670E-02
2424.083, 1.0142150E-02
2426.011, 8.8656396E-03
2427.939, 8.6664008E-03
2429.868, 9.0938592E-03
2431.796, 9.0914872E-03
2433.725, 9.1948397E-03
2435.653, 9.5230034E-03
2437.582, 9.6660824E-03
2439.510, 9.4511434E-03
2441.439, 9.1046086E-03
2443.367, 9.0242671E-03
2445.296, 8.3695455E-03
2447.224, 8.7804487E-03
2449.153, 9.0493998E-03
2451.081, 8.7623522E-03
2453.010, 8.1339953E-03
2454.938, 7.7260528E-03
2456.866, 8.5035097E-03
2458.795, 8.6977668E-03
2460.723, 9.0035116E-03
2462.652, 9.6771438E-03
2464.580, 9.7469380E-03
2466.509, 9.3722884E-03
2468.437, 8.3893174E-03
2470.366, 7.7535822E-03
2472.294, 7.2522289E-03
2474.223, 9.0490179E-03
2476.151, 1.0702010E-02
2478.080, 9.6567376E-03
2480.008, 8.2941530E-03
2481.937, 8.4586516E-03
2483.865, 9.2446441E-03
2485.793, 9.1533847E-03
2487.722, 9.5595010E-03
2489.650, 9.8667312E-03
2491.579, 9.3226489E-03
2493.507, 9.6160751E-03
2495.436, 1.0502210E-02
2497.364, 1.0758850E-02
2499.293, 9.9785728E-03
2501.221, 8.6345552E-03
2503.150, 8.5714916E-03
2505.078, 9.7745936E-03
2507.007, 9.1052568E-03
2508.935, 8.4624421E-03
2510.864, 8.8473987E-03
2512.792, 8.3966646E-03
2514.720, 8.3064670E-03
2516.649, 8.2557872E-03
2518.577, 8.8612866E-03
2520.506, 9.3050413E-03
2522.434, 1.0046000E-02
2524.363, 1.0615340E-02
2526.291, 9.9859238E-03
2528.220, 9.6347500E-03
2530.148, 1.0363490E-02
2532.077, 1.0612620E-02
2534.005, 1.0329540E-02
2535.934, 1.1082950E-02
2537.862, 1.0877180E-02
2539.791, 9.7630648E-03
2541.719, 9.7710723E-03
2543.647, 1.0544450E-02
2545.576, 1.0890560E-02
2547.504, 9.9511249E-03
2549.433, 8.9075984E-03
2551.361, 9.4366856E-03
2553.290, 9.8763267E-03
2555.218, 9.5260954E-03
2557.147, 9.1286264E-03
2559.075, 1.0166170E-02
2561.004, 1.0602350E-02
2562.932, 1.0207970E-02
2564.861, 1.0715880E-02
2566.789, 1.1587950E-02
2568.718, 1.1060650E-02
2570.646, 1.0864580E-02
2572.574, 1.0372240E-02
2574.503, 9.7285202E-03
2576.431, 9.6746683E-03
2578.360, 1.0719830E-02
2580.288, 1.1030950E-02
2582.217, 1.0525200E-02
2584.145, 1.0396250E-02
2586.074, 1.0314760E-02
2588.002, 9.3561914E-03
2589.931, 9.6835513E-03
2591.859, 1.0712840E-02
2593.788, 1.0451780E-02
2595.716, 1.0168870E-02
2597.645, 1.0835120E-02
2599.573, 1.0535080E-02
2601.501, 1.0152390E-02
2603.430, 9.7063556E-03
2605.358, 9.4599379E-03
2607.287, 9.6032843E-03
2609.215, 1.0335780E-02
2611.144, 1.1291570E-02
2613.072, 1.1075360E-02
2615.001, 1.0779100E-02
2616.929, 1.1240400E-02
2618.858, 1.1421600E-02
2620.786, 1.1273020E-02
2622.715, 1.0332780E-02
2624.643, 1.1117730E-02
2626.572, 1.1960120E-02
2628.500, 1.1711320E-02
2630.428, 1.1715690E-02
2632.357, 1.1663560E-02
2634.285, 1.1304900E-02
2636.214, 1.0869100E-02
2638.142, 1.0427610E-02
2640.071, 1.0777700E-02
2641.999, 1.0948360E-02
2643.928, 1.0813440E-02
2645.856, 1.0907610E-02
2647.785, 1.1160130E-02
2649.713, 1.0370220E-02
2651.642, 9.9580623E-03
2653.570, 1.0651420E-02
2655.499, 1.1038320E-02
2657.427, 1.0817540E-02
2659.355, 1.0250500E-02
2661.284, 9.8738484E-03
2663.212, 9.8875007E-03
2665.141, 1.0634580E-02
2667.069, 1.1634990E-02
2668.998, 1.0505840E-02
2670.926, 9.2610782E-03
2672.855, 9.6429475E-03
2674.783, 1.0780400E-02
2676.712, 1.1460550E-02
2678.640, 1.1431780E-02
2680.569, 1.1242430E-02
2682.497, 1.0005440E-02
2684.426, 1.0058390E-02
2686.354, 1.0252650E-02
2688.282, 9.5074037E-03
2690.211, 8.9821564E-03
2692.139, 9.0563726E-03
2694.068, 9.9717146E-03
2695.996, 1.0962100E-02
2697.925, 1.0431910E-02
2699.853, 9.7086011E-03
2701.782, 9.9172052E-03
2703.710, 1.0071210E-02
2705.639, 1.0007950E-02
2707.567, 1.0021800E-02
2709.496, 1.0001840E-02
2711.424, 9.3250116E-03
2713.353, 1.0266190E-02
2715.281, 1.1298180E-02
2717.209, 1.0465760E-02
2719.138, 1.0156350E-02
2721.066, 1.0199970E-02
2722.995, 1.1128640E-02
2724.923, 1.2094030E-02
2726.852, 1.1392110E-02
2728.780, 1.0271230E-02
2730.709, 1.0702910E-02
2732.637, 1.1162140E-02
2734.566, 1.1356600E-02
2736.494, 1.1440650E-02
2738.423, 1.0609030E-02
2740.351, 1.0815750E-02
2742.280, 1.1957280E-02
2744.208, 1.1911660E-02
2746.136, 1.1002980E-02
2748.065, 1.1358410E-02
2749.993, 1.1905780E-02
2751.922, 1.1106680E-02
2753.850, 1.0508460E-02
2755.779, 1.0703710E-02
2757.707, 1.1873490E-02
2759.636, 1.2231700E-02
2761.564, 1.1474350E-02
2763.493, 1.1114170E-02
2765.421, 1.1575760E-02
2767.350, 1.1505860E-02
2769.278, 1.1373440E-02
2771.207, 1.1853130E-02
2773.135, 1.1479770E-02
2775.063, 1.0968210E-02
2776.992, 1.1202750E-02
2778.920, 1.1911980E-02
2780.849, 1.2263190E-02
2782.777, 1.0732770E-02
2784.706, 1.0173530E-02
2786.634, 1.1244330E-02
2788.563, 1.0818280E-02
2790.491, 1.0695760E-02
2792.420, 1.0882650E-02
2794.348, 1.1393500E-02
2796.277, 1.0762110E-02
2798.205, 1.0717920E-02
2800.134, 1.1161420E-02
2802.062, 1.1816210E-02
2803.990, 1.1707160E-02
2805.919, 1.0993700E-02
2807.847, 1.1269110E-02
2809.776, 1.1812030E-02
2811.704, 1.2542520E-02
2813.633, 1.2464040E-02
2815.561, 1.1230240E-02
2817.490, 1.0824320E-02
2819.418, 1.2233770E-02
2821.347, 1.2763160E-02
2823.275, 1.2337870E-02
2825.204, 1.2200100E-02
2827.132, 1.2240490E-02
2829.061, 1.1897580E-02
2830.989, 1.1377200E-02
2832.917, 1.1637650E-02
2834.846, 1.2344590E-02
2836.774, 1.2326180E-02
2838.703, 1.1998910E-02
2840.631, 1.1564300E-02
2842.560, 1.1182900E-02
2844.488, 1.2476060E-02
2846.417, 1.3428950E-02
2848.345, 1.3451280E-02
2850.274, 1.3254530E-02
2852.202, 1.2561720E-02
2854.131, 1.2603300E-02
2856.059, 1.2360710E-02
2857.988, 1.1568950E-02
2859.916, 1.2307510E-02
2861.844, 1.3034770E-02
2863.773, 1.2666480E-02
2865.701, 1.3131960E-02
2867.630, 1.2113720E-02
2869.558, 1.0252040E-02
2871.487, 1.0795350E-02
2873.415, 1.1916160E-02
2875.344, 1.2303610E-02
2877.272, 1.2007530E-02
2879.201, 1.2633520E-02
2881.129, 1.4047690E-02
2883.058, 1.3270730E-02
2884.986, 1.2311990E-02
2886.915, 1.2123380E-02
2888.843, 1.1425960E-02
2890.771, 1.1197870E-02
2892.700, 1.2390940E-02
2894.628, 1.2096220E-02
2896.557, 1.2175770E-02
2898.485, 1.3242940E-02
2900.414, 1.3292360E-02
2902.342, 1.2101910E-02
2904.271, 1.1779600E-02
2906.199, 1.2716980E-02
2908.128, 1.3456180E-02
2910.056, 1.3309110E-02
2911.985, 1.3490000E-02
2913.913, 1.4419680E-02
2915.842, 1.4494190E-02
2917.770, 1.3544360E-02
2919.698, 1.3183130E-02
2921.627, 1.3892170E-02
2923.555, 1.1830020E-02
2925.484, 1.0420490E-02
2927.412, 1.0449950E-02
2929.341, 1.0565760E-02
2931.269, 1.1545560E-02
2933.198, 1.1345480E-02
2935.126, 1.1947030E-02
2937.055, 1.2291110E-02
2938.983, 1.2577250E-02
2940.912, 1.1912290E-02
2942.840, 1.0874230E-02
2944.769, 1.0395590E-02
2946.697, 1.0671220E-02
2948.625, 1.0896920E-02
2950.554, 1.1523490E-02
2952.482, 1.2227610E-02
2954.411, 1.1744560E-02
2956.339, 1.2052250E-02
2958.268, 1.1972490E-02
2960.196, 1.0975090E-02
2962.125, 1.1028680E-02
2964.053, 1.1089050E-02
2965.982, 1.1437830E-02
2967.910, 1.2201320E-02
2969.839, 1.1414450E-02
2971.767, 1.1370000E-02
2973.696, 1.1971100E-02
2975.624, 1.1434370E-02
2977.552, 1.2146550E-02
2979.481, 1.2933660E-02
2981.409, 1.1516980E-02
2983.338, 1.0475590E-02
2985.266, 1.1092470E-02
2987.195, 1.1544350E-02
2989.123, 1.2044190E-02
2991.052, 1.1261300E-02
2992.980, 1.1576030E-02
2994.909, 1.2031820E-02
2996.837, 1.1310330E-02
2998.766, 1.1780960E-02
3000.694, 1.2481490E-02
3002.623, 1.1780160E-02
3004.551, 1.2006000E-02
3006.479, 1.2840940E-02
3008.408, 1.1364280E-02
3010.336, 1.1347960E-02
3012.265, 1.3030210E-02
3014.193, 1.2375200E-02
3016.122, 1.1193670E-02
3018.050, 1.0907320E-02
3019.979, 1.0743440E-02
3021.907, 1.0536670E-02
3023.836, 1.1338050E-02
3025.764, 1.2208720E-02
3027.693, 1.1978330E-02
3029.621, 1.2303860E-02
3031.550, 1.1614380E-02
3033.478, 1.1126100E-02
3035.406, 1.1503990E-02
3037.335, 1.1975620E-02
3039.263, 1.2272730E-02
3041.192, 1.1925220E-02
3043.120, 1.1966040E-02
3045.049, 1.2037030E-02
3046.977, 1.2566560E-02
3048.906, 1.3115010E-02
3050.834, 1.3270190E-02
3052.763, 1.2861790E-02
3054.691, 1.3022980E-02
3056.620, 1.2921070E-02
3058.548, 1.2032190E-02
3060.477, 1.1869200E-02
3062.405, 1.2140470E-02
3064.333, 1.2836470E-02
3066.262, 1.2622390E-02
3068.190, 1.3088050E-02
3070.119, 1.3981340E-02
3072.047, 1.3130710E-02
3073.976, 1.2596440E-02
3075.904, 1.3425870E-02
3077.833, 1.4251110E-02
3079.761, 1.4656090E-02
3081.690, 1.3847020E-02
3083.618, 1.1645320E-02
3085.547, 1.2021290E-02
3087.475, 1.2774720E-02
3089.404, 1.1866530E-02
3091.332, 1.4286070E-02
3093.260, 1.5781520E-02
3095.189, 1.3872180E-02
3097.117, 1.1070350E-02
3099.046, 1.1372230E-02
3100.974, 1.3502220E-02
3102.903, 1.3875990E-02
3104.831, 1.3601590E-02
3106.760, 1.3722550E-02
3108.688, 1.4631640E-02
3110.617, 1.4495010E-02
3112.545, 1.4130990E-02
3114.474, 1.3994060E-02
3116.402, 1.4401220E-02
3118.331, 1.3931780E-02
3120.259, 1.2757170E-02
3122.188, 1.3780730E-02
3124.116, 1.4822610E-02
3126.044, 1.4332580E-02
3127.973, 1.3615310E-02
3129.901, 1.3666200E-02
3131.830, 1.4259280E-02
3133.758, 1.2953680E-02
3135.687, 1.3530980E-02
3137.615, 1.4755800E-02
3139.544, 1.4996800E-02
3141.472, 1.5287510E-02
3143.401, 1.4287220E-02
3145.329, 1.2512360E-02
3147.258, 1.3170090E-02
3149.186, 1.4740600E-02
3151.115, 1.5290100E-02
3153.043, 1.4923720E-02
3154.971, 1.3545200E-02
3156.900, 1.3694730E-02
3158.828, 1.4426380E-02
3160.757, 1.3600500E-02
3162.685, 1.3978540E-02
3164.614, 1.3776910E-02
3166.542, 1.2368380E-02
3168.471, 1.1186800E-02
3170.399, 1.1595160E-02
3172.328, 1.1983120E-02
3174.256, 1.3212210E-02
3176.185, 1.5186900E-02
3178.113, 1.5561670E-02
3180.042, 1.4806320E-02
3181.970, 1.3622570E-02
3183.898, 1.3467190E-02
3185.827, 1.3545490E-02
3187.755, 1.4121460E-02
3189.684, 1.4416710E-02
3191.612, 1.4359390E-02
3193.541, 1.4243620E-02
3195.469, 1.4016910E-02
3197.398, 1.3204890E-02
3199.326, 1.3946020E-02
3201.255, 1.4241160E-02
3203.183, 1.3271320E-02
3205.112, 1.2246230E-02
3207.040, 1.2264640E-02
3208.969, 1.3279830E-02
3210.897, 1.4199470E-02
3212.825, 1.4760240E-02
3214.754, 1.4549400E-02
3216.682, 1.4030500E-02
3218.611, 1.3636630E-02
3220.539, 1.4011970E-02
3222.468, 1.3168730E-02
3224.396, 1.2246630E-02
3226.325, 1.2487450E-02
3228.253, 1.3249280E-02
3230.182, 1.3162980E-02
3232.110, 1.4746880E-02
3234.039, 1.5766811E-02
3235.967, 1.5419730E-02
3237.896, 1.6012389E-02
3239.824, 1.5036600E-02
3241.752, 1.3854320E-02
3243.681, 1.3090840E-02
3245.609, 1.2069890E-02
3247.538, 1.3542870E-02
3249.466, 1.5434750E-02
3251.395, 1.5540520E-02
3253.323, 1.4062610E-02
3255.252, 1.2904150E-02
3257.180, 1.3259810E-02
3259.109, 1.5199010E-02
3261.037, 1.5327170E-02
3262.966, 1.5396670E-02
3264.894, 1.4828140E-02
3266.823, 1.3991740E-02
3268.751, 1.4042220E-02
3270.679, 1.4430670E-02
3272.608, 1.3273150E-02
3274.536, 1.2381680E-02
3276.465, 1.1650840E-02
3278.393, 1.3068350E-02
3280.322, 1.4362320E-02
3282.250, 1.3275700E-02
3284.179, 1.4510130E-02
3286.107, 1.5436860E-02
3288.036, 1.6369000E-02
3289.964, 1.6330531E-02
3291.893, 1.5707729E-02
3293.821, 1.4554390E-02
3295.750, 1.5523990E-02
3297.678, 1.4939820E-02
3299.606, 1.4769270E-02
3301.535, 1.4965040E-02
3303.463, 1.5031950E-02
3305.392, 1.5570960E-02
3307.320, 1.5973371E-02
3309.249, 1.5223390E-02
3311.177, 1.6319079E-02
3313.106, 1.7055459E-02
3315.034, 1.4357870E-02
3316.963, 1.3334570E-02
3318.891, 1.4817920E-02
3320.820, 1.5723281E-02
3322.748, 1.5821900E-02
3324.677, 1.6359320E-02
3326.605, 1.6146200E-02
3328.533, 1.5788680E-02
3330.462, 1.6716851E-02
3332.390, 1.7023681E-02
3334.319, 1.7001219E-02
3336.247, 1.5255530E-02
3338.176, 1.5828380E-02
3340.104, 1.5873440E-02
3342.033, 1.6498709E-02
3343.961, 1.6217999E-02
3345.890, 1.5589490E-02
3347.818, 1.5868161E-02
3349.747, 1.8099600E-02
3351.675, 1.9567249E-02
3353.604, 1.7267531E-02
3355.532, 1.5425520E-02
3357.460, 1.4493530E-02
3359.389, 1.4700750E-02
3361.317, 1.3982270E-02
3363.246, 1.5004700E-02
3365.174, 1.6548671E-02
3367.103, 1.4942440E-02
3369.031, 1.5367880E-02
3370.960, 1.6461110E-02
3372.888, 1.6535740E-02
3374.817, 1.6276630E-02
3376.745, 1.6683310E-02
3378.674, 1.8099381E-02
3380.602, 1.8783020E-02
3382.531, 1.5815159E-02
3384.459, 1.2203330E-02
3386.387, 1.1762090E-02
3388.316, 1.6920360E-02
3390.244, 1.9567240E-02
3392.173, 1.7469419E-02
3394.101, 1.6478350E-02
3396.030, 1.7073501E-02
3397.958, 1.7296551E-02
3399.887, 1.7145321E-02
3401.815, 1.7341839E-02
3403.744, 1.8577401E-02
3405.672, 1.9884320E-02
3407.601, 1.9922700E-02
3409.529, 1.8302750E-02
3411.458, 1.6621260E-02
3413.386, 1.6980231E-02
3415.314, 1.8168259E-02
3417.243, 1.8882699E-02
3419.171, 1.7745240E-02
3421.100, 1.8110570E-02
3423.028, 1.7468691E-02
3424.957, 1.9641889E-02
3426.885, 2.2533979E-02
3428.814, 2.3344010E-02
3430.742, 2.2131700E-02
3432.671, 1.8850001E-02
3434.599, 1.8064881E-02
3436.528, 2.0774281E-02
3438.456, 2.3110179E-02
3440.385, 2.3811329E-02
3442.313, 2.5969720E-02
3444.241, 2.8354909E-02
3446.170, 2.6625309E-02
3448.098, 2.6441930E-02
3450.027, 2.6357939E-02
3451.955, 2.8326090E-02
3453.884, 3.3058129E-02
3455.812, 3.3361301E-02
3457.741, 3.2924648E-02
3459.669, 3.4965970E-02
3461.598, 3.7011929E-02
3463.526, 3.7995819E-02
3465.455, 3.9855659E-02
3467.383, 4.4117201E-02
3469.312, 4.6959449E-02
3471.240, 5.1004611E-02
3473.168, 5.7136212E-02
3475.097, 6.1720971E-02
3477.025, 6.7583449E-02
3478.954, 7.2505243E-02
3480.882, 7.4934140E-02
3482.811, 7.5833358E-02
3484.739, 7.6384947E-02
3486.668, 7.8238763E-02
3488.596, 7.9521298E-02
3490.525, 8.1474863E-02
3492.453, 7.9992943E-02
3494.382, 6.9957197E-02
3496.310, 5.7752021E-02
3498.239, 4.9650829E-02
3500.167, 4.1559920E-02
3502.095, 3.3693619E-02
3504.024, 2.7721159E-02
3505.952, 2.4012331E-02
3507.881, 2.0312270E-02
3509.809, 1.6181400E-02
3511.738, 1.4081300E-02
3513.666, 1.5239220E-02
3515.595, 1.3150290E-02
3517.523, 1.1497320E-02
3519.452, 1.1964860E-02
3521.380, 1.1479010E-02
3523.309, 1.1898670E-02
3525.237, 1.2937560E-02
3527.166, 1.3639110E-02
3529.094, 1.3980600E-02
3531.022, 1.0333990E-02
3532.951, 9.2436448E-03
3534.879, 1.0396220E-02
3536.808, 1.3243360E-02
3538.736, 1.4309440E-02
3540.665, 1.1590220E-02
3542.593, 1.0678680E-02
3544.522, 1.0107130E-02
3546.450, 8.3156684E-03
3548.379, 9.5599880E-03
3550.307, 1.2752220E-02
3552.236, 1.3383870E-02
3554.164, 1.3481780E-02
3556.093, 1.3478630E-02
3558.021, 1.0071220E-02
3559.949, 9.9286335E-03
3561.878, 1.4402780E-02
3563.806, 1.3703720E-02
3565.735, 1.2456840E-02
3567.663, 1.2007720E-02
3569.592, 1.0566310E-02
3571.520, 8.5419854E-03
3573.449, 7.6828441E-03
3575.377, 1.1605020E-02
3577.306, 1.3677540E-02
3579.234, 1.0885870E-02
3581.163, 1.2152170E-02
3583.091, 1.4925050E-02
3585.020, 1.5566200E-02
3586.948, 1.5897291E-02
3588.876, 1.3985960E-02
3590.805, 1.1213910E-02
3592.733, 1.0235500E-02
3594.662, 1.1650330E-02
3596.590, 1.1151320E-02
3598.519, 1.3050910E-02
3600.447, 1.5121650E-02
3602.376, 1.3371250E-02
3604.304, 1.1179330E-02
3606.233, 9.9111274E-03
3608.161, 8.1016114E-03
3610.090, 9.3066059E-03
3612.018, 1.4378920E-02
3613.947, 1.5102300E-02
3615.875, 1.2970210E-02
3617.803, 1.0468130E-02
3619.732, 8.1814816E-03
3621.660, 8.8004312E-03
3623.589, 1.3212300E-02
3625.517, 1.3156820E-02
3627.446, 1.0289630E-02
3629.374, 1.0187490E-02
3631.303, 1.2198990E-02
3633.231, 1.3453600E-02
3635.160, 1.2306750E-02
3637.088, 1.2520740E-02
3639.017, 1.2052730E-02
3640.945, 1.0941620E-02
3642.874, 1.0391100E-02
3644.802, 1.1017420E-02
3646.730, 1.2778660E-02
3648.659, 1.1790870E-02
3650.587, 9.9791056E-03
3652.516, 8.7666111E-03
3654.444, 1.0859420E-02
3656.373, 1.0035760E-02
3658.301, 7.1799648E-03
3660.230, 7.6580951E-03
3662.158, 8.7044686E-03
3664.087, 1.3573740E-02
3666.015, 1.3564830E-02
3667.944, 1.2275050E-02
3669.872, 1.1157490E-02
3671.801, 1.1270560E-02
3673.729, 1.2629820E-02
3675.657, 1.4660400E-02
3677.586, 1.4850240E-02
3679.514, 1.4009040E-02
3681.443, 1.4609250E-02
3683.371, 1.4024220E-02
3685.300, 1.4906030E-02
3687.228, 1.5726320E-02
3689.157, 1.4002470E-02
3691.085, 1.3066750E-02
3693.014, 9.7664604E-03
3694.942, 8.5003925E-03
3696.871, 9.7790034E-03
3698.799, 1.0199450E-02
3700.728, 1.0833740E-02
3702.656, 1.1720900E-02
3704.584, 1.1701280E-02
3706.513, 1.1728530E-02
3708.441, 1.2459120E-02
3710.370, 1.1157440E-02
3712.298, 1.1472420E-02
3714.227, 1.2306420E-02
3716.155, 1.1098960E-02
3718.084, 1.1894090E-02
3720.012, 1.2372040E-02
3721.941, 1.3727980E-02
3723.869, 1.3086150E-02
3725.798, 1.2517810E-02
3727.726, 1.5898930E-02
3729.655, 1.7123271E-02
3731.583, 1.5371820E-02
3733.511, 1.5657529E-02
3735.440, 1.6055450E-02
3737.368, 1.6319890E-02
3739.297, 1.1545240E-02
3741.225, 8.4417555E-03
3743.154, 8.3165793E-03
3745.082, 9.8525984E-03
3747.011, 1.3637900E-02
3748.939, 1.2333070E-02
3750.868, 1.0541030E-02
3752.796, 1.3881670E-02
3754.725, 1.6090840E-02
3756.653, 1.6987851E-02
3758.582, 1.5373660E-02
3760.510, 1.2209060E-02
3762.438, 1.2665910E-02
3764.367, 1.3492040E-02
3766.295, 1.2700400E-02
3768.224, 1.3279530E-02
3770.152, 1.4348200E-02
3772.081, 1.3794940E-02
3774.009, 1.3906920E-02
3775.938, 1.1647920E-02
3777.866, 1.1369730E-02
3779.795, 1.5086500E-02
3781.723, 1.3274300E-02
3783.652, 1.1203350E-02
3785.580, 1.2503410E-02
3787.509, 1.3138370E-02
3789.437, 1.3996310E-02
3791.365, 1.6165020E-02
3793.294, 1.5570700E-02
3795.222, 1.4599780E-02
3797.151, 1.2951030E-02
3799.079, 1.2872610E-02
3801.008, 1.3584770E-02
3802.936, 1.6295800E-02
3804.865, 1.3955650E-02
3806.793, 1.2386390E-02
3808.722, 1.3695940E-02
3810.650, 1.4316630E-02
3812.579, 1.3277800E-02
3814.507, 1.1683390E-02
3816.436, 9.5682610E-03
3818.364, 1.1804790E-02
3820.292, 1.5039410E-02
3822.221, 1.5157680E-02
3824.149, 1.4954350E-02
3826.078, 1.4331240E-02
3828.006, 1.3679850E-02
3829.935, 1.4167390E-02
3831.863, 1.5564850E-02
3833.792, 1.5186640E-02
3835.720, 1.4809040E-02
3837.649, 1.2935760E-02
3839.577, 1.2290430E-02
3841.506, 1.1574460E-02
3843.434, 1.0529070E-02
3845.363, 8.8411914E-03
3847.291, 1.0115210E-02
3849.219, 1.3918340E-02
3851.148, 1.5285790E-02
3853.076, 1.5950659E-02
3855.005, 1.7662231E-02
3856.933, 1.3706950E-02
3858.862, 1.1304530E-02
3860.790, 1.5113000E-02
3862.719, 1.5181630E-02
3864.647, 1.1167810E-02
3866.576, 1.2468880E-02
3868.504, 1.5381970E-02
3870.433, 1.4763610E-02
3872.361, 1.1301960E-02
3874.290, 9.5055765E-03
3876.218, 1.3968560E-02
3878.146, 1.6167570E-02
3880.075, 1.2315680E-02
3882.003, 9.1818748E-03
3883.932, 1.2490100E-02
3885.860, 1.3689810E-02
3887.789, 1.5010980E-02
3889.717, 1.5306470E-02
3891.646, 1.4804720E-02
3893.574, 1.4796050E-02
3895.503, 1.4866920E-02
3897.431, 1.5686359E-02
3899.360, 1.5898090E-02
3901.288, 1.8416381E-02
3903.217, 1.5720621E-02
3905.145, 1.3042260E-02
3907.073, 1.4876990E-02
3909.002, 1.4646420E-02
3910.930, 1.3585710E-02
3912.859, 1.3859430E-02
3914.787, 1.1282410E-02
3916.716, 1.2719480E-02
3918.644, 1.4275160E-02
3920.573, 1.3124680E-02
3922.501, 1.2880210E-02
3924.430, 1.3641380E-02
3926.358, 1.6490189E-02
3928.287, 1.7607350E-02
3930.215, 1.4888130E-02
3932.144, 1.5497220E-02
3934.072, 1.4614920E-02
3936.000, 1.3004570E-02
3937.929, 1.6095780E-02
3939.857, 1.4163540E-02
3941.786, 1.5189290E-02
3943.714, 1.4915930E-02
3945.643, 1.0319210E-02
3947.571, 1.0312540E-02
3949.500, 1.3297350E-02
3951.428, 1.0928490E-02
3953.357, 9.1363713E-03
3955.285, 1.2838260E-02
3957.214, 1.7039521E-02
3959.142, 1.7392060E-02
3961.071, 1.4884540E-02
3962.999, 1.2918070E-02
3964.927, 1.4304800E-02
3966.856, 1.4571010E-02
3968.784, 1.6408280E-02
3970.713, 1.7896419E-02
3972.641, 1.4833090E-02
3974.570, 1.5355480E-02
3976.498, 1.8527551E-02
3978.427, 1.7968209E-02
3980.355, 2.0342240E-02
3982.284, 1.9916911E-02
3984.212, 1.5056590E-02
3986.141, 1.5564630E-02
3988.069, 1.8129131E-02
3989.998, 1.4504300E-02
3991.926, 1.3660150E-02
3993.854, 1.3863490E-02
3995.783, 1.6079411E-02
3997.711, 1.6122460E-02
3999.640, 1.6130241E-02
##END=



